47 0.27631440033783783 0.21560916385135134 0.06994298986486491 0.17419763513513514
47 0.6570418074324325 0.3805690456081081 0.055426520270270285 0.12404983108108109
56 0.5897381756756757 0.37924936655405406 0.06334459459459452 0.12404983108108109
16 0.43305821572580644 0.58544921875 0.0630040322580645 0.142546622983871
16 0.49527469758064513 0.5842678931451613 0.05670362903225801 0.14175907258064524
25 0.5523721018145161 0.5783612651209677 0.052765877016129004 0.1362462197580645
25 0.6051379788306452 0.5775737147177419 0.052765877016129004 0.1362462197580645
17 0.6708984375 0.577573714717742 0.055128528225806495 0.13152091733870963
18 0.7264207409274193 0.5763923891129032 0.05119077620967738 0.1323084677419355
26 0.7327211441532258 0.7256331905241935 0.05434097782258063 0.1362462197580645
24 0.4310893397177419 0.7327211441532258 0.060641381048387066 0.142546622983871
19 0.6755173141891893 0.7263249577702704 0.05014780405405406 0.14252533783783783
