17 0.357749773826434 0.32614228219696983 0.0675746372767857 0.17874581473214285
16 0.4366671882541023 0.32686282124758687 0.07387846132963316 0.17339640142374513
16 0.51220703125 0.32757568359375 0.0706263950892857 0.1774379185267857
16 0.5941685267857144 0.3267037527901786 0.0819614955357143 0.18790108816964285
14 0.6789434523809523 0.3257533482142857 0.07905505952380953 0.185546875
14 0.7640338441119692 0.3276945332609395 0.08465552606177595 0.18756912604568854
25 0.2924812707648947 0.6405174570936614 0.07456026252426456 0.19009050810997463
25 0.3728202693370165 0.6404307665745856 0.07229799723756908 0.19099620165745845
25 0.4480857216850828 0.6460959081491713 0.07715383287292821 0.19369388812154698
25 0.5267425304707332 0.6476845538347394 0.0758434863558311 0.1968711794926834
25 0.606170148480663 0.6533796616022098 0.08039105662983426 0.19854972375690616
