16 0.3589352235099338 0.699438638245033 0.040097268211920556 0.10412355132450324
16 0.4006493170529801 0.699438638245033 0.03686361754966888 0.10153663079470199
16 0.4419538148454746 0.7010025492925949 0.040571536975717415 0.10228918949428067
16 0.48373356129590606 0.7003558191601444 0.03884496350090311 0.10099572922937994
25 0.5257509608957218 0.7004529439616756 0.04047251002673791 0.10414925913547235
25 0.5668457901626559 0.7010763511725713 0.03936713179590012 0.10362050537544565
25 0.6068004261363635 0.7018161712483288 0.039358428030303094 0.10214086522393051
25 0.6478560884581105 0.7021436504289216 0.042752896613190705 0.10220396752450978
28 0.6914924172794117 0.6627699908088235 0.0445197610294118 0.1795151654411764
28 0.7421156939338235 0.6654627182904411 0.052418428308823595 0.18274643841911753
