0 0.4236970442737906 0.23815183273478308 0.07078581010106749 0.22148983115205548
2 0.3511801713407966 0.2279041914282836 0.06754547923621507 0.2397338965551974
9 0.20744157037815125 0.22508534663865545 0.07878151260504201 0.24044774159663868
3 0.2817095588235294 0.22795758928571425 0.06647190126050417 0.23798581932773108
56 0.24330595619658119 0.4292284321581197 0.04340277777777776 0.07887620192307693
47 0.2850393963675214 0.4292284321581197 0.03672542735042733 0.07971087072649574
51 0.36738606331533963 0.4248793683929375 0.03698900697255958 0.08590499184660377
52 0.3269595387708052 0.42630709134615385 0.04131610576923078 0.08889222756410259
17 0.4054403712606838 0.4334017761752137 0.03881209935897434 0.06802550747863245
15 0.4442524706196581 0.4327757745726496 0.03380408653846151 0.06677350427350426
14 0.48056056356837606 0.43256710737179493 0.037142761752136766 0.06468683226495725
16 0.5183293269230769 0.4336104433760684 0.03505608974358976 0.06426949786324787
16 0.5569327590811965 0.4334017761752137 0.03714276175213682 0.06385216346153844
16 0.5944928552350428 0.4340277777777778 0.03630809294871795 0.060930822649572614
19 0.6342476086738782 0.435752933860844 0.03735873230502129 0.06749653612446582
25 0.250400641025641 0.5227113381410257 0.040898771367521375 0.05550547542735046
25 0.28900407318376065 0.5231286725427351 0.03630809294871801 0.054670806623931645
25 0.32572950053418803 0.5212506677350428 0.038812099358974395 0.05258413461538469
25 0.36412426549145305 0.5218766693376069 0.03463875534188038 0.053001469017094016
25 0.39834568643162394 0.5218766693376069 0.03463875534188038 0.053001469017094016
25 0.43256710737179493 0.521042000534188 0.03463875534188038 0.053001469017094016
25 0.46720586271367526 0.5197899973290598 0.03463875534188038 0.053001469017094016
25 0.5016359508547009 0.5187466613247864 0.033386752136752185 0.050080128205128194
25 0.5366920405982907 0.518329326923077 0.03338675213675224 0.050080128205128194
25 0.5702874599358974 0.5185379941239316 0.03130008012820518 0.04799345619658113
25 0.6028395432692306 0.5164513221153846 0.03130008012820518 0.04799345619658113
25 0.5940755208333333 0.5907368456196581 0.03130008012820518 0.04799345619658113
25 0.5623581063034186 0.5919888488247864 0.03130008012820518 0.04799345619658113
25 0.5302233573717947 0.5924061832264959 0.03130008012820518 0.04799345619658113
25 0.49767127403846156 0.593658186431624 0.03130008012820534 0.04799345619658113
25 0.43423644497863245 0.5961621928418805 0.03130008012820534 0.04799345619658113
25 0.4667885283119658 0.5957448584401712 0.03130008012820534 0.04799345619658113
25 0.40251903044871795 0.5978315304487181 0.03130008012820534 0.04799345619658113
25 0.36913227831196593 0.5992922008547009 0.03296941773504286 0.05174946581196571
25 0.3340761885683762 0.6017962072649574 0.03296941773504286 0.05174946581196571
25 0.2990200988247864 0.6022135416666669 0.03296941773504286 0.05174946581196571
25 0.2631293402777779 0.6038828792735044 0.03296941773504283 0.05174946581196571
25 0.26563334668803423 0.6681523771367522 0.032134748931623824 0.038394764957264904
25 0.2981854300213676 0.6677350427350429 0.032134748931623824 0.038394764957264904
25 0.33157218215811973 0.6664830395299147 0.032134748931623824 0.038394764957264904
25 0.36328959668803423 0.6643963675213677 0.032134748931623824 0.038394764957264904
25 0.39584168002136755 0.6623096955128206 0.032134748931623824 0.038394764957264904
25 0.426933092948718 0.6608490251068377 0.028378739316239243 0.03630809294871795
25 0.45781583867521375 0.6593883547008548 0.030048076923076872 0.03422142094017089
25 0.48744658119658124 0.6575103498931625 0.0283787393162393 0.034638755341880434
24 0.5170773237179487 0.6531283386752137 0.029213408119658113 0.036725427350427386
24 0.5471254006410258 0.6531283386752137 0.028378739316239243 0.03338675213675213
24 0.5763388087606838 0.6510416666666666 0.028378739316239243 0.03338675213675213
24 0.27502337072649574 0.7207365117521368 0.03088274572649574 0.04173344017094016
24 0.3052801148504274 0.7219885149572651 0.028796073717948678 0.04173344017094027
24 0.33532819177350426 0.7203191773504274 0.028796073717948678 0.04173344017094027
24 0.3649589342948718 0.7211538461538463 0.028796073717948678 0.04173344017094027
24 0.39500701121794873 0.7186498397435896 0.028796073717948678 0.04173344017094027
24 0.4238030849358974 0.7157284989316239 0.028796073717948678 0.04173344017094027
24 0.45385116185897434 0.7157284989316239 0.028796073717948678 0.04173344017094027
24 0.48202123397435903 0.714267828525641 0.02587473290598291 0.03964676816239321
24 0.5095653044871795 0.7125984909188035 0.025874732905982967 0.03964676816239321
26 0.5391438802083335 0.7112943209134616 0.025457398504273532 0.04048143696581197
26 0.5677834535256412 0.7092598157051282 0.025457398504273532 0.04048143696581197
28 0.5583934294871795 0.83362546741453 0.03338675213675213 0.08555355235042739
28 0.527302016559829 0.8346688034188035 0.029630742521367437 0.08430154914529908
28 0.49641927083333354 0.8355034722222223 0.02963074252136788 0.08430154914529908
28 0.4626151842948718 0.837798811431624 0.032969417735042805 0.08555355235042739
28 0.42901976495726496 0.8451021634615385 0.03255208333333337 0.0843015491452993
29 0.3818609775641026 0.8298694577991454 0.04590678418803418 0.12311364850427353
29 0.3342848557692307 0.8365468082264957 0.04507211538461536 0.12311364850427353
29 0.2850393963675214 0.8403028178418803 0.05008012820512825 0.1239483173076924
