17 0.25422254554655865 0.2682581604251012 0.052188765182186236 0.09686551113360323
17 0.30720204959514164 0.2664789979757085 0.050607287449392746 0.08856275303643726
17 0.3613676619433198 0.268060475708502 0.05139802631578949 0.08698127530364372
15 0.4121726341093117 0.27102574645748984 0.0494211791497976 0.08895812246963561
15 0.4643613992914979 0.2720141700404858 0.050211918016194346 0.08698127530364366
14 0.5139802631578947 0.276363233805668 0.050607287449392746 0.08619053643724697
14 0.5635991270242915 0.2775493421052631 0.04863044028340091 0.08698127530364372
16 0.6151948380566801 0.28130535172064774 0.05060728744939269 0.08342295040485825
16 0.668174342105263 0.2824914600202429 0.05060728744939269 0.08342295040485825
16 0.2813717554671502 0.38892826978764483 0.05411218404639462 0.07804958976833981
16 0.3296343037296985 0.3911905767374518 0.04204654698075755 0.07578728281853286
16 0.3743148659883857 0.3926987813706564 0.045440007405468 0.07503318050193047
16 0.41993805614282587 0.3953381394787645 0.045440007405468 0.07503318050193047
16 0.46405304166406136 0.39646929295366795 0.04242359813905877 0.07503318050193047
16 0.507225399289544 0.39741192084942084 0.04280064929735983 0.07465612934362931
19 0.5499291143822393 0.4023135859073359 0.04185267857142849 0.07465612934362936
19 0.5921588441119692 0.4026906370656371 0.04185267857142849 0.07465612934362936
19 0.6355197273166022 0.40344473938223946 0.04185267857142849 0.07465612934362936
19 0.29640847978803947 0.497929708805493 0.04305955064696931 0.06113698108789889
19 0.3399726061820915 0.4990188119653443 0.04305955064696931 0.06113698108789889
25 0.38201382434944237 0.4989108968401487 0.03884467936802971 0.06207888011152429
25 0.42212912407063197 0.5005445515799256 0.039933782527881045 0.061715845724907126
25 0.46315200975836435 0.501633654739777 0.039933782527881045 0.061715845724907126
25 0.5041748954460968 0.5027227578996282 0.039933782527881156 0.061715845724907126
25 0.5441086779739778 0.5039933782527881 0.037755576208178265 0.05990067379182157
25 0.5825903229553904 0.5043564126394051 0.037755576208178265 0.05990067379182146
26 0.6227056226765799 0.5038118610594795 0.039570748141263934 0.06171584572490718
25 0.3612878611862116 0.6094493670440464 0.05547825490030417 0.04430119620930495
25 0.35551231412639406 0.6083657644052045 0.0366664730483271 0.05227695167286239
25 0.3925418215613383 0.609817901951673 0.0366664730483271 0.05227695167286239
51 0.4288452602230483 0.5974747328066915 0.03666647304832715 0.08204577137546476
52 0.5001815171933086 0.5965671468401488 0.034851301115241706 0.07950453066914498
54 0.4651474160777385 0.5974837124558303 0.033127208480565384 0.08040249558303891
56 0.5369230344522968 0.6005893882508834 0.035887809187279074 0.07212069346289751
47 0.5757439818904593 0.6023147636925794 0.03623288427561844 0.06866994257950532
47 0.612321941254417 0.6040401391342756 0.03623288427561844 0.06866994257950532
13 0.5754449600563909 0.7292719102443608 0.06424753289473684 0.08260397086466165
0 0.5190906954887218 0.7098140859962405 0.044789708646616466 0.1046316964285714
0 0.47062969924812037 0.7098140859962405 0.04846099624060157 0.10610021146616544
2 0.41959880169172936 0.7079784421992481 0.04699248120300753 0.10756872650375937
2 0.36966929041353386 0.7090798284774436 0.04846099624060152 0.10756872650375937
8 0.3190055216165414 0.7074277490601504 0.05213228383458646 0.1138099154135338
29 0.5558634299307958 0.8337951448961938 0.052038278546712835 0.1064419333910035
29 0.5045009731833907 0.8339641003460208 0.0500108131487883 0.10542820069204151
28 0.46141733347750863 0.8474805363321799 0.03615646626297575 0.08245025951557095
