17 0.37424660942470356 0.22466370299622251 0.02654863382916428 0.07372644445398355
17 0.40486920755539685 0.22428333642098022 0.030698247835634795 0.07187138519375352
15 0.4339179529352226 0.22733742408906882 0.02648975202429149 0.07432945344129552
15 0.4629776062753036 0.23050037955465585 0.030048076923076983 0.07512019230769229
14 0.4936187373481781 0.231686487854251 0.028861968623481782 0.07512019230769229
14 0.5232714448380567 0.23287259615384606 0.028861968623481782 0.07512019230769212
16 0.5541102606275303 0.23405870445344126 0.028861968623481782 0.07512019230769224
16 0.5841583375506074 0.23405870445344126 0.028861968623481782 0.07512019230769224
16 0.6142064144736843 0.23484944331983804 0.028861968623481782 0.07512019230769229
19 0.37158203125 0.32242838541666663 0.02897135416666663 0.06608072916666669
19 0.40022786458333337 0.32275390625 0.027018229166666685 0.06608072916666669
18 0.4287109375 0.32763671875 0.02994791666666663 0.07063802083333337
23 0.4578450520833333 0.32861328125 0.0283203125 0.0732421875
25 0.48844401041666663 0.33056640625 0.028971354166666685 0.0732421875
25 0.5172526041666667 0.33089192708333337 0.02864583333333337 0.07259114583333331
25 0.5458984375 0.3318684895833333 0.02799479166666674 0.0712890625
25 0.5748697916666667 0.3330078125 0.02994791666666663 0.07096354166666663
24 0.6046549479166667 0.33447265625 0.02897135416666663 0.07454427083333337
56 0.564453125 0.44417317708333337 0.02799479166666674 0.07584635416666669
47 0.5931193033854167 0.4449986049107143 0.02738444010416663 0.07310267857142855
26 0.47981770833333337 0.54052734375 0.026041666666666685 0.0615234375
26 0.45279947916666663 0.54052734375 0.026041666666666685 0.0615234375
26 0.42578125 0.5402018229166667 0.026041666666666685 0.0615234375
26 0.39778645833333337 0.5392252604166667 0.026041666666666685 0.0615234375
26 0.37109375 0.5359700520833334 0.026041666666666685 0.0615234375
59 0.5068359375 0.5310872395833334 0.024088541666666685 0.08886718750000006
52 0.5074869791666667 0.43473307291666663 0.02473958333333337 0.08821614583333331
34 0.39794921875 0.44091796875 0.02897135416666663 0.06803385416666663
51 0.4813516695205479 0.43479104238013694 0.02557791095890416 0.09028520976027399
54 0.53515625 0.43505859375 0.02994791666666663 0.09147135416666663
46 0.4342315051020408 0.628547512755102 0.06337691326530615 0.04623724489795911
46 0.49920280612244894 0.6329320790816326 0.06337691326530615 0.04623724489795911
45 0.5679607780612244 0.6199776785714285 0.07174744897959184 0.054607780612244916
41 0.3656728316326531 0.7435427295918366 0.04583864795918363 0.05779655612244894
41 0.3630819515306123 0.7963568239795917 0.0454400510204081 0.04783163265306123
41 0.36228475765306123 0.8453842474489794 0.0454400510204081 0.04783163265306123
41 0.4188855229591837 0.8465800382653059 0.0454400510204081 0.04783163265306123
41 0.41968271683673475 0.7971540178571426 0.0454400510204081 0.04783163265306123
41 0.4188855229591837 0.7477279974489793 0.0454400510204081 0.04783163265306123
42 0.4693080357142857 0.7537069515306122 0.045041454081632626 0.043048469387755084
42 0.4693080357142857 0.7917729591836734 0.04583864795918369 0.02989477040816335
42 0.46871014030612246 0.8244579081632653 0.04225127551020408 0.032286352040816424
42 0.46751434948979587 0.8575414540816326 0.04225127551020408 0.032286352040816424
61 0.5173389668367346 0.750518176020408 0.043048469387755084 0.05899234693877553
61 0.5161431760204082 0.8055245535714285 0.04304846938775514 0.04942602040816335
61 0.5133529974489796 0.8553491709183674 0.041454081632653184 0.04783163265306134
44 0.5703523596938775 0.7560985331632653 0.043048469387755084 0.04145408163265307
44 0.5677614795918366 0.7951610331632653 0.04264987244897955 0.035873724489795866
44 0.5657684948979591 0.8314333545918366 0.04264987244897955 0.035873724489795866
44 0.5643866921768708 0.868429793792517 0.04264987244897955 0.035873724489795866
33 0.37044270833333337 0.43815104166666663 0.028645833333333315 0.06770833333333331
59 0.5335910744863014 0.5337627532819635 0.02408854166666674 0.08886718750000006
