17 0.30429372479838707 0.4330582157258064 0.06064138104838712 0.09135584677419356
17 0.3641475554435484 0.44014616935483863 0.05434097782258063 0.08978074596774194
17 0.4177009828629032 0.44565902217741926 0.05434097782258063 0.08978074596774194
17 0.47361706149193566 0.4535345262096774 0.05434097782258107 0.08978074596774194
17 0.5303206905241937 0.455109627016129 0.05434097782258107 0.08978074596774199
17 0.5866305443548387 0.4578660534274194 0.055128528225806384 0.09371849798387105
17 0.6417590725806452 0.4618038054435484 0.055128528225806384 0.09371849798387116
17 0.7000378024193548 0.46810420866935476 0.055128528225806384 0.09371849798387094
14 0.7606791834677419 0.47873613911290325 0.059853830645161255 0.09608114919354849
14 0.3314642137096774 0.5693044354838709 0.05197832661290325 0.06772933467741948
16 0.3822612147177419 0.5740297379032258 0.04804057459677419 0.06772933467741937
16 0.4310893397177419 0.5763923891129032 0.04804057459677419 0.06772933467741937
16 0.4791299143145161 0.5779674899193548 0.044890372983870996 0.069304435483871
19 0.5256310616208205 0.5842709858088453 0.04516339045698925 0.06683677755376338
25 0.5711263020833334 0.587890625 0.0458984375 0.06575520833333326
25 0.6184895833333333 0.5891927083333334 0.04817708333333337 0.06640625
25 0.6676432291666665 0.5945638020833334 0.04882812500000011 0.0673828125
25 0.7179361979166665 0.59912109375 0.05305989583333359 0.06868489583333326
25 0.34671994626030633 0.6437968151869846 0.04499319051825673 0.04781935549175487
25 0.3908895575677268 0.6456947281728505 0.04292273998822138 0.051615181463486315
25 0.43264364325677274 0.6496630916887514 0.040852289458185975 0.054030707081860974
25 0.4740526538574794 0.6503532418654299 0.040852289458185975 0.054030707081860974
25 0.5151165893698468 0.6554563272968197 0.04154243963486437 0.054866939045936314
25 0.5578000772968198 0.6583894655477032 0.04175408568904593 0.05659231448763247
25 0.5995541629858657 0.6627029041519434 0.04175408568904593 0.05279648851590102
25 0.6414807862190812 0.6677064929328621 0.042789310954063575 0.056592314487632356
25 0.6870306978798586 0.671329781360424 0.045549911660777265 0.0562472393992931
25 0.6700009451858049 0.7310255320829335 0.04395470494114606 0.04806379510565606
25 0.6289335817752089 0.729349906870861 0.038134133749093135 0.05076831539735105
25 0.5919082816924274 0.7269246688741722 0.0365173084179673 0.05303187086092731
25 0.5548944536423841 0.7228826055463575 0.03621688741721851 0.050121585264900737
25 0.5168990583609272 0.7186788596854305 0.03848044288079466 0.05270850579470199
25 0.4776102028145695 0.7154452090231789 0.038803807947019875 0.05141504552980125
25 0.43961480753311255 0.7125349234271523 0.03524679221854299 0.052061775662251675
25 0.40420633278145696 0.7076844474337749 0.03492342715231789 0.04688793460264906
25 0.3689595405629139 0.7047741618377483 0.03492342715231789 0.04688793460264906
25 0.37251655629139074 0.7566742549668873 0.0355701572847682 0.04268418874172197
26 0.40857176117549665 0.758776127897351 0.035893522350993357 0.045594474337748436
26 0.4428484581953642 0.7615247309602649 0.03265987168874174 0.043330918874172175
26 0.47647842508278143 0.7655667942880795 0.03330660182119205 0.041067363410595914
26 0.5110784871688742 0.7689621274834437 0.03460006208609262 0.0400972682119205
26 0.546001914321192 0.7713873654801324 0.03330660182119194 0.041067363410595914
26 0.5806019764072847 0.7759144764072847 0.03330660182119194 0.041067363410595914
26 0.6152020384933774 0.7794714921357617 0.03330660182119194 0.041067363410595914
26 0.6481852752483444 0.782058412665563 0.03330660182119194 0.041067363410595914
