17 0.2733979630566802 0.05179339574898785 0.03835083502024289 0.09172570850202427
17 0.3113534286437247 0.043095268218623486 0.036769357287449345 0.06800354251012145
17 0.3489135247975708 0.045467484817813784 0.036769357287449345 0.06800354251012149
17 0.3876597292510121 0.045072115384615405 0.036769357287449345 0.0680035425101215
17 0.42581287955465585 0.046851277834008095 0.036373987854251 0.06523595647773278
17 0.46376834514170034 0.04665359311740891 0.035583248987854255 0.06642206477732793
15 0.5009330718623481 0.048037386133603234 0.0371647267206478 0.06681743421052631
15 0.5379001138663968 0.04704896255060729 0.036769357287449345 0.06563132591093117
15 0.574669471153846 0.04863044028340082 0.036769357287449345 0.0656313259109312
15 0.6126249367408905 0.04981654858299595 0.036769357287449345 0.06563132591093117
14 0.6521618800607287 0.049816548582995945 0.039141573886639636 0.06800354251012145
14 0.6928849316801619 0.05060728744939271 0.039141573886639636 0.06800354251012146
14 0.7320265055668016 0.05060728744939272 0.039141573886639636 0.06800354251012147
19 0.27437650240384615 0.17690805288461536 0.03793569711538458 0.09314903846153846
19 0.3123121995192307 0.16526442307692307 0.03643329326923078 0.06685697115384617
19 0.34912109375 0.16582782451923075 0.03493088942307693 0.06573016826923078
16 0.3874323918269231 0.16620342548076922 0.03718449519230771 0.06648137019230768
16 0.42611929086538464 0.16733022836538464 0.03718449519230771 0.06648137019230768
16 0.4640549879807692 0.16920823317307693 0.03718449519230771 0.06648137019230768
16 0.5019906850961539 0.16808143028846156 0.03718449519230771 0.06648137019230768
16 0.540301983173077 0.16920823317307693 0.03718449519230771 0.06648137019230768
16 0.5789888822115384 0.16995943509615385 0.03718449519230771 0.06648137019230768
16 0.6173001802884615 0.17071063701923078 0.03718449519230771 0.06648137019230768
16 0.6548602764423076 0.17183743990384615 0.03718449519230771 0.06648137019230768
18 0.6924203725961539 0.17183743990384615 0.03718449519230771 0.06798377403846154
18 0.7303560697115385 0.17071063701923078 0.03718449519230771 0.06798377403846154
25 0.7108248197115384 0.2867713341346153 0.0341796875 0.06798377403846151
25 0.6743915264423077 0.2869591346153846 0.035682091346153855 0.06685697115384615
25 0.6377704326923077 0.2880859375 0.034555288461538436 0.06460336538461536
25 0.6024639423076923 0.28771033653846156 0.034555288461538436 0.06460336538461536
25 0.5667818509615383 0.2880859375 0.034555288461538436 0.06460336538461536
25 0.530724158653846 0.2869591346153846 0.034555288461538436 0.06460336538461536
25 0.4946664663461537 0.2880859374999999 0.034555288461538214 0.06460336538461536
25 0.45898437499999983 0.287334735576923 0.034555288461538214 0.06460336538461536
25 0.4240534855769229 0.287334735576923 0.034555288461538214 0.06460336538461536
25 0.3887469951923075 0.28658353365384603 0.034555288461538214 0.06460336538461536
25 0.3523137019230767 0.28583233173076916 0.034555288461538214 0.06460336538461536
25 0.3171950120192307 0.28526893028846145 0.0356820913461538 0.06497896634615391
25 0.281700721153846 0.2939077524038461 0.03155048076923039 0.08676382211538469
24 0.28584706591639875 0.421498191318328 0.03736686093247593 0.06688354099678456
24 0.3224289087620579 0.42181219855305463 0.035796824758842494 0.06499949758842444
26 0.35822573352090037 0.4230682274919614 0.03391278135048231 0.06562751205787781
26 0.3933945438102894 0.4240102491961415 0.03391278135048231 0.06562751205787781
26 0.42824934686495175 0.42432425643086813 0.03391278135048231 0.06562751205787781
59 0.4637321643890675 0.4087808983118971 0.03202873794212219 0.09483018488745981
54 0.5312437198553055 0.4094089127813505 0.03328476688102888 0.09608621382636656
54 0.564842493971061 0.40972292001607713 0.03328476688102888 0.09608621382636656
52 0.632354049437299 0.41144995980707394 0.03202873794212224 0.09577220659163987
34 0.7052037278938906 0.42353923834405144 0.035796824758842494 0.06719754823151125
51 0.5992262861736334 0.41144995980707394 0.03297075964630225 0.09702823553054662
50 0.29560319767441856 0.603523195251938 0.02952398255813954 0.11317526647286824
47 0.3319404069767442 0.5259281128875969 0.033309108527131814 0.08592235949612403
56 0.32949697298068936 0.606098432741556 0.03330910852713176 0.07116036821705418
9 0.3752800993217054 0.5598049903100775 0.05109920058139539 0.16276041666666669
8 0.42600078730620156 0.5618868095930232 0.045042999031007724 0.161624878875969
3 0.47539668120155043 0.5630223473837209 0.049963662790697694 0.16086785368217055
6 0.527057827407573 0.5645363977713178 0.04731407461240311 0.1601108284883721
1 0.5770273134689923 0.5647256540697674 0.05109920058139539 0.16048934108527135
2 0.6292620518410853 0.5651041666666666 0.051856225775193776 0.16124636627906974
0 0.6816860465116279 0.5658611918604651 0.05147771317829464 0.1604893410852713
29 0.6834956478310503 0.777138627283105 0.05261843607305938 0.2051227168949772
29 0.6295394549086759 0.7793682220319634 0.05261843607305938 0.2051227168949772
29 0.5755832619863013 0.7793682220319634 0.05261843607305938 0.2051227168949772
28 0.528761772260274 0.8157106164383561 0.04459189497716898 0.13422160388127857
28 0.4832780393835615 0.8166024543378996 0.044591894977168645 0.13422160388127857
28 0.43890910388127835 0.8143728595890412 0.038794948630136716 0.13332976598173518
13 0.32230129851598177 0.823068279109589 0.0642123287671233 0.11326341324200917
12 0.3874054651826484 0.8261897117579908 0.06153681506849318 0.10880422374429222
33 0.6661805848817568 0.42616395692567566 0.0345096072635136 0.06717166385135132
