9 0.3393397177419355 0.23695816532258063 0.07560483870967744 0.26146673387096775
8 0.41415700604838707 0.23971459173387097 0.06772933467741937 0.2575289818548387
2 0.48464276713709675 0.24050214213709675 0.07166708669354843 0.2543787802419355
2 0.5586218043705871 0.24614990908226458 0.06841548374117412 0.25109280151632196
13 0.637044331836194 0.29450208418488993 0.09055055306580961 0.16345895922746778
12 0.7312053613610067 0.2974584868683171 0.09360254453052419 0.15470902360379135
17 0.34788285559144666 0.4498812680445433 0.039237429520624256 0.07471924783051137
17 0.3909893018891209 0.4492368209026455 0.044542505493281426 0.07291501713510634
17 0.43496905190565505 0.4491018721468257 0.04467401930426779 0.07431509992745411
15 0.4792270281456954 0.44915407698675497 0.038803807947019875 0.0756674254966887
14 0.5209411216887417 0.4494774420529801 0.043330918874172175 0.07760761589403975
16 0.5644282444267517 0.4496666003184714 0.043018511146496796 0.07722929936305728
16 0.6085730546357617 0.45012417218543044 0.04397764900662249 0.07372723509933776
19 0.6525183671357616 0.45068574951710816 0.042619515728476776 0.073897540700883
18 0.697946847406181 0.4521570605684327 0.04681463852097123 0.06707453780353201
25 0.37813548034471045 0.5552509221708375 0.03840051366955338 0.07573363242114539
25 0.4185970524693815 0.5567791330366998 0.040422581759955 0.07361621309326716
25 0.4565914735099338 0.5581281043046358 0.03492342715231789 0.07243377483443703
25 0.49399890007836067 0.5586611832608644 0.038390929163131526 0.07298212065775833
24 0.5338678660911023 0.5619399959027744 0.03943482158617784 0.07774459428716651
24 0.5744709866400772 0.5637179093459351 0.040446526260286775 0.07806914819554689
24 0.616864372702206 0.5645206335819128 0.04039091222426472 0.07716138435132569
24 0.656974585554305 0.5647768865130494 0.03803436182552178 0.07623776889006917
24 0.6956066653943768 0.5649904144525518 0.038060261926478045 0.07581071301106412
24 0.37952989922472935 0.6326550386396081 0.04207231232898445 0.056265521523178874
24 0.41870935281754373 0.6344093425318237 0.037394168616409595 0.05509598559503526
26 0.45602509469696967 0.6322502367424242 0.03491950757575757 0.05593039772727271
26 0.49212831439393945 0.6328420928030303 0.034919507575757736 0.05593039772727271
26 0.5294152462121213 0.6328420928030303 0.03491950757575768 0.05593039772727271
26 0.5641867897727273 0.6334339488636362 0.03343986742424232 0.054154829545454475
26 0.600290009469697 0.6334339488636362 0.034623579545454475 0.05356297348484851
26 0.6358013731060606 0.6343217329545454 0.034623579545454475 0.05356297348484851
26 0.6716086647727271 0.6340258049242424 0.034623579545454475 0.05356297348484851
26 0.39416707734230055 0.7039780578424552 0.033772031539888725 0.04692271084570199
26 0.4290443094851577 0.7029815654955164 0.033772031539888725 0.04692271084570199
26 0.46441978780148424 0.7044763040159245 0.03177904684601118 0.045926218498763216
26 0.49780228142393323 0.7044763040159245 0.03177904684601124 0.045926218498763216
26 0.5306865288729128 0.7044763040159245 0.03177904684601118 0.045926218498763216
34 0.4277443399234694 0.7720324457908163 0.03238600127551022 0.047333386479591844
34 0.4598812181122449 0.7720324457908163 0.02989477040816324 0.04633689413265307
34 0.49176897321428575 0.7710359534438775 0.02989477040816324 0.04633689413265307
34 0.524154974489796 0.7720324457908163 0.02989477040816324 0.04633689413265307
34 0.5575374681122449 0.7710359534438775 0.02989477040816324 0.04633689413265307
59 0.6449796715561225 0.9038185586734694 0.030393016581632626 0.06377551020408156
28 0.5298848054846939 0.9058115433673469 0.03537547831632659 0.09566326530612246
28 0.45415138711734704 0.9068080357142857 0.03537547831632676 0.09566326530612246
28 0.49151985012755106 0.9073062818877551 0.0353754783163267 0.09566326530612246
29 0.4088109853316326 0.8901167889030612 0.052315848214285754 0.1390106823979591
51 0.5615234375 0.9062377161949685 0.026717275943396235 0.07001768867924518
52 0.5890084512578616 0.9030132173742138 0.028252751572326984 0.07216735455974843
33 0.5645087017276422 0.7051178226626016 0.03136115345528456 0.04708142784552838
33 0.5986486915650406 0.7051178226626016 0.03136115345528456 0.04708142784552838
33 0.632788681402439 0.7067057291666667 0.03136115345528456 0.04708142784552838
33 0.6669286712398372 0.7074996824186992 0.03136115345528456 0.04708142784552838
33 0.39380875254065045 0.7694280360772359 0.031361153455284674 0.04708142784552838
