17 0.2809273856026786 0.2477940150669643 0.0614711216517857 0.1251220703125
17 0.3389107840401786 0.24910191127232145 0.05275181361607145 0.1251220703125
14 0.3925345284598214 0.24910191127232145 0.05362374441964285 0.1251220703125
19 0.44724818638392855 0.2477940150669643 0.0523158482142857 0.12425013950892858
16 0.49934605189732145 0.24692208426339288 0.05275181361607151 0.12425013950892855
16 0.5538417271205358 0.2473580496651786 0.05275181361607151 0.12425013950892858
16 0.6079014369419642 0.2469220842633929 0.05275181361607151 0.12425013950892858
16 0.6641409737723214 0.24714006696428586 0.05536760602678581 0.12468610491071452
16 0.7179827008928572 0.24539620535714285 0.0497000558035714 0.12468610491071427
25 0.30517578125 0.35839080810546875 0.05035400390625 0.0682830810546875
25 0.35552978515625 0.35915374755859375 0.049591064453125 0.0690460205078125
25 0.40378570556640625 0.35915374755859375 0.0446319580078125 0.0690460205078125
25 0.45032501220703125 0.35953521728515625 0.0446319580078125 0.0690460205078125
25 0.49877166748046875 0.3582000732421875 0.0476837158203125 0.06866455078125
25 0.5483627319335938 0.357818603515625 0.0476837158203125 0.06866455078125
25 0.5960464477539062 0.35648345947265625 0.0446319580078125 0.0690460205078125
25 0.6418228149414062 0.35572052001953125 0.0446319580078125 0.0690460205078125
25 0.6887435913085938 0.3551483154296875 0.0461578369140625 0.069427490234375
25 0.32161350163938773 0.45823317307692313 0.04699499898366799 0.06981759049773756
25 0.3677903257344104 0.458675056561086 0.04213428065787611 0.06893382352941174
25 0.4119786741507 0.45911694004524883 0.04213428065787611 0.06893382352941174
25 0.4552832555986639 0.45779128959276016 0.04213428065787622 0.06893382352941174
25 0.4990297205307906 0.45779128959276016 0.04213428065787628 0.06893382352941174
25 0.5429971272049986 0.45712846436651583 0.043459931110364725 0.06849194004524894
25 0.5863017086529625 0.4566865808823529 0.0416923971737132 0.06760817307692313
25 0.6287225231326004 0.45624469739819 0.0416923971737132 0.06760817307692313
25 0.6725466628959276 0.4549190469457014 0.043304581447963786 0.06760817307692307
25 0.3368073163869467 0.5504744123104706 0.04527242862961539 0.0599612630983567
25 0.37981033173782386 0.5503015350877192 0.04081793301558029 0.060992324561403355
26 0.42009320175438597 0.5482456140350878 0.03837719298245612 0.05756578947368418
26 0.45847039473684215 0.5496162280701753 0.03837719298245612 0.05756578947368418
26 0.49684758771929827 0.5492735745614035 0.03837719298245612 0.05756578947368418
26 0.5770285087719298 0.5489309210526314 0.03837719298245612 0.05756578947368418
26 0.536938048245614 0.5489309210526314 0.03837719298245612 0.05756578947368418
26 0.6164336622807017 0.5503015350877192 0.03837719298245612 0.05756578947368418
26 0.6578947368421052 0.5492735745614032 0.03837719298245612 0.05756578947368418
28 0.4848166961130742 0.7506970516784452 0.044169611307420364 0.11629030477031799
28 0.5274334695229681 0.7399997239399292 0.04037378533568903 0.12112135600706708
29 0.4285484724178684 0.7202779831648123 0.06560623537627736 0.180579192680976
