8 0.26460021219135804 0.21064814814814817 0.08198302469135801 0.27548707561728397
6 0.1786988811728395 0.2097439236111111 0.08861400462962962 0.27608989197530864
9 0.34820432411578245 0.20303148200283616 0.08258584104938271 0.27850115740740744
3 0.4267578125 0.20914110725308643 0.0747492283950617 0.2797067901234568
1 0.5066309799382716 0.2121551890432099 0.08138020833333337 0.2797067901234568
0 0.5852985146604939 0.2127580054012346 0.07354359567901225 0.27729552469135804
2 0.6615547839506173 0.21336082175925927 0.08138020833333337 0.2760898919753086
4 0.7487801580412259 0.2137664310515873 0.09186490713183415 0.2740730406746032
17 0.22779093608597287 0.4348133484162896 0.048165299773755665 0.06805005656108598
17 0.2735258766968326 0.4353657027714932 0.04153704751131221 0.06827099830316741
17 0.31594669117647056 0.43503429015837103 0.04286269796380093 0.06893382352941174
17 0.35980362697963797 0.43503429015837103 0.04485117364253394 0.06805005656108593
14 0.40564903846153844 0.4338191105769231 0.044630231900452566 0.06871288178733037
14 0.4512735082013574 0.43348769796380093 0.04573494061085981 0.06495687217194573
14 0.4945780896493212 0.4323829892533937 0.0417579892533938 0.0658406391402715
14 0.537109375 0.429842159219457 0.040211397058823706 0.06738723133484165
14 0.5770998303167421 0.43006310096153844 0.03932763009049778 0.06561969739819001
14 0.6205148826357466 0.42873745050904977 0.04440929015837103 0.06606158088235292
14 0.6624836365737756 0.4268876186354125 0.03959919382136079 0.06551920897269825
14 0.7046733322538861 0.4261767128228085 0.0447801975388602 0.0649170568673364
14 0.2529499271373057 0.535798858484456 0.036431347150259086 0.0678027849740932
14 0.29216422441709844 0.5316244332901554 0.040479274611398997 0.05490001619170981
14 0.3316315171632124 0.5308654468911918 0.03845531088082904 0.056417988989637236
14 0.36958083711139894 0.5285884876943006 0.03794931994818651 0.056417988989637236
14 0.4081626457253886 0.5289679808937824 0.03870830634715028 0.056164993523316054
14 0.4462384634067358 0.5289679808937824 0.035925356217616555 0.055153011658031104
14 0.48216381962435234 0.5296004695595855 0.03491337435233155 0.0554060071243524
14 0.5187216645077721 0.5287149854274612 0.03617835168393779 0.05312904792746109
14 0.556544486722798 0.5279559990284974 0.036431347150258975 0.05464702072538874
14 0.5942408112046633 0.5277030035621764 0.036431347150258975 0.05464702072538874
16 0.6325696243523317 0.52643802623057 0.03769632448186533 0.05211706606217614
16 0.6700129533678757 0.5256790398316062 0.03516636981865284 0.05262305699481873
19 0.706064807318653 0.5250465511658031 0.037443329015544036 0.05591199805699487
25 0.27624674962852896 0.6052017552005944 0.03598625557206536 0.043531760772659744
25 0.3129911467244886 0.604708541816756 0.03598625557206536 0.043531760772659744
25 0.34836016003740977 0.6041098042202298 0.033728701389826976 0.04472923596571221
25 0.3826384902141774 0.6034932874904319 0.03323548800598858 0.04596226942530812
25 0.4166702136990259 0.6039865008742702 0.03323548800598858 0.04596226942530812
25 0.44959220707023806 0.6027534674146743 0.032495667930230954 0.04694869619298481
25 0.4820209870576118 0.6015970249368687 0.03323548800598852 0.04660866477272729
25 0.516422620580339 0.6001173847853536 0.033482094697907694 0.0446358112373737
26 0.549932922979798 0.5997474747474747 0.03205886994949492 0.04537563131313138
26 0.5827316130050504 0.5997474747474747 0.03205886994949492 0.04537563131313138
26 0.6150370896464645 0.6002406881313131 0.03205886994949492 0.04537563131313138
26 0.6480823863636362 0.5997474747474747 0.03205886994949492 0.04537563131313138
26 0.6808810763888888 0.5995008680555556 0.03205886994949492 0.04537563131313138
13 0.5854288736979167 0.6937662760416667 0.05289713541666663 0.06256103515625
13 0.6402333577473959 0.6928761800130209 0.05518595377604174 0.06586710611979174
59 0.543212890625 0.6969451904296875 0.02695719401041663 0.05823771158854163
59 0.5133310953776042 0.6998697916666667 0.026702880859375 0.05747477213541663
54 0.4852294921875 0.6978352864583334 0.0274658203125 0.06306966145833326
54 0.457000732421875 0.7002512613932292 0.0274658203125 0.061798095703125
51 0.3725687662760417 0.705718994140625 0.0274658203125 0.05747477213541663
52 0.4305521647135417 0.7005055745442709 0.02695719401041663 0.063323974609375
52 0.40181477864583337 0.70343017578125 0.028483072916666685 0.06256103515625
28 0.6276735399590164 0.8051090761612022 0.031217981557377206 0.06697190915300544
28 0.5964555584016394 0.8061763575819672 0.031217981557377206 0.06697190915300544
28 0.5647039361338798 0.8163155310792349 0.031217981557377206 0.06697190915300544
28 0.5321518528005464 0.8141809682377048 0.031217981557377206 0.06697190915300544
28 0.5001334101775956 0.8157818903688523 0.03121798155737704 0.06697190915300544
29 0.45864284494535523 0.7988387978142076 0.043758538251366164 0.10405993852459017
29 0.4143506659836066 0.7952367230191256 0.039489412568306015 0.09632214822404372
29 0.3729935109289617 0.8005731301229508 0.039489412568306015 0.09632214822404372
29 0.32763405054644806 0.8027076929644809 0.04909494535519132 0.09632214822404372
