17 0.3848556626773049 0.39299368351063824 0.03705396719858156 0.08034131205673761
17 0.4205244348404255 0.394032579787234 0.034283577127659615 0.08172650709219864
17 0.45515431072695034 0.394032579787234 0.034283577127659615 0.08172650709219864
14 0.4903036347517731 0.395417774822695 0.034629875886524886 0.08172650709219859
16 0.5261455562943262 0.39697611923758863 0.034976174645390046 0.08276540336879434
16 0.5618143284574468 0.39818816489361697 0.03566877216312059 0.0810339095744681
19 0.5957715577696623 0.39854407731951935 0.030860491425849346 0.08036053939081184
25 0.6313731376362866 0.3976421499550121 0.03645585238700122 0.07924928217952787
25 0.6674354499113475 0.39732241799645385 0.03566877216312048 0.07999501329787234
25 0.6522090517241379 0.5005051185344828 0.0350215517241379 0.0724003232758621
25 0.6181977370689655 0.49949488146551724 0.0316540948275863 0.0724003232758621
25 0.5862068965517242 0.49848464439655177 0.0316540948275863 0.07240032327586221
25 0.5535425646551724 0.4978111530172414 0.0316540948275863 0.07240032327586221
25 0.5215517241379309 0.4968009159482759 0.0316540948275863 0.07240032327586232
25 0.48855064655172414 0.49713766163793116 0.03165409482758641 0.07240032327586238
25 0.45655980603448276 0.4944436961206897 0.03165409482758641 0.07240032327586232
25 0.4245689655172414 0.4944436961206897 0.03165409482758641 0.07240032327586232
25 0.39224137931034486 0.49478044181034486 0.03165409482758641 0.07240032327586232
25 0.3927464978448275 0.6299838362068966 0.03266433189655177 0.06465517241379315
25 0.4235587284482758 0.6313308189655172 0.028960129310344918 0.06398168103448287
25 0.45403421336206895 0.6323410560344829 0.03266433189655177 0.06465517241379315
25 0.4848464439655172 0.6336880387931035 0.028960129310344862 0.06398168103448287
25 0.5148168103448274 0.632677801724138 0.028960129310344862 0.06398168103448287
26 0.5453730051567081 0.6356556152275583 0.03115592934175626 0.06543445920005586
59 0.6040544181034482 0.6219019396551724 0.026939655172413812 0.08957435344827591
59 0.6333512931034483 0.6239224137931034 0.02963362068965525 0.08890086206896552
59 0.5771147629310345 0.6219019396551724 0.026939655172413812 0.08957435344827591
13 0.6212284482758621 0.794989224137931 0.05657327586206895 0.08755387931034475
2 0.5708163915258969 0.7480389676113359 0.03656812787938013 0.14075151821862353
28 0.5373292822054306 0.7689203360585648 0.026840676479826797 0.1026496296070083
29 0.49865301724137934 0.7480132004310345 0.04579741379310348 0.1579337284482758
29 0.4521821120689655 0.7483499461206897 0.04647090517241376 0.15995420258620696
29 0.4037271340133324 0.7496269893899203 0.04654370768183719 0.16211455570291788
