14 0.3159835587686567 0.1057311100746269 0.028240146921641784 0.07743266091417912
14 0.3445880946828358 0.1048201375932836 0.028240146921641784 0.07743266091417907
14 0.37155288013059695 0.10409135960820898 0.026782590951492546 0.07852582789179106
16 0.3998841243003731 0.10190502565298509 0.029515508395522416 0.08180532882462686
16 0.4314037721548507 0.10135844216417911 0.030973064365671654 0.08326288479477606
16 0.46402446149482984 0.10140954926440365 0.031001783159151253 0.08346268113220974
25 0.4968551377118644 0.09977489406779665 0.03211069915254239 0.08375264830508475
25 0.5293796345338984 0.09936109639830511 0.031283103813559365 0.08424920550847456
25 0.5625662076271187 0.09886453919491528 0.03277277542372892 0.08424920550847458
25 0.5960838188559322 0.09770590572033903 0.03360037076271194 0.08458024364406783
25 0.6298497086864406 0.09480932203389834 0.03426244703389836 0.08772510593220342
25 0.6644431938559321 0.09307137182203395 0.03459348516949168 0.08954581567796616
25 0.7003608315677965 0.08984375000000006 0.03657971398305093 0.09269067796610175
