17 0.22987021169354838 0.2735792590725806 0.08033014112903225 0.13939642137096772
17 0.3062626008064516 0.276335685483871 0.07402973790322576 0.1354586693548387
17 0.37911101310483875 0.2767294606854839 0.07166708669354832 0.1362462197580645
17 0.4476278981854839 0.2783045614919355 0.0637915826612902 0.13624621975806445
17 0.5149634576612904 0.2810609879032258 0.06772933467741926 0.13545866935483866
17 0.5850554435483871 0.2794858870967742 0.06930443548387077 0.13545866935483866
17 0.6582976310483871 0.27791078629032256 0.06930443548387077 0.13545866935483866
17 0.7315398185483871 0.2794858870967742 0.06930443548387077 0.13545866935483872
17 0.8039944556451613 0.27791078629032256 0.06930443548387077 0.13545866935483872
17 0.27199929398422673 0.4060633042279411 0.06850715651684056 0.08473115808823528
17 0.33425723805147056 0.40678136488970584 0.05600873161764702 0.0876034007352941
17 0.3918816061580882 0.4080379710477941 0.0570858226102941 0.08868049172794112
17 0.4496854894301471 0.4091150620404412 0.0570858226102941 0.09011661305147056
17 0.5074893727022057 0.4101921530330882 0.05708582261029388 0.09011661305147056
17 0.5656522863051471 0.41288488051470584 0.057803883272058654 0.09119370404411759
17 0.624533260569853 0.4139619715073529 0.057803883272058654 0.09119370404411759
17 0.6810805376838236 0.4164751838235294 0.056726792279411464 0.09262982536764708
17 0.7428337545955883 0.4162956686580882 0.06462545955882315 0.09514303768382348
14 0.3070935235507246 0.4933480525362318 0.052649456521739135 0.06623641304347822
16 0.3581861413043478 0.49575407608695654 0.0489696557971015 0.06651947463768121
16 0.40789811100425144 0.4966110265736342 0.0498881604143 0.06537169685273159
16 0.45903107007771354 0.49897973440350785 0.04968578145977487 0.06686163626544794
16 0.5086333786231885 0.5005661231884058 0.0486865942028985 0.06708559782608697
16 0.5585420122573066 0.5019670427553444 0.04922387334761946 0.06680522565320662
16 0.607510020783848 0.5040547060570071 0.04778429334916867 0.06726915083135399
16 0.658193846496437 0.5055624628859858 0.05219158254156764 0.06657326306413303
16 0.7113132793942993 0.5062583506532067 0.05219158254156764 0.06657326306413297
16 0.3197264543235946 0.5870260250796178 0.050360984664912734 0.06437848328025486
16 0.36637752916435895 0.5901360967356688 0.04351882702160065 0.06251244028662428
16 0.41365061833633343 0.5929351612261147 0.0460068843464414 0.0631344546178344
19 0.4584245621019108 0.5971337579617835 0.042918988853503204 0.057225318471337494
25 0.5019655652866242 0.5982222830414012 0.04354100318471338 0.057536325636942665
25 0.5464395899681529 0.6000883260350318 0.04291898885350309 0.058158339968152784
26 0.5896695859872612 0.6017988654458599 0.042918988853503204 0.057847332802547835
26 0.6353876393312101 0.6047534335191083 0.04540704617834401 0.0556702826433122
26 0.6826607285031847 0.6053754478503184 0.04540704617834401 0.0556702826433122
28 0.48335364105504586 0.7495938455657492 0.05106794724770641 0.09735760703363916
28 0.532928373470948 0.7498924885321101 0.048678803516819524 0.09795489296636084
28 0.582801748853211 0.7524309537461773 0.049873375382262886 0.09825353593272168
28 0.6320778383027523 0.7543721330275228 0.048678803516819524 0.09795489296636084
29 0.4215124881628788 0.7196599786931819 0.06991299715909088 0.14833392518939392
29 0.35474372632575757 0.7205847537878788 0.06584398674242425 0.1487038352272727
