16 0.34967369947604793 0.164192610872006 0.046746351047904255 0.10032571575598805
16 0.39764221556886226 0.16636648577844312 0.044442365269461104 0.09648671407185629
25 0.443546500748503 0.17162939745508982 0.04619666916167664 0.09180857035928144
25 0.4920822417664671 0.17513800523952097 0.04502713323353297 0.09297810628742514
25 0.5382789109281436 0.17864661302395213 0.04502713323353291 0.09297810628742514
25 0.5862298839820359 0.18215522080838328 0.04502713323353291 0.09297810628742514
28 0.4972546435742972 0.7262958082329317 0.04392570281124508 0.12942394578313254
28 0.5433374121485943 0.7284528739959839 0.045102284136546156 0.12903175200803207
28 0.5890281427863773 0.7302075125834464 0.04627855378467516 0.12944441258411132
28 0.6384497530685657 0.7328736510611984 0.04940571474640287 0.1296028484800128
