2 0.6264728483606556 0.18301741803278687 0.054431352459016424 0.177702356557377
16 0.41114882172131145 0.6152663934426229 0.03682120901639341 0.08484887295081966
16 0.4463691086065574 0.6168673155737705 0.03682120901639341 0.08164702868852458
16 0.4071465163934426 0.6921106557377049 0.03522028688524592 0.06563780737704916
16 0.4455686475409836 0.6921106557377048 0.038422131147541005 0.06883965163934425
25 0.4839907786885246 0.6929111168032787 0.03522028688524581 0.06723872950819665
25 0.520811987704918 0.6937115778688525 0.03522028688524592 0.06243596311475408
25 0.5576331967213115 0.6905097336065573 0.03201844262295084 0.06563780737704916
25 0.48319031762295084 0.6144659323770492 0.04002305327868849 0.08324795081967218
25 0.5216124487704918 0.6144659323770492 0.03682120901639341 0.08644979508196715
25 0.5568327356557377 0.6136654713114753 0.027215676229508268 0.08164702868852458
