25 0.523216055082458 0.35402398967433985 0.033613996392460876 0.05661646737263171
25 0.5265625 0.280078125 0.03437499999999993 0.08984375
25 0.491015625 0.2796875 0.03359374999999998 0.08906249999999999
25 0.490234375 0.354296875 0.030468750000000044 0.06015625000000002
25 0.457421875 0.280078125 0.03203125000000001 0.08828125
25 0.423828125 0.28046875 0.03515625 0.0875
25 0.4265625 0.355078125 0.03281250000000002 0.05703125000000003
25 0.3890625 0.28242187500000004 0.03281249999999997 0.08671875000000001
25 0.39375 0.354296875 0.03125 0.05703124999999998
25 0.3609375 0.35390625 0.03125 0.05624999999999997
25 0.328515625 0.351953125 0.028906249999999967 0.05546875000000001
25 0.324609375 0.28203125 0.03203125000000001 0.08281249999999998
25 0.35625 0.281640625 0.029687499999999978 0.08515624999999999
16 0.258984375 0.282421875 0.03515625 0.08359375
16 0.2924658495508982 0.28237743263473053 0.030244199101796432 0.08524513473053894
16 0.2671875 0.35078125 0.03281249999999997 0.0546875
16 0.298046875 0.35234375 0.02734375 0.0546875
29 0.3634332896706587 0.7049518151197605 0.054383420658682624 0.18072136976047903
29 0.4169910179640719 0.7106147080838323 0.04805389221556888 0.18736901197604783
29 0.470703125 0.7171875 0.055468749999999956 0.19062500000000004
25 0.45959237347223364 0.35444647947256175 0.029308890780083696 0.0609700547535067
