17 0.1879283548404962 0.3508762668918919 0.0962716686973859 0.16495988175675674
17 0.2782722848360656 0.34711193647540983 0.0784451844262295 0.14088114754098363
17 0.3559170081967213 0.3479123975409836 0.0800461065573771 0.1392802254098361
15 0.4359631147540984 0.35111424180327866 0.07364241803278693 0.1392802254098361
15 0.5112064549180328 0.3415087090163934 0.07364241803278693 0.13287653688524592
15 0.5840484118852459 0.3343045594262295 0.06563780737704916 0.13447745901639346
14 0.6536885245901639 0.32629994877049173 0.06723872950819665 0.1280737704918033
14 0.7201267930327869 0.3222976434426229 0.059234118852458995 0.12967469262295084
16 0.7865650614754098 0.32149718237704916 0.06403688524590145 0.13127561475409838
19 0.28194422768971883 0.6202238449611877 0.056972471772880284 0.06594717762729341
19 0.3374304924139615 0.6147584452353165 0.04947676351644775 0.06782375522473127
19 0.3879354508196721 0.6096631659836065 0.04482581967213106 0.07044057377049173
25 0.44156634221311475 0.6016585553278688 0.05283043032786883 0.06403688524590156
26 0.6857069672131149 0.5808465676229508 0.04802766393442626 0.06083504098360659
26 0.32950179303278687 0.7513447745901639 0.043224897540983576 0.049628586065573854
26 0.37352715163934425 0.7497438524590163 0.04162397540983598 0.04642674180327877
25 0.4927676487352079 0.6004243609882207 0.046483145152535044 0.06156849656660501
25 0.5400230532786885 0.5920530225409837 0.044825819672131284 0.0576331967213114
25 0.5896516393442621 0.5896516393442623 0.05122950819672145 0.05603227459016391
25 0.6376793032786885 0.5848488729508197 0.044825819672131284 0.05603227459016391
