17 0.2478547643442623 0.14059298155737704 0.059234118852459106 0.13447745901639346
17 0.3038870389344262 0.1309874487704918 0.05603227459016391 0.10886270491803278
17 0.3567174692622951 0.1333888319672131 0.049628586065573854 0.10405993852459015
15 0.4119492827868852 0.1389920594262295 0.054431352459016424 0.09925717213114754
14 0.465144511473903 0.14106666616441657 0.04555541639042909 0.09830980291706846
14 0.5142080661990718 0.14464225511541706 0.050829042234209254 0.09756231353965766
16 0.566438268442623 0.14619620901639344 0.04962858606557374 0.10085809426229508
16 0.6176677766393442 0.14779713114754098 0.049628586065573854 0.09765625
16 0.6664959016393442 0.1501985143442623 0.05122950819672134 0.10566086065573771
25 0.26466444672131145 0.294281506147541 0.054431352459016424 0.09605532786885246
25 0.3182953381147541 0.29508196721311475 0.049628586065573854 0.09445440573770489
25 0.36552254098360654 0.2990842725409836 0.04482581967213106 0.09285348360655743
25 0.40874743852459017 0.2990842725409836 0.04482581967213117 0.08644979508196726
25 0.45757556352459017 0.3014856557377049 0.04642674180327866 0.08484887295081972
25 0.5040023053278688 0.30228611680327866 0.043224897540983576 0.08644979508196726
25 0.5504290471311475 0.3006851946721311 0.043224897540983576 0.08324795081967218
25 0.5948654533119184 0.3021400867440186 0.04720556878599913 0.082955890701152
25 0.6392802254098361 0.3014856557377049 0.04482581967213117 0.0880507172131148
25 0.5080046106557377 0.43276127049180324 0.04482581967213117 0.07524334016393441
24 0.5912525614754098 0.433561731557377 0.04162397540983598 0.08004610655737704
26 0.6344774590163934 0.43676357581967207 0.038422131147541005 0.07364241803278687
19 0.27907274590163933 0.4423668032786885 0.05122950819672134 0.09125256147540983
18 0.32870133196721313 0.4343621926229508 0.04802766393442626 0.0784451844262295
18 0.37352715163934425 0.4343621926229508 0.04162397540983598 0.0784451844262295
18 0.4183529713114754 0.4359631147540983 0.04482581967213117 0.07524334016393441
18 0.4623783299180328 0.4351626536885246 0.043224897540983576 0.07364241803278687
59 0.40794697745901637 0.5648373463114753 0.033619364754098435 0.10245901639344257
59 0.44556864754098363 0.5648373463114753 0.03522028688524592 0.0960553278688524
54 0.4815893954918033 0.5680391905737705 0.03682120901639341 0.10245901639344257
52 0.5216124487704918 0.5672387295081966 0.03682120901639341 0.09765625
51 0.5584336577868853 0.5664382684426229 0.03041752049180335 0.08965163934426235
12 0.5856374459807661 0.7250419409896932 0.06561403130579446 0.10223425326651525
15 0.4735847848360656 0.7137231045081966 0.04642674180327866 0.1376793032786886
15 0.5256147540983607 0.712922643442623 0.04802766393442626 0.1392802254098361
29 0.5216124487704918 0.8890240778688525 0.04642674180327877 0.16489497950819676
29 0.5728419569672131 0.883420850409836 0.05283043032786883 0.16649590163934425
28 0.30788934426229503 0.9346503586065573 0.04162397540983609 0.10245901639344257
28 0.3527151639344262 0.9274462090163935 0.04162397540983609 0.10726178278688525
28 0.39594006147540983 0.9242443647540983 0.04162397540983598 0.11046362704918034
28 0.4359631147540983 0.9226434426229508 0.038422131147541005 0.11366547131147542
28 0.4751857069672131 0.9194415983606556 0.033619364754098324 0.11366547131147542
3 0.41835297131147536 0.7153240266393442 0.04802766393442626 0.1408811475409837
9 0.31269211065573765 0.7230906623836952 0.05763319672131151 0.15208760245901642
9 0.37028203921134234 0.716124487704918 0.04962858606557374 0.136078381147541
25 0.5496285860655737 0.4343621926229508 0.03522028688524603 0.0784451844262295
24 0.2846759733606557 0.5944544057377048 0.043224897540983576 0.06883965163934425
24 0.3279008709016394 0.5944544057377048 0.043224897540983576 0.06883965163934425
24 0.3687243852459017 0.590452100409836 0.03522028688524581 0.06083504098360659
