17 0.2358478483606557 0.3559170081967213 0.07364241803278693 0.1168673155737705
16 0.38553406762295084 0.36152023565573765 0.07204149590163933 0.11846823770491804
25 0.6216700819672132 0.674500512295082 0.054431352459016424 0.12006915983606559
24 0.37432761270491804 0.6720991290983607 0.06243596311475408 0.1184682377049181
17 0.30788934426229503 0.35911885245901637 0.06723872950819676 0.1168673155737705
16 0.4559746413934426 0.36472207991803274 0.06563780737704905 0.11526639344262296
16 0.5232133709016393 0.3679239241803278 0.06563780737704905 0.11526639344262296
16 0.5856493340163935 0.3687243852459016 0.05603227459016391 0.11046362704918034
24 0.4367635758196721 0.6753009733606556 0.06243596311475408 0.11526639344262302
24 0.5 0.6720991290983606 0.06083504098360648 0.11206454918032804
24 0.5624359631147542 0.673700051229508 0.06083504098360648 0.11206454918032804
24 0.5629227299789543 0.54286252665319 0.059861507255206 0.12399574587394774
25 0.6777023565573772 0.674500512295082 0.054431352459016424 0.12006915983606559
25 0.7353355532786887 0.6761014344262295 0.054431352459016424 0.12006915983606559
25 0.6216700819672132 0.5464267418032785 0.054431352459016424 0.12006915983606548
25 0.6777023565573772 0.5512295081967212 0.054431352459016424 0.12006915983606548
25 0.7353355532786887 0.5528304303278688 0.054431352459016424 0.12006915983606548
