17 0.1926229508196721 0.13659067622950818 0.07044057377049179 0.11046362704918032
15 0.44476818647540983 0.13739113729508196 0.05603227459016402 0.11846823770491803
16 0.4463691086065574 0.3110911885245901 0.05283043032786894 0.11046362704918034
19 0.559234118852459 0.3118916495901639 0.04802766393442626 0.1088627049180328
23 0.5920530225409837 0.5736424180327868 0.043224897540983576 0.08484887295081966
18 0.24798822174669954 0.590943285987596 0.051935614028724736 0.093694180237197
26 0.27186859631147536 0.7305327868852458 0.043224897540983576 0.07524334016393441
59 0.3046875 0.8329918032786885 0.03201844262295084 0.0784451844262295
54 0.34482162610619466 0.82921391039823 0.039753871681415975 0.0751866703539823
52 0.575999032079646 0.8132259402654867 0.037161227876106206 0.07259402654867253
51 0.4247614767699115 0.8227323008849556 0.03543279867256638 0.07777931415929207
18 0.2998410978528942 0.5853258910760917 0.048478755621645164 0.08591624882126792
18 0.3491013301537792 0.5844616764743217 0.048478755621645164 0.08591624882126792
18 0.39749734785289426 0.5835974618725517 0.048478755621645164 0.08591624882126792
18 0.44589336555200926 0.5818690326690119 0.048478755621645164 0.08591624882126792
18 0.4960178124546642 0.5792763888637023 0.048478755621645164 0.08591624882126792
18 0.5444138301537793 0.5766837450583926 0.048478755621645164 0.08591624882126792
23 0.6361279672312492 0.5693213450239373 0.043224897540983576 0.08484887295081966
26 0.31568739346075725 0.7249815539768605 0.04271260245901637 0.07105459116132307
26 0.35976233815102276 0.7228210174724358 0.04271260245901637 0.0684619473560133
26 0.4021088536377484 0.7193641590653561 0.04271260245901637 0.0684619473560133
26 0.44445536912447403 0.720228373667126 0.04271260245901637 0.0684619473560133
26 0.48680188461119966 0.7176357298618162 0.04271260245901637 0.0684619473560133
54 0.3845754977876106 0.8266212665929202 0.039753871681415975 0.0751866703539823
51 0.45933006084070793 0.8192754424778761 0.03543279867256638 0.07777931415929207
51 0.49994814712389346 0.818411227876106 0.035432798672565935 0.07777931415929207
51 0.5371093749999997 0.8149543694690264 0.03543279867256599 0.07777931415929207
52 0.6122960453539823 0.8114975110619469 0.037161227876106206 0.07259402654867253
17 0.25975429103800957 0.13617514484803422 0.06297205951690124 0.11308942269331206
17 0.32240984966632813 0.13487882294537937 0.06210784491513138 0.11049677888800231
17 0.3837690863919918 0.1374714667506891 0.06210784491513138 0.11049677888800231
19 0.6120645491803278 0.3086898053278688 0.04802766393442626 0.1088627049180328
19 0.6648949795081969 0.3102907274590163 0.04802766393442626 0.1088627049180328
19 0.24065061475409838 0.46077740778688525 0.05122950819672123 0.08324795081967223
19 0.2934810450819672 0.46077740778688525 0.05122950819672123 0.08324795081967223
19 0.34631147540983614 0.45757556352459017 0.05122950819672123 0.08324795081967229
19 0.39914190573770497 0.4559746413934426 0.05122950819672123 0.08324795081967229
19 0.4519723360655739 0.45437371926229514 0.05122950819672123 0.08324795081967229
19 0.5 0.45437371926229503 0.048027663934426035 0.0800461065573771
19 0.5480276639344264 0.4559746413934426 0.048027663934426035 0.0800461065573772
19 0.5960553278688525 0.4543737192622951 0.048027663934426035 0.0800461065573772
19 0.6472848360655739 0.45277279713114754 0.048027663934426035 0.0800461065573772
16 0.5008004610655736 0.30949026639344257 0.05283043032786894 0.11046362704918034
15 0.5024013831967212 0.1357902151639344 0.05603227459016402 0.11846823770491803
15 0.5584336577868851 0.1357902151639344 0.05283043032786894 0.10886270491803278
15 0.6160668545081966 0.1357902151639344 0.05283043032786894 0.10886270491803278
15 0.6751170836564022 0.13429205492634028 0.05886633944395214 0.11185902539322108
14 0.39154917938614986 0.3174153018020732 0.05283066575759393 0.12559563720467698
14 0.33715608425747345 0.31885142312560266 0.05175357476494685 0.1263136978664417
14 0.21885559023173812 0.3184923927947203 0.052830665757593986 0.12200533389585344
14 0.2798641429227941 0.32118512027633794 0.058521943933823484 0.1259546675355594
