3 0.26066214139344257 0.23264600409836064 0.0784451844262295 0.21292264344262296
2 0.38073130122950816 0.22464139344262293 0.059234118852458995 0.21292264344262296
5 0.43836449795081966 0.2230404713114754 0.05603227459016402 0.2065189549180328
13 0.6216700819672132 0.2446529200819672 0.0800461065573771 0.16969774590163933
17 0.29508196721311475 0.4951972336065573 0.038422131147541005 0.06563780737704916
17 0.3311027151639344 0.4959976946721311 0.033619364754098324 0.06083504098360659
14 0.36737813612219583 0.4897960172427739 0.03621412249245043 0.061217998409188956
14 0.40142932855640634 0.4891535419138265 0.03235927051876625 0.06250294906708376
3 0.3239267508225583 0.22946483714398708 0.05367598779150318 0.2149244725525283
5 0.49540580444758714 0.2215047134755253 0.05732879603440322 0.21445096037289313
5 0.5531742903630801 0.21875383319383512 0.05732879603440322 0.21445096037289313
16 0.4356706646126761 0.4875935299295775 0.03369828345070419 0.06327024647887325
18 0.6375165052816902 0.4841549295774648 0.031635123239436624 0.07014744718309862
56 0.530576034330986 0.5759655589788732 0.03094740316901412 0.068084286971831
25 0.331481073943662 0.7097271126760564 0.03301056338028169 0.05089128521126751
26 0.42019696302816906 0.7045692121478874 0.031635123239436624 0.054329885563380254
19 0.46936894806338036 0.4875935299295775 0.03369828345070419 0.06327024647887325
56 0.5608357174295775 0.5745901188380281 0.03094740316901412 0.068084286971831
59 0.4697128080985916 0.5739023987676057 0.03025968309859156 0.07633692781690138
54 0.4105688820422535 0.5763094190140845 0.03301056338028169 0.08252640845070425
52 0.4408285651408451 0.5739023987676057 0.028884242957746442 0.07633692781690138
51 0.3497056558098592 0.5773409991197184 0.029571963028169 0.08183868838028174
51 0.37996533890845074 0.5735585387323944 0.030947403169014065 0.08665272887323949
25 0.361053036971831 0.7062885123239437 0.02750880281690138 0.048140404929577385
25 0.38924955985915494 0.7062885123239437 0.02750880281690138 0.048140404929577385
29 0.384033203125 0.8246527777777779 0.05154079861111116 0.1410590277777778
28 0.4301486545138889 0.8463541666666667 0.03797743055555547 0.09494357638888895
19 0.5030061008411582 0.4875935299295775 0.03369828345070408 0.06327024647887325
19 0.5377283230633805 0.48867859937402186 0.033698283450704136 0.06327024647887314
19 0.5724505452856026 0.4875935299295774 0.033698283450704136 0.0632702464788732
19 0.6060876980633805 0.4832532521517996 0.033698283450704136 0.0632702464788732
