25 0.4936311141304348 0.3449813179347826 0.041397758152174 0.10614809782608692
25 0.5360903532608696 0.3486965013586957 0.039274796195652106 0.10508661684782611
25 0.5758958899456522 0.3513502038043478 0.04033627717391308 0.10190217391304351
25 0.49310037364130443 0.45272163722826086 0.04245923913043487 0.10296365489130427
25 0.5360903532608696 0.4521908967391304 0.039274796195652106 0.09977921195652167
16 0.4039359714673913 0.4505986752717391 0.04245923913043481 0.10508661684782605
16 0.44851817255434784 0.4505986752717391 0.04033627717391308 0.10933254076086951
16 0.44851817255434784 0.341796875 0.04458220108695654 0.1082710597826087
16 0.40287449048913043 0.341796875 0.04458220108695654 0.10402513586956519
25 0.5777728989925769 0.4521908967391304 0.039274796195652106 0.09977921195652156
