16 0.5137755807522124 0.5146397953539823 0.02506222345132747 0.06308766592920356
16 0.5392699115044247 0.5133434734513274 0.02765486725663724 0.06568030973451328
16 0.5690853152654867 0.5129113661504424 0.028519081858407125 0.0630876659292035
16 0.5159361172566371 0.5807522123893805 0.02765486725663724 0.06395188053097345
16 0.5427267699115044 0.5811843196902655 0.02765486725663724 0.06481609513274333
16 0.5695174225663716 0.5790237831858407 0.02765486725663724 0.06568030973451322
25 0.5967401825221238 0.5137755807522123 0.030247511061946897 0.06654452433628316
25 0.5997649336283185 0.5790237831858407 0.02938329646017701 0.06568030973451322
25 0.6261234789823008 0.5129113661504425 0.028519081858407125 0.06481609513274333
25 0.6282840154867255 0.5794558904867255 0.025926438053097356 0.06481609513274333
2 0.6611241703539823 0.5392699115044247 0.04148230088495575 0.14518805309734506
13 0.5427267699115044 0.7851389657079646 0.05012444690265494 0.10975525442477874
13 0.5958759679203539 0.7860031803097345 0.0527170907079646 0.10802682522123896
13 0.6485930586283185 0.7864352876106193 0.050988661504424826 0.10716261061946908
13 0.703038578539823 0.7868673949115044 0.05617394911504425 0.10975525442477874
13 0.7566198838495575 0.7864352876106193 0.050988661504424826 0.11061946902654862
