13 0.7001152663934427 0.3206967213114754 0.10886270491803285 0.23213370901639344
25 0.6648949795081966 0.5328189036885246 0.054431352459016424 0.12807377049180335
25 0.6136654713114754 0.6745005122950819 0.05122950819672134 0.12967469262295084
25 0.6712986680327868 0.6680968237704918 0.06083504098360648 0.13287653688524592
26 0.7200758919188734 0.5313928515132409 0.05293223255569557 0.13162535466582603
26 0.7281314036885246 0.6624935963114754 0.04962858606557363 0.12487192622950816
16 0.6098944787069147 0.537945343697457 0.049165960618957505 0.130628267523119
59 0.29828381147540983 0.6552894467213115 0.06083504098360648 0.1777023565573771
52 0.23904969262295084 0.656890368852459 0.05763319672131151 0.18410604508196715
34 0.2182377049180328 0.37032530737704916 0.06083504098360659 0.1392802254098361
52 0.27790481489523394 0.3443616370711649 0.061170916567148015 0.1947100867848225
