15 0.3527151639344262 0.6176677766393442 0.06723872950819676 0.16649590163934436
25 0.42475665983606553 0.6152663934426229 0.07364241803278693 0.174500512295082
25 0.49839907786885246 0.6128650102459017 0.07044057377049173 0.17930327868852458
25 0.5688396516393442 0.6096631659836065 0.06083504098360648 0.16969774590163944
25 0.7273309426229508 0.7873655225409837 0.07364241803278682 0.19211065573770492
15 0.5016009221311475 0.8041752049180328 0.08324795081967207 0.20011526639344257
15 0.5824474897540983 0.7985719774590163 0.07524334016393441 0.19851434426229508
16 0.6552894467213114 0.7945696721311475 0.06723872950819665 0.20331711065573776
17 0.6384797643442623 0.5992571721311475 0.07844518442622961 0.1777023565573771
17 0.7009157274590163 0.6024590163934427 0.04002305327868849 0.16489497950819676
17 0.7497438524590163 0.6072617827868853 0.05763319672131151 0.16169313524590168
17 0.4202351365197164 0.8060573701262739 0.07364241803278693 0.20651895491803274
17 0.34711193647540983 0.8089779713114753 0.07204149590163933 0.20651895491803274
25 0.7833632172131147 0.7897669057377049 0.04162397540983598 0.18090420081967218
