17 0.266265368852459 0.3855340676229508 0.07364241803278682 0.16329405737704916
17 0.26786629098360654 0.5376216700819672 0.07044057377049173 0.13447745901639346
14 0.3391073258196721 0.38953637295081966 0.06563780737704927 0.15528944672131145
14 0.33590548155737704 0.5368212090163934 0.06563780737704927 0.12967469262295084
16 0.4071465163934426 0.38393314549180324 0.06403688524590156 0.156890368852459
16 0.4015432889344262 0.5352202868852459 0.06243596311475408 0.1296746926229509
16 0.4663806352459016 0.5344198258196722 0.0576331967213114 0.12487192622950827
16 0.47438524590163933 0.38793545081967207 0.06083504098360648 0.15208760245901637
25 0.5400230532786885 0.3863345286885246 0.06403688524590168 0.15208760245901637
26 0.5320184426229508 0.5352202868852459 0.06723872950819676 0.12327100409836073
52 0.33890573601973684 0.1362047697368421 0.06232010690789469 0.24799547697368418
51 0.4066868832236842 0.13716848273026314 0.07067228618421056 0.25506270559210525
