51 0.4351447610294119 0.3681257659313726 0.08138020833333376 0.2307368259803923
55 0.28243719362745096 0.36429610906862747 0.0785079656862745 0.2364813112745098
52 0.5122166053921569 0.3733915441176471 0.07276348039215685 0.23169424019607843
17 0.589288449754902 0.40642233455882354 0.08138020833333337 0.17137714460784315
17 0.669711243872549 0.40833716299019607 0.0775505514705882 0.16946231617647056
16 0.20160590277777782 0.6341628086419753 0.08198302469135804 0.18566743827160492
16 0.2835889274691358 0.6323543595679012 0.07957175925925924 0.18446180555555558
14 0.36798321759259256 0.6335599922839505 0.08439429012345673 0.18928433641975306
19 0.4486861303267553 0.6291173753738858 0.07420925389675376 0.18301304466669044
19 0.5229070216049383 0.6329571759259258 0.07354359567901231 0.18084490740740733
25 0.5958478009259259 0.6305459104938271 0.07474922839506193 0.18325617283950613
25 0.671802662037037 0.6305459104938271 0.0747492283950617 0.17843364197530864
26 0.7501687885802469 0.6293402777777777 0.07233796296296302 0.17602237654320996
26 0.8255208333333333 0.6293402777777777 0.07354359567901225 0.16637731481481477
56 0.19075520833333334 0.8716724537037037 0.07233796296296297 0.20013503086419748
56 0.26972415123456794 0.8686583719135802 0.0759548611111111 0.20134066358024683
56 0.3529128086419753 0.863233024691358 0.08077739197530859 0.1953125
47 0.435083195174341 0.8551665272042877 0.07075760656489821 0.1969779023815481
