17 0.29428150614754095 0.1253842213114754 0.04962858606557374 0.11046362704918032
17 0.3455110143442623 0.12938652663934425 0.04642674180327877 0.11206454918032786
17 0.39033683401639346 0.12858606557377047 0.043224897540983576 0.1136654713114754
17 0.43436219262295084 0.1309874487704918 0.04482581967213117 0.10886270491803278
17 0.4799884733606557 0.1309874487704918 0.043224897540983576 0.10886270491803278
17 0.5672387295081966 0.13498975409836064 0.04162397540983609 0.10726178278688524
16 0.6086003315687614 0.12988459130236793 0.03779065630692169 0.1065502618397086
16 0.6504866803278688 0.13018698770491802 0.04162397540983609 0.10405993852459015
16 0.3086898053278688 0.2910796618852459 0.04642674180327866 0.10245901639344263
16 0.353515625 0.2886782786885246 0.04642674180327866 0.09445440573770492
16 0.40074282786885246 0.2926805840163934 0.04482581967213106 0.09605532786885246
16 0.44236680327868855 0.2894787397540983 0.04162397540983609 0.09605532786885246
14 0.48122489982801525 0.29218029585040983 0.03929406195111251 0.09825659579918034
14 0.5208834574429158 0.2936347050186622 0.03827919167154559 0.09796356987338994
14 0.5601203436036299 0.29130836504683844 0.040194580649883016 0.09651273419203749
14 0.6034881806206089 0.29065441694415983 0.039565646955503464 0.09520483798668034
14 0.6429716373774151 0.2900719385794789 0.03744299573697307 0.09724172551961358
19 0.3203408695235971 0.400838159987545 0.042335678985592595 0.091443225712795
19 0.3579395284045006 0.39813434386255764 0.0328616387762144 0.09243928198741036
19 0.3925615240620898 0.3963279645790554 0.032371828925000845 0.0856246791581109
19 0.4239561987704918 0.39513960040983603 0.03041752049180324 0.08324795081967218
19 0.4591764856557377 0.3943391393442623 0.03682120901639341 0.08484887295081966
19 0.32710040983606553 0.489594006147541 0.03522028688524592 0.0864497950819672
19 0.36312115778688525 0.4847912397540983 0.04002305327868849 0.07684426229508196
19 0.3991419057377049 0.4839907786885246 0.03522028688524581 0.07524334016393436
19 0.4351626536885246 0.48238985655737704 0.033619364754098324 0.08164702868852458
19 0.4695824795081967 0.48319031762295084 0.03522028688524592 0.08004610655737704
26 0.49402573529411764 0.3939759497549019 0.03063725490196073 0.08138020833333331
26 0.526577818627451 0.3930185355392157 0.03255208333333337 0.0775505514705882
26 0.558172487745098 0.39110370710784315 0.028722426470588203 0.07755055147058826
26 0.5902458639705882 0.390625 0.03350949754901955 0.07659313725490197
26 0.6247127757352942 0.38727405024509803 0.03159466911764708 0.07372089460784315
26 0.5035998774509804 0.4820580575980392 0.03255208333333337 0.07755055147058826
26 0.5380667892156863 0.4834941789215686 0.03446691176470584 0.0785079656862745
26 0.5734911151960784 0.47918581495098034 0.03255208333333326 0.07563572303921567
26 0.6079580269607843 0.4758348651960784 0.028722426470588203 0.0823376225490196
26 0.638116574754902 0.4710477941176471 0.029679840686274495 0.0823376225490196
28 0.5256204044117647 0.875555300245098 0.04212622549019607 0.12350643382352933
29 0.5696614583333333 0.8281632965686274 0.045955882352941235 0.1857383578431373
17 0.5288165983606556 0.1334288550204918 0.04322489754098369 0.10886270491803278
41 0.37304687500000006 0.9345703125 0.0634765625 0.05859375
0 0.5229629088785046 0.6302022488317757 0.053847838785046676 0.18162237149532712
