17 0.26226306352459017 0.4007428278688524 0.0784451844262295 0.14888575819672129
16 0.33590548155737704 0.39113729508196715 0.06883965163934425 0.1456839139344262
16 0.39674052254098363 0.37832991803278687 0.05603227459016391 0.14248206967213117
16 0.45677510245901637 0.3751280737704918 0.06083504098360659 0.1392802254098361
16 0.5200115266393442 0.3671234631147541 0.059234118852458995 0.136078381147541
25 0.576844262295082 0.3575179303278688 0.0576331967213114 0.13287653688524592
25 0.6320760758196722 0.34391009221311475 0.05283043032786894 0.1280737704918033
25 0.6865074282786885 0.335905481557377 0.05283043032786883 0.1280737704918033
25 0.7409387807377049 0.32790087090163933 0.04962858606557363 0.12487192622950821
26 0.7953701331967213 0.5232133709016393 0.05283043032786883 0.12487192622950821
