25 0.2846759733606557 0.4303598872950819 0.08164702868852458 0.2017161885245901
25 0.23904969262295084 0.5328189036885246 0.0 0.0
25 0.28467597336065575 0.6336769979508197 0.09125256147540983 0.18570696721311475
16 0.3719262295081967 0.6304751536885245 0.08324795081967207 0.19211065573770492
16 0.3679239241803279 0.4287589651639344 0.07524334016393441 0.19211065573770486
19 0.45521744849357554 0.4384564428029464 0.07372895436420024 0.1791193889842711
19 0.4639792520491803 0.6312756147540983 0.08164702868852458 0.18090420081967218
26 0.5504290471311475 0.628874231557377 0.07204149590163933 0.1761014344262295
26 0.5382923266504209 0.43700155073105895 0.06883965163934436 0.17770235655737704
26 0.6058555674014179 0.4391649590163934 0.0576331967213114 0.18090420081967212
