29 0.32386001275510207 0.40291507227891155 0.03520939625850339 0.12157206632653061
29 0.35906940901360546 0.4088940263605442 0.03255208333333337 0.11758609693877553
29 0.39162149234693877 0.42229782538015204 0.02989477040816324 0.116921768707483
29 0.43114902210884354 0.43015252976190477 0.03454506802721091 0.11227147108843538
29 0.46536192602040816 0.43413849914965985 0.03388073979591838 0.11360012755102039
29 0.497249681122449 0.4411139455782313 0.02989477040816324 0.10894982993197277
29 0.5238228103741496 0.4434390943877551 0.025908801020408156 0.10562818877551022
29 0.5547140731292517 0.4507467049319728 0.03454506802721091 0.10828550170068024
29 0.5836123511904763 0.4530718537414966 0.023251488095238027 0.10097789115646255
29 0.6081924957482994 0.45838647959183676 0.02458014455782309 0.10097789115646255
29 0.6341012967687075 0.4613759566326531 0.02458014455782309 0.10164221938775508
29 0.6586814413265306 0.46536192602040816 0.023251488095238138 0.10031356292517007
29 0.6832615858843538 0.46934789540816324 0.02723745748299311 0.09632759353741499
29 0.7091703869047619 0.47233737244897955 0.021922831632653073 0.0956632653061224
29 0.7294701083558424 0.47515158407112845 0.02302209946478595 0.093929368622449
