17 0.3198962602459016 0.08776255122950818 0.06563780737704927 0.13767930327868855
17 0.37672899590163933 0.0901639344262295 0.048027663934426146 0.1392802254098361
17 0.4295594262295082 0.09176485655737704 0.054431352459016424 0.14248206967213117
15 0.48238985655737704 0.09176485655737704 0.054431352459016424 0.14248206967213117
15 0.5360207479508197 0.0901639344262295 0.049628586065573854 0.1392802254098361
14 0.5864497950819672 0.08936347336065573 0.04802766393442626 0.14088114754098363
14 0.6384797643442623 0.08936347336065573 0.05283043032786894 0.13767930327868855
16 0.6945120389344261 0.08616162909836066 0.04962858606557374 0.1440829918032787
19 0.7457415471311476 0.08696209016393441 0.04642674180327866 0.136078381147541
19 0.35591700819672134 0.41355020491803274 0.05122950819672134 0.10405993852459017
19 0.4015432889344262 0.4151511270491803 0.043224897540983576 0.10405993852459017
19 0.4471695696721312 0.4151511270491803 0.04482581967213117 0.10085809426229508
19 0.4919953893442623 0.4119492827868852 0.04162397540983609 0.09765625
19 0.5344198258196722 0.4119492827868852 0.043224897540983576 0.09765625
25 0.5764852319641995 0.41048373274770966 0.04162397540983609 0.09765625
25 0.6214051058115357 0.4107190447580159 0.04723920978483609 0.10414210349867409
26 0.6664959016393442 0.4039446721311475 0.04162397540983598 0.09765625000000006
26 0.7095764807587994 0.404644957848662 0.041912612252893 0.09625567856497108
28 0.42743928610988036 0.7641521516393442 0.049628586065573854 0.1328765368852458
