17 0.230354637071055 0.41985983543819366 0.0555555555555556 0.07692307692307693
15 0.38601862482459504 0.417294536930731 0.045541523153463444 0.07337112514351318
14 0.5384615384615384 0.4182692307692308 0.055555555555555455 0.07211538461538461
16 0.24786324786324784 0.5056089743589745 0.04700854700854696 0.06730769230769236
19 0.5737179487179487 0.5024038461538463 0.0405982905982907 0.057692307692307744
18 0.2777777777777778 0.5953525641025642 0.042735042735042784 0.057692307692307696
25 0.36965811965811973 0.5953525641025642 0.038461538461538464 0.05448717948717956
26 0.5448717948717948 0.6899038461538463 0.038461538461538464 0.04807692307692308
59 0.5053418803418803 0.6778846153846154 0.036324786324786376 0.06570512820512824
28 0.5331196581196581 0.8229166666666667 0.04059829059829055 0.07692307692307693
29 0.5886752136752137 0.8044871794871795 0.061965811965812016 0.1201923076923077
29 0.6527777777777778 0.8028846153846155 0.061965811965812016 0.1201923076923077
26 0.58244301994302 0.6916399572649574 0.035968660968661026 0.04780982905982912
26 0.6196581196581197 0.6899038461538463 0.038461538461538464 0.04807692307692308
26 0.6623931623931625 0.6883012820512822 0.038461538461538464 0.04807692307692308
25 0.4102564102564104 0.5953525641025642 0.038461538461538464 0.05448717948717956
25 0.4508547008547011 0.5953525641025642 0.038461538461538464 0.05448717948717956
25 0.4935897435897437 0.5953525641025642 0.038461538461538464 0.05448717948717956
25 0.5341880341880343 0.5985576923076924 0.038461538461538464 0.05448717948717956
25 0.5769230769230771 0.5969551282051283 0.038461538461538464 0.05448717948717956
25 0.6217948717948719 0.5969551282051283 0.038461538461538464 0.05448717948717956
25 0.6581196581196583 0.5969551282051283 0.038461538461538464 0.05448717948717956
25 0.7008547008547011 0.592147435897436 0.038461538461538464 0.05448717948717956
18 0.3205128205128206 0.5937500000000001 0.042735042735042784 0.057692307692307696
19 0.6191618259696063 0.5022360719943672 0.047922900897729284 0.05867694948072524
19 0.6646790471161178 0.5008636243619081 0.0405982905982907 0.05769230769230747
19 0.7074532065950829 0.5021260561520859 0.04437305638678609 0.06021717127266321
16 0.2927350427350427 0.5040064102564104 0.04700854700854696 0.06730769230769236
16 0.3397435897435898 0.5024038461538463 0.04700854700854696 0.06730769230769236
16 0.38629426129426137 0.5016434458398744 0.04365079365079371 0.06578689167974867
16 0.43362986220129085 0.501839678178964 0.04727019012733309 0.06617935635792756
16 0.4839156838584757 0.5034517470515755 0.0449891451035617 0.06521189051223397
16 0.5290881886991727 0.5018803541043245 0.04438772516575733 0.06514954820160783
17 0.2824977675723945 0.41977611940298504 0.0471998979461666 0.07127822426329888
17 0.3341306289067483 0.4187535878300803 0.04968746013522131 0.07114667049368541
15 0.4336490623804057 0.41881338499808646 0.051058808521495046 0.07320369307309606
15 0.48448462814134463 0.4176891982395713 0.05016583747927031 0.07736557596632221
14 0.594017094017094 0.41666666666666663 0.05128205128205128 0.07211538461538461
14 0.6452991452991453 0.4182692307692308 0.05128205128205128 0.07211538461538461
14 0.6927541778288048 0.4184366628396479 0.042735042735042784 0.07211538461538461
14 0.7433505549177193 0.42083452927669346 0.051632861334353464 0.0695680252583239
6 0.312346329469617 0.2283653846153846 0.08974358974358988 0.21794871794871792
8 0.22329059829059839 0.22355769230769232 0.0876068376068375 0.2243589743589744
5 0.48183760683760696 0.23157051282051286 0.07905982905982901 0.22115384615384623
0 0.40064102564102566 0.2275641025641026 0.08333333333333333 0.21634615384615385
4 0.5616145650392226 0.23304684755883384 0.08049408734340255 0.2182011766772041
9 0.6461858998351251 0.23396455213137785 0.07739140615852941 0.21951835265191433
2 0.7343256059009483 0.23648248155953636 0.09685634000702492 0.21453503688092734
33 0.31858974358974357 0.6817307692307693 0.041025641025641026 0.07115384615384615
33 0.35833333333333334 0.68125 0.035897435897435895 0.07019230769230769
52 0.3955128205128205 0.6798076923076923 0.038461538461538464 0.0673076923076923
52 0.43205128205128207 0.68125 0.03205128205128205 0.07019230769230769
55 0.27884615384615385 0.6831730769230769 0.03333333333333333 0.07019230769230769
54 0.46923076923076923 0.6788461538461539 0.03717948717948718 0.06538461538461539
