25 0.5640368852459017 0.824186731557377 0.06723872950819676 0.13127561475409844
25 0.6312756147540983 0.8265881147540983 0.07044057377049184 0.12967469262295084
25 0.6993148053278688 0.8233862704918032 0.06883965163934413 0.12967469262295084
25 0.7665535348360656 0.8249871926229508 0.07204149590163933 0.12647284836065575
14 0.22944415983606553 0.8249871926229508 0.06723872950819676 0.12327100409836067
16 0.2966828893442623 0.8257876536885246 0.06403688524590156 0.12807377049180335
16 0.363921618852459 0.8257876536885246 0.06723872950819665 0.12167008196721318
16 0.4311603483606557 0.8273885758196722 0.06723872950819676 0.12487192622950827
16 0.4967981557377049 0.8265881147540983 0.06083504098360648 0.12967469262295084
28 0.279646049097253 0.5220721730311254 0.0843945572108995 0.20263563704585735
