16 0.6024590163934427 0.22704277663934425 0.05122950819672123 0.1536885245901639
16 0.4807889344262295 0.22224001024590162 0.06083504098360648 0.15048668032786883
16 0.5424244364754098 0.22704277663934425 0.05603227459016402 0.14728483606557374
14 0.4207543545081967 0.217437243852459 0.05283043032786894 0.14408299180327866
25 0.664094518442623 0.2334464651639344 0.05603227459016391 0.15048668032786883
26 0.7265304815573771 0.2366483094262295 0.059234118852458995 0.156890368852459
17 0.36232069672131145 0.21663678278688522 0.054431352459016424 0.13928022540983603
56 0.2478547643442623 0.3975409836065573 0.04642674180327877 0.12006915983606553
47 0.30388703893442626 0.40314421106557374 0.05283043032786883 0.12807377049180324
54 0.35511654713114754 0.3967405225409836 0.04642674180327877 0.1536885245901639
59 0.6605140777303944 0.42183065013015064 0.0616787702148871 0.16434331039543643
29 0.3575179303278688 0.7817622950819672 0.07044057377049184 0.2353355532786886
29 0.42795850409836067 0.7937692110655737 0.07044057377049184 0.233734631147541
28 0.4887935450819672 0.8498014856557377 0.04802766393442626 0.15048668032786883
28 0.541623975409836 0.8610079405737705 0.054431352459016424 0.1344774590163934
55 0.49759861680327866 0.40874743852459017 0.05283043032786883 0.15849129098360654
52 0.44723105641592914 0.40445243362831856 0.04580337389380529 0.16247234513274333
51 0.5527871621621621 0.4109216638513513 0.04750844594594594 0.1662795608108108
