25 0.667296362704918 0.28787781762295084 0.043224897540983354 0.10245901639344263
25 0.7118842074656624 0.2901764389261187 0.04370084736375712 0.09104703768830302
25 0.353515625 0.4159515881147541 0.04322489754098369 0.09605532786885246
25 0.3967405225409836 0.41755251024590156 0.04002305327868849 0.09925717213114754
25 0.4351626536885246 0.42075435450819665 0.04002305327868849 0.09925717213114754
25 0.4767866290983606 0.42075435450819665 0.03682120901639341 0.09605532786885246
25 0.5192110655737705 0.423155737704918 0.04162397540983609 0.09445440573770492
25 0.5629010958961009 0.4223174169943509 0.045756085234824995 0.09933289142113422
25 0.6064613217213115 0.423155737704918 0.03682120901639341 0.09125256147540983
25 0.6448834528688525 0.42235527663934425 0.03682120901639341 0.0864497950819672
25 0.6857069672131147 0.42475665983606553 0.038422131147541005 0.08484887295081966
25 0.35991931352459017 0.5216124487704918 0.04002305327868849 0.0800461065573771
25 0.4014135338301894 0.5214516255427053 0.03976354307021479 0.07972446010180412
25 0.4420305365296804 0.5245218871640841 0.038794948630136994 0.07625945055767652
25 0.47918801229508196 0.5248142930327868 0.03522028688524592 0.0800461065573771
25 0.5184106045081966 0.5256147540983607 0.0400230532786886 0.07524334016393441
25 0.559234118852459 0.5280161372950819 0.038422131147541005 0.07684426229508196
26 0.6019759022988287 0.5295296956718711 0.037455902958312914 0.07381714554150354
26 0.640543053255296 0.531405048348263 0.037745942576165925 0.07319518298383937
26 0.6809064409159378 0.5316055182113255 0.03841765095500971 0.07286734472488993
28 0.5960553278688524 0.9034323770491803 0.04482581967213117 0.12327100409836067
15 0.34261067708333337 0.27490234375 0.044596354166666685 0.0986328125
14 0.39046223958333337 0.2773763020833333 0.049153645833333315 0.09837239583333332
16 0.440625 0.27734375 0.04531249999999998 0.09843749999999998
16 0.48554687500000004 0.28046875 0.03984375000000001 0.09687500000000002
16 0.52890625 0.28203124999999996 0.042187500000000044 0.09687499999999999
16 0.575 0.283203125 0.04531249999999998 0.09765625
19 0.6214843750000001 0.283984375 0.04453125000000002 0.09765625
17 0.3421875 0.11875 0.0546875 0.125
17 0.394140625 0.120703125 0.04921875000000003 0.12578125
17 0.443359375 0.12421875 0.04921874999999998 0.1265625
17 0.49296875 0.128125 0.04531249999999998 0.12499999999999999
17 0.54296875 0.130859375 0.04843749999999991 0.13046875000000002
17 0.592578125 0.130859375 0.04765625000000007 0.12890625
17 0.7407778532608695 0.13394757699275361 0.05263813405797091 0.12414515398550724
17 0.641015625 0.1328125 0.046093750000000044 0.12656250000000002
17 0.6896088088768115 0.1344542572463768 0.04741281702898559 0.13020833333333331
