25 0.2441776463242828 0.43927216362338994 0.029466972976434413 0.06862524242535123
25 0.27493464807157497 0.4413054776694233 0.03073198733899296 0.06658835489241799
25 0.2134349385245901 0.5096055327868851 0.028816598360655754 0.06883965163934425
25 0.24145107581967212 0.5096055327868853 0.03041752049180324 0.07204149590163939
25 0.2710681352459016 0.5088050717213115 0.028816598360655754 0.06723872950819676
16 0.14859759221311472 0.43756403688524587 0.03361936475409838 0.06883965163934425
16 0.1809876774736534 0.4382537198569233 0.031160805766978966 0.06746028569598944
16 0.2142353995901639 0.43836449795081966 0.03041752049180335 0.07044057377049179
16 0.14699667008196718 0.5088050717213115 0.036821209016393464 0.06723872950819676
16 0.18141649590163933 0.5080046106557377 0.03201844262295084 0.0688396516393443
28 0.5768632466814159 0.31025304203539816 0.023333794247787587 0.0933351769911504
28 0.5617394911504424 0.11234789823008848 0.02938329646017701 0.11061946902654866
