25 0.49203889266304346 0.7122537364130435 0.019106657608695732 0.05095108695652173
25 0.5116762907608696 0.7663892663043478 0.01804517663043481 0.048828125
25 0.5318444293478262 0.7637355638586956 0.02016813858695654 0.045643682065217406
25 0.51220703125 0.7133152173913043 0.021229619565217406 0.05095108695652173
25 0.5323751698369565 0.7133152173913043 0.016983695652173947 0.05095108695652173
19 0.4909774116847826 0.7647970448369565 0.019106657608695732 0.049889605978260865
16 0.45011039402173914 0.7133152173913043 0.020168138586956486 0.048828125
16 0.47080927309782605 0.7127844769021738 0.021229619565217406 0.047766644021739135
16 0.44904891304347827 0.764266304347826 0.018045176630434756 0.04670516304347827
16 0.46921705163043476 0.764266304347826 0.02229110054347827 0.04670516304347827
