16 0.3711257684426229 0.6408811475409836 0.059234118852458995 0.14248206967213117
16 0.4319608094262295 0.639280225409836 0.06243596311475419 0.14888575819672123
16 0.4943967725409836 0.6400806864754098 0.06563780737704916 0.15048668032786883
16 0.5600345799180327 0.6384797643442623 0.059234118852458995 0.14728483606557363
16 0.6248719262295082 0.6352779200819672 0.06403688524590168 0.14728483606557374
25 0.374327612704918 0.8001728995901639 0.059234118852458995 0.1600922131147542
25 0.4375640368852459 0.7953701331967213 0.06403688524590168 0.16329405737704927
25 0.5032018442622951 0.7945696721311475 0.06403688524590168 0.16169313524590168
25 0.5640368852459017 0.796170594262295 0.06083504098360659 0.1584912909836066
25 0.625672387295082 0.7921682889344261 0.06243596311475408 0.16009221311475408
