25 0.13270688416114113 0.5620324089140192 0.09783409492558089 0.1371531308899105
25 0.22245047390473088 0.5660388191704294 0.0807400778315639 0.13555056678734642
25 0.30792055937481627 0.5676413832729936 0.0807400778315639 0.13555056678734642
25 0.38698038843464544 0.5724490755806859 0.0807400778315639 0.13555056678734642
25 0.46604021749447444 0.5724490755806858 0.07219306928455525 0.13234543858221817
25 0.5408265422807993 0.5788593319909423 0.07219306928455525 0.13234543858221817
25 0.613476114930372 0.5772567678883783 0.07219306928455525 0.13234543858221817
16 0.6901709401709403 0.5809294871794872 0.07692307692307693 0.13141025641025647
17 0.46047008547008544 0.7235576923076923 0.08333333333333333 0.16025641025641021
25 0.09424534569960266 0.715878562760173 0.11065460774609372 0.16920441294119268
25 0.1978778243320813 0.717481126862737 0.0956973427888288 0.1627941565309362
25 0.2886897901440471 0.7198849730165832 0.0892870863785724 0.1579864642232439
25 0.3730914995457566 0.7206862550678652 0.07432982142130734 0.15317877191555168
25 0.05792055937481637 0.8961670242986345 0.10210759919908521 0.19003774627452577
25 0.15834790980216684 0.8961670242986344 0.10210759919908521 0.19003774627452555
25 0.46176671322097024 0.9009747166063266 0.10210759919908521 0.19003774627452533
25 0.5579205593748163 0.9009747166063266 0.10210759919908521 0.19003774627452533
25 0.660484661938919 0.9009747166063264 0.10210759919908521 0.1900377462745251
16 0.7553418803418803 0.8982371794871794 0.08333333333333333 0.18589743589743582
16 0.8408119658119658 0.8934294871794871 0.08333333333333333 0.18589743589743582
17 0.5523504273504273 0.7235576923076923 0.08333333333333333 0.16025641025641021
16 0.7115384615384616 0.7246443624868284 0.08547008547008557 0.15224358974358979
25 0.630570132024389 0.7246926653242757 0.07646657355805943 0.15157620781298742
25 0.7908265422807992 0.7278977935294039 0.07646657355805943 0.15157620781298742
2 0.7767094017094016 0.31630608974358976 0.1164529914529915 0.24238782051282048
24 0.3602892833662065 0.8957100591715975 0.08875739644970407 0.18984220907297822
24 0.2655651923302082 0.8971201129393963 0.09654787315482764 0.18702210153738075
3 0.4230769230769231 0.3010817307692308 0.11538461538461539 0.24158653846153846
2 0.5411324786324786 0.30368589743589747 0.11324786324786329 0.24839743589743588
2 0.6517094017094017 0.31149839743589747 0.1164529914529915 0.24238782051282048
