16 0.1311309311384293 0.3627552221353238 0.06220782491388179 0.10184207928685872
25 0.3654901396171261 0.3674579986297426 0.058185419315723956 0.10211769320133847
25 0.4240105893690839 0.3682702877700837 0.057318522651617146 0.10049311492065624
25 0.47779484994306953 0.3682702877700837 0.057318522651617146 0.10049311492065624
25 0.5315791105170553 0.3674635238614739 0.04441030011386059 0.09887958710343667
16 0.19446105834574984 0.3626995517751143 0.055846947808921896 0.10195342000727764
16 0.25141396630739743 0.3633675960976282 0.053578760892408143 0.10061733136224969
16 0.3089971965988488 0.36645593214597166 0.048268477789582924 0.1041218261688804
16 0.1396454541542962 0.4636956241125597 0.06669248311174214 0.10003872466761321
16 0.19988382599716006 0.46692267974699886 0.06238974226582329 0.10003872466761321
16 0.26227356826298337 0.46450238802116944 0.05808700141990459 0.10165225248483273
16 0.31580868115931016 0.4656057563079446 0.048983224372749316 0.09621846027684337
25 0.3757148560986289 0.4683879053751357 0.05924969058231253 0.10033532904577859
25 0.42795677390615466 0.4676861432435496 0.05372889442339474 0.09502373018728688
25 0.4820975907889884 0.4666954846204774 0.05301578180569844 0.08758489238289963
25 0.5358818513629741 0.46830901243769696 0.05301578180569844 0.08758489238289957
