25 0.22081365292056634 0.44083870134953385 0.06786023772411827 0.09089262440819963
16 0.3741448302568735 0.20311088163159932 0.070995223957661 0.07906286304375887
16 0.44083731336861576 0.2055311733574287 0.06669248311174214 0.08067639086097846
16 0.5064541112688782 0.20714470117464828 0.06023837184286379 0.08067639086097846
16 0.5666924831117421 0.20875822899186786 0.06023837184286379 0.08067639086097846
25 0.28750613603230857 0.4359981178978752 0.06355749687819942 0.08443851313932135
25 0.3477445078751723 0.4359981178978752 0.06355749687819942 0.08443851313932135
25 0.41228562056395507 0.4376116457150947 0.06355749687819942 0.08443851313932135
25 0.47252399240681886 0.43922517353231433 0.06355749687819942 0.08443851313932135
25 0.6338767741287757 0.21010422348713548 0.06355749687819934 0.08443851313932133
25 0.6962665163945991 0.20687716785269633 0.06355749687819927 0.08443851313932133
29 0.47525924013596654 0.6774880598941526 0.11832537326276837 0.27591325674454625
29 0.5774493352265393 0.6686136568994449 0.07744933522653905 0.2710726732928876
29 0.6678068929908353 0.6613527817219569 0.09896303945613354 0.2791403123789855
