17 0.28327493106617646 0.12996897977941174 0.05959903492647056 0.10555491727941177
17 0.33986223123342574 0.13155636470136206 0.05285750474626322 0.10238014743551103
15 0.397187603589079 0.1334339167595829 0.060517210854628745 0.10293340728965765
15 0.4594811317201061 0.1345010019889103 0.06016171196962389 0.10241193044840888
14 0.5178983094262295 0.13543801229508196 0.05411116803278693 0.10566086065573768
14 0.5740906762295082 0.13671875 0.05635245901639363 0.10502049180327869
14 0.6310835040983606 0.13799948770491802 0.056992827868852514 0.10373975409836066
14 0.6872758709016393 0.13783939549180327 0.05283043032786894 0.10341956967213113
14 0.7433081454918031 0.13896004098360654 0.05859375000000011 0.10373975409836066
16 0.30845558681672025 0.2894581491157556 0.051183179260450185 0.08855004019292603
16 0.35963876607717044 0.2904001708199357 0.05118317926045013 0.08917805466237941
16 0.411449959807074 0.29134219252411575 0.05118317926045013 0.08917805466237941
16 0.4632611535369775 0.2925982214630225 0.05118317926045013 0.08729401125401934
16 0.5127172930064309 0.294639268488746 0.04647307073954976 0.08698000401929262
16 0.560289389067524 0.2952672829581994 0.04867112138263663 0.0850959606109325
16 0.608646503215434 0.2957382938102894 0.04615906350482313 0.08792202572347269
19 0.6596353710682563 0.29727102219365825 0.050555164790996865 0.08635198954983925
19 0.712268890675241 0.2993493770096463 0.050555164790996865 0.08635198954983925
18 0.3272284836065573 0.41191726434426224 0.04546618852459011 0.07652407786885246
18 0.3720543032786885 0.41351818647540983 0.04354508196721307 0.07460297131147536
18 0.41639984631147536 0.41527920081967207 0.043224897540983576 0.07492315573770486
18 0.46154585040983603 0.4167200307377049 0.043224897540983576 0.07396260245901637
18 0.5057028678634725 0.4198673262053769 0.04418545081967207 0.07364241803278698
25 0.5499167520491803 0.41912141393442615 0.041944159836065587 0.07300204918032788
25 0.5931416495901638 0.41928150614754095 0.043224897540983576 0.07268186475409832
25 0.6370069159836065 0.419921875 0.043224897540983576 0.07268186475409832
25 0.6808721823770489 0.42216316598360654 0.043224897540983576 0.07268186475409832
25 0.3531794662309368 0.5280909297570252 0.03999863834422657 0.057444852941176405
25 0.3931691254361914 0.5282411590460101 0.03887361353439678 0.057144394363206674
25 0.4322316254361914 0.5287377162493999 0.03887361353439678 0.05714439436320662
25 0.47054928963110665 0.5295451536016949 0.03738394192422728 0.058097192796610186
25 0.5082876370887339 0.5304555084745763 0.03705290378863407 0.05760063559322037
26 0.5461798199152543 0.5319451800847459 0.03773834745762705 0.05561440677966101
26 0.5838354078389831 0.5332693326271187 0.03624867584745772 0.0552833686440678
26 0.6216565148305085 0.5339314088983051 0.03840042372881358 0.05561440677966112
26 0.6602224576271186 0.5349245233050848 0.03840042372881358 0.05561440677966112
8 0.3673946496212121 0.6396484375 0.050011837121212155 0.11570785984848475
0 0.42110558712121204 0.6411280776515151 0.04912405303030304 0.11629971590909094
2 0.4717092803030303 0.6427556818181818 0.05089962121212127 0.1171875
2 0.5248283617424242 0.6431995738636362 0.05415482954545464 0.11629971590909094
4 0.6329900568181818 0.6474905303030303 0.055634469696969724 0.12073863636363635
29 0.38054800724637683 0.7793817934782609 0.045572916666666685 0.12143342391304346
47 0.44522758152173914 0.8466089221014492 0.02887228260869562 0.04642210144927539
56 0.4140908061594203 0.8463258605072463 0.026041666666666685 0.049252717391304435
54 0.47452445652173914 0.8385416666666666 0.023494112318840632 0.05859375
55 0.5288722826086958 0.8384001358695652 0.023494112318840576 0.06114130434782605
51 0.5022644927536232 0.8371263586956521 0.025758605072463803 0.05746150362318836
52 0.5846354166666666 0.8450520833333333 0.028023097826086918 0.054630887681159424
59 0.6135076992753623 0.8467504528985508 0.027456974637681153 0.056895380434782594
5 0.5789097377232142 0.6447405133928572 0.0435965401785714 0.1246861049107143
