16 0.7602713448660714 0.14229038783482145 0.040980747767857206 0.10855538504464281
16 0.8021240234375 0.14272635323660723 0.040980747767857206 0.10855538504464295
16 0.8444126674107143 0.14272635323660723 0.040980747767857206 0.10855538504464295
14 0.7153669084821428 0.14120047433035715 0.04359654017857151 0.10986328124999997
14 0.6702444893973214 0.14141845703125006 0.044032505580357095 0.11117117745535718
14 0.6257760184151786 0.14098249162946436 0.044032505580357095 0.11117117745535718
14 0.5799996512276786 0.14098249162946436 0.044032505580357095 0.11117117745535718
17 0.5361851283482143 0.14185442243303575 0.042724609375 0.11117117745535711
17 0.4917166573660714 0.1401105608258929 0.042724609374999944 0.11117117745535711
17 0.44899204799107145 0.14032854352678575 0.038364955357142794 0.11073521205357141
19 0.4546595982142857 0.29727608816964285 0.03836495535714285 0.10288783482142858
26 0.6617431640625 0.2974940708705357 0.040980747767857095 0.09983607700892855
26 0.703159877232143 0.29705810546875 0.040980747767857095 0.09983607700892855
56 0.45880126953125 0.4088832310267857 0.0344412667410714 0.09940011160714285
56 0.4941144670758929 0.4080113002232143 0.03444126674107145 0.09940011160714285
56 0.5329153878348215 0.4093191964285714 0.0344412667410714 0.09940011160714285
56 0.5682285853794644 0.4093191964285714 0.0344412667410714 0.09940011160714285
47 0.6554216657366072 0.4040876116071428 0.03444126674107151 0.09416852678571436
47 0.61444091796875 0.4049595424107143 0.03444126674107151 0.09416852678571436
47 0.69378662109375 0.4062674386160714 0.03444126674107151 0.09416852678571436
47 0.7338954380580358 0.4036516462053572 0.03444126674107151 0.09416852678571436
47 0.7779279436383928 0.4027797154017857 0.03444126674107151 0.09416852678571436
47 0.8149850027901786 0.4001639229910715 0.03444126674107151 0.09416852678571436
0 0.5806535993303572 0.6837594168526786 0.04534040178571419 0.1652308872767857
2 0.530980510458855 0.6840200971960144 0.04626626645342413 0.16819724980439987
9 0.4786376953125 0.68768310546875 0.046212332589285754 0.1626150948660714
5 0.6329694475446428 0.6811436244419643 0.0514439174107143 0.1661028180803572
8 0.7385719535277062 0.6754828159517673 0.04989781330541232 0.16521740381075123
9 0.6854830532607695 0.6800447219601435 0.04835170920011045 0.16830062304399862
29 0.701416015625 0.8786359514508928 0.0558035714285714 0.1661028180803571
29 0.6438685825892857 0.8816877092633928 0.0558035714285714 0.1661028180803571
29 0.5887189592633929 0.8864833286830358 0.0527518136160714 0.1704624720982143
29 0.53509521484375 0.8904070172991072 0.0527518136160714 0.1704624720982143
29 0.4847412109375001 0.8912789481026786 0.046212332589285865 0.1713344029017857
19 0.4957372271825397 0.3003762865823413 0.038364955357142905 0.1028878348214286
19 0.5368148561507937 0.3003762865823413 0.038364955357142905 0.1028878348214286
19 0.5778924851190477 0.2988261873759921 0.038364955357142905 0.1028878348214286
19 0.6200396825396826 0.29878162202380953 0.040302579365079305 0.10153149801587302
