16 0.3648905203505181 0.11991764829208634 0.05509882368575625 0.13783643101016696
16 0.4206282856807068 0.11945700560340711 0.05509882368575625 0.13783643101016696
16 0.47360219487882005 0.11853572022604861 0.04957111142160525 0.13415128950073302
25 0.5276385613207547 0.11812721108490568 0.051131338443396235 0.13588959316037735
25 0.5792305424528302 0.11973946049528306 0.04836748231132071 0.13911409198113212
25 0.6317438089622642 0.11881817511792467 0.05297390919811318 0.13911409198113228
26 0.6849480395047169 0.11812721108490568 0.055277122641509524 0.13773216391509435
14 0.30860296285377364 0.1183575324292453 0.05711969339622647 0.13727152122641506
17 0.25033166273584906 0.11674528301886793 0.056659050707547176 0.13773216391509432
28 0.6087428291062802 0.4105997131642512 0.058971165458937214 0.1825747282608695
28 0.6696010718599033 0.4105997131642511 0.058971165458937214 0.1825747282608693
28 0.7295157759661834 0.41248679045893716 0.058971165458937214 0.1825747282608695
56 0.2853034704773869 0.4457737908291457 0.046619817839196 0.11335976758793964
47 0.3358491677135679 0.4470006281407035 0.043675408291457274 0.11188756281407036
55 0.42565365891959794 0.43129711055276376 0.04269393844221109 0.13347989949748745
52 0.4720281092964824 0.42982490577889443 0.04318467336683418 0.13642430904522612
29 0.5357255819838056 0.8532072368421052 0.059305414979757054 0.17870698380566807
0 0.4627799215587044 0.8460905870445343 0.047839701417004055 0.1486589068825911
2 0.4127656882591093 0.8512303896761133 0.049025809716599145 0.15577555668016196
3 0.36235608552631576 0.8508350202429149 0.04704896255060731 0.15814777327935226
