25 0.30696373052562187 0.6450389168960212 0.03792326710409605 0.04735938719010058
16 0.2973211176880223 0.5556069376740947 0.043523676880222795 0.06990990598885793
9 0.24797120648512072 0.16882906811482315 0.08278135527793382 0.26931301761650756
2 0.40555143704379565 0.17210310218978103 0.06700501824817517 0.2658816149635037
1 0.32927976733576647 0.16889541514598544 0.07128193430656937 0.26944571167883213
0 0.48039746806569344 0.17139028284671537 0.07555885036496346 0.2701585310218978
5 0.5573819571167884 0.16818259580291975 0.07270757299270081 0.26802007299270075
4 0.6300895301094891 0.1664005474452555 0.07128193430656937 0.27728672445255476
13 0.7131329835766425 0.21487226277372262 0.09052805656934304 0.17464073905109487
17 0.2631293402777778 0.4212990785256411 0.04382011217948714 0.06552150106837612
17 0.30903612446581197 0.42213374732905984 0.04382011217948717 0.06552150106837612
17 0.3532735710470085 0.42213374732905984 0.04382011217948717 0.06552150106837612
17 0.3991803552350428 0.42088174412393164 0.04382011217948717 0.06552150106837612
17 0.443626469017094 0.4204644097222222 0.043402777777777735 0.06886017628205127
17 0.48702924679487186 0.4190037393162393 0.04006410256410253 0.07345085470085466
15 0.526676014957265 0.41670840010683763 0.039229433760683774 0.07470285790598291
14 0.5688267895299146 0.4179604033119658 0.04423744658119666 0.0671908386752137
14 0.6138989049145299 0.4150390625 0.04173344017094016 0.0705295138888889
14 0.6581363514957265 0.41336972489316237 0.04173344017094016 0.0705295138888889
14 0.7048778044871795 0.4175430689102564 0.04173344017094016 0.0705295138888889
16 0.3383965877437326 0.5488063631615598 0.03862726323119775 0.06338135445682458
16 0.37661581650417825 0.5481263057103064 0.036723102367688054 0.061477193593314716
16 0.4153790912256267 0.5477182712395543 0.038083217270195036 0.059573032729805075
16 0.4540063544568245 0.5490783861420614 0.038083217270195036 0.059573032729805075
16 0.4923615947075209 0.5463581563370474 0.037539171309192265 0.05794089484679665
16 0.5307168349582173 0.5456780988857939 0.038083217270195036 0.05549268802228413
19 0.6074273154596099 0.5405096622562676 0.03590703342618384 0.05766887186629521
18 0.6825056580779945 0.5399656162952646 0.038083217270195036 0.05712482590529255
25 0.34545735916639864 0.645228540682429 0.03792326710409605 0.04735938719010058
25 0.37921039314698113 0.6439959860707785 0.02806283021089212 0.04754901097650821
25 0.40955019897222383 0.6418385922330098 0.03185530593904751 0.04702669902912615
25 0.44273436159358304 0.6406060376213594 0.03299304865749403 0.04683707524271841
25 0.47572890042853455 0.6390890473300972 0.03147605836623185 0.047595570388349606
24 0.5083434466019419 0.6370031856796117 0.03147754854368939 0.04873331310679607
26 0.539915807038835 0.6341588288834952 0.030908677184465994 0.04911256067961167
26 0.5719622269417477 0.6343484526699029 0.03166717233009708 0.04987105582524265
26 0.6059048847087378 0.6339692050970875 0.030529429611650394 0.04949180825242705
26 0.6373824332524272 0.6339692050970875 0.030529429611650394 0.04949180825242705
26 0.6707562196601942 0.6341588288834952 0.03318416262135926 0.04873331310679618
29 0.35658148655378474 0.8503096987051791 0.04552104083665337 0.1303380229083666
29 0.4036588022908366 0.8479752863545815 0.04552104083665337 0.1303380229083666
29 0.45112518675298796 0.8464190114541831 0.045521040836653315 0.1303380229083666
28 0.49800796812749 0.871903012948207 0.035794322709163384 0.08170443227091617
28 0.536718095657144 0.8693188007911535 0.03851338254934833 0.0835392450086021
9 0.6322366782868525 0.8578965388446214 0.047466384462151345 0.10427041832669326
8 0.5817925917070355 0.8600640495546223 0.04719668909588903 0.10315847759530072
56 0.6009166459163346 0.7201662101593624 0.027623879482071678 0.05758217131474097
47 0.6337929531872509 0.7193880727091633 0.031125498007968044 0.05758217131474108
59 0.32954121015936255 0.7261967753984063 0.033459910358565714 0.06964330179282863
59 0.36183391434262946 0.7254186379482072 0.028791085657370485 0.06886516434262946
33 0.39140313745019917 0.7234732943227091 0.02723481075697215 0.06886516434262946
33 0.4209723605577689 0.7230842255976095 0.02723481075697215 0.06886516434262946
55 0.4795272036852589 0.7186099352589641 0.028402016932270957 0.06769795816733071
54 0.5087320369525548 0.717588104470803 0.026017906021897852 0.06807424726277367
54 0.5386704493613139 0.7147368270985401 0.02958200273722622 0.06664860857664234
52 0.4499033205765072 0.7200882523148148 0.026017906021897796 0.06807424726277378
19 0.6423906642250421 0.5393040295402182 0.03590703342618384 0.05766887186629521
19 0.5664358031139309 0.541715294972317 0.03590703342618384 0.05766887186629521
