16 0.5872443704044117 0.3755163743300328 0.04045075061274506 0.07280303565365992
25 0.3830487651209677 0.5759959168208683 0.033077116935483875 0.05669823485141401
25 0.4151809355868751 0.577179939516129 0.029454157052056174 0.057491179435483875
17 0.26702008928571425 0.2588488520408163 0.04942602040816321 0.09446747448979587
17 0.31345663265306123 0.25087691326530615 0.040258290816326536 0.07932079081632651
17 0.35790019132653056 0.2530691964285714 0.04623724489795922 0.078125
17 0.4081234056122448 0.25227200255102034 0.04623724489795922 0.07812499999999992
17 0.4567522321428571 0.2542649872448978 0.04623724489795922 0.07812499999999986
17 0.5029894770408163 0.25346779336734687 0.0438456632653062 0.07971938775510182
17 0.5480309311224489 0.25346779336734687 0.043845663265306256 0.07971938775510182
17 0.5930723852040818 0.25346779336734687 0.043845663265306256 0.07971938775510182
17 0.6377152423469388 0.25306919642857134 0.043845663265306256 0.07971938775510179
15 0.6819595025510203 0.25386639030612246 0.043048469387755084 0.08529974489795913
15 0.727000956632653 0.2534677933673469 0.043845663265306034 0.08529974489795916
16 0.629250919117647 0.37529679840686275 0.0445197610294118 0.07276348039215685
16 0.6745861350212172 0.3756558287377451 0.04193143706540858 0.07348154105392157
16 0.7181707643995099 0.37757065716911764 0.042844286151960786 0.07060929840686275
14 0.5448787913602942 0.3748180912990196 0.04236557904411764 0.07228477328431371
14 0.5015557981004901 0.37457873774509803 0.04140816482843113 0.07276348039215685
14 0.4590705422794116 0.3737410003063726 0.04116881127450939 0.07348154105392152
14 0.4173033471200978 0.37314261642156865 0.04045075061274461 0.0732421875
14 0.3750574448529409 0.3736213235294117 0.04212622549019557 0.07084865196078433
14 0.3314950980392154 0.37290326286764697 0.04212622549019557 0.07084865196078433
14 0.2864966299019608 0.37302293964460786 0.046913296568627416 0.07060929840686275
16 0.5832727542001388 0.4746285232843137 0.03690501243305566 0.06223192401960781
16 0.5446827844420742 0.4750222984859266 0.03690501243305566 0.0622319240196077
16 0.4631713177082033 0.4742347480827008 0.03690501243305566 0.062231924019607754
16 0.5017612874662679 0.47384097288108795 0.03690501243305566 0.062231924019607865
16 0.42497512315175184 0.47423474808270083 0.03690501243305566 0.062231924019607865
16 0.38441627738562256 0.4746285232843137 0.03690501243305572 0.0622319240196077
16 0.3439886900200313 0.4749064822501581 0.03716752923413086 0.06278784195129655
16 0.30487368665981623 0.4750222984859266 0.03690501243305566 0.06223192401960781
25 0.31413810483870963 0.5748172883064516 0.033077116935483875 0.055128528225806495
25 0.34839654737903225 0.5779674899193549 0.033077116935483875 0.055128528225806495
25 0.4486518277239719 0.5781643775201613 0.032604358664959365 0.057097404233870885
25 0.48172894465945587 0.579739478326613 0.03260435866495959 0.057097404233870885
24 0.5155541204637096 0.5791488155241935 0.03268334173387094 0.05591607862903225
26 0.5502063382056451 0.5795425907258065 0.03662109375 0.055128528225806384
26 0.5884025327620968 0.581117691532258 0.03662109375 0.055128528225806384
26 0.6236454133064516 0.5817083543346775 0.03228956653225801 0.05552230342741937
26 0.6575100806451613 0.5813145791330645 0.03228956653225801 0.05552230342741926
26 0.6927529611895161 0.581511466733871 0.03662109375 0.055128528225806384
59 0.3364114200367647 0.6642061121323529 0.028722426470588258 0.07036994485294112
59 0.3669289981617647 0.6645651424632353 0.028722426470588258 0.07036994485294112
19 0.6233362268518519 0.4745008680555556 0.03725405092592593 0.06438078703703703
18 0.7063440393518517 0.48517071759259256 0.0390625 0.0661892361111111
56 0.6211935902555911 0.6667457068690097 0.029952076677316253 0.06864017571884984
47 0.6561376797124601 0.6670577076677316 0.029952076677316253 0.06427216453674123
52 0.4299422554347826 0.6637039553140096 0.02972146739130438 0.06887832125603865
52 0.46060726147343 0.6627604166666665 0.02972146739130438 0.06887832125603865
54 0.5577917421497585 0.6662986865942029 0.03255208333333337 0.0693500905797102
55 0.49315934480676327 0.6634680706521738 0.026890851449275333 0.06557593599033817
55 0.5242961201690821 0.6667704559178744 0.026890851449275388 0.06557593599033817
3 0.3559710919718613 0.7752157691601751 0.04709535303852597 0.11467108741929488
2 0.4462601701183432 0.7768628928823063 0.03987148668639051 0.11253253524130458
0 0.48930981878698226 0.7778006054476857 0.041605029585798925 0.11643558644190688
5 0.5340930103550297 0.7768525741745718 0.04680565828402383 0.11486456318931815
1 0.4020548261834319 0.774766549556213 0.041605029585798814 0.11441383136094674
4 0.5811875924556213 0.7802561020710059 0.04507211538461542 0.1149916789940828
4 0.628571098372781 0.7767890162721893 0.04507211538461542 0.1149916789940828
29 0.3642058062130177 0.9068047337278108 0.04564996301775148 0.11845876479289941
29 0.4133228550295857 0.9108496671597635 0.04564996301775148 0.11845876479289941
29 0.46070636094674544 0.9131610576923078 0.04564996301775148 0.11845876479289941
31 0.5066452477810651 0.9218287721893492 0.03235946745562135 0.08956638313609477
31 0.5442053439349114 0.9247180103550297 0.03235946745562135 0.08956638313609477
9 0.5847987546937548 0.9293407914201184 0.049406743571070444 0.10459042159763321
13 0.6378166605029586 0.9501433062130178 0.05778476331360949 0.07454234467455623
19 0.6637457096104724 0.4767458393199234 0.03725405092592593 0.06438078703703703
