17 0.28126398418854415 0.2271917884844869 0.029366795942720736 0.0587335918854415
17 0.31004810560859186 0.22800753281622912 0.028201446897374693 0.0585005220763723
17 0.2793994257159904 0.28895528788782815 0.02796837708830552 0.0629288484486874
17 0.30713473299522676 0.28114744928400953 0.026569958233890245 0.046380892004773244
16 0.3367345987470167 0.22835713752983294 0.025171539379474972 0.05919973150357993
16 0.3627218824582339 0.2291728818615752 0.025404609188544203 0.05896666169451073
16 0.3349865751789976 0.2820797285202864 0.02587074880668261 0.046847031622911706
16 0.361789603221957 0.28347814737470167 0.02587074880668261 0.046847031622911706
16 0.4146964498806682 0.2853427058472552 0.02587074880668261 0.046847031622911706
16 0.3878934218377088 0.2839442869928399 0.02587074880668261 0.046847031622911706
16 0.38964144540572787 0.2302216960023865 0.025171539379474972 0.05919973150357968
16 0.41562872911694504 0.2310374403341288 0.025404609188544203 0.058966661694510536
16 0.467137156921241 0.28417735680190914 0.02587074880668261 0.046847031622911706
16 0.494639394391408 0.28487656622911683 0.027269167661097826 0.0454486127684966
16 0.49487246420047726 0.23127051014319802 0.025404609188544203 0.058966661694510536
16 0.4688851804892601 0.23045476581145574 0.025171539379474972 0.05919973150357968
16 0.4419656175417661 0.22940595167064443 0.025404609188544203 0.05896666169451073
16 0.44103333830548924 0.2837112171837709 0.02587074880668261 0.046847031622911706
16 0.5461478221957039 0.28417735680190903 0.02726916766109788 0.045448612768496544
16 0.5203153664422672 0.28358182652822905 0.022531185373222185 0.04705438992996719
16 0.520393608293556 0.22975555638424805 0.025171539379474916 0.05919973150357952
16 0.5463808920047731 0.2305713007159903 0.025404609188544258 0.05896666169451037
14 0.2943887639578164 0.35715047301488834 0.024716966501240667 0.058642214640198476
14 0.3195903768610422 0.3577562810173697 0.024716966501240667 0.058399891439205986
14 0.2859074519230769 0.4200333436724566 0.025686259305210846 0.05791524503722084
14 0.31341113523573205 0.41288480924317617 0.02738252171215877 0.04555676178660051
19 0.345640120967742 0.3584832506203474 0.024474643300248122 0.058884537841191076
19 0.37047824906947896 0.3588467354218362 0.023263027295285288 0.058157568238213386
19 0.3398243641439206 0.41409642524813894 0.02592858250620339 0.044102822580645074
19 0.36575294665012414 0.41506571805210923 0.02592858250620339 0.044102822580645074
19 0.39107572115384615 0.41591384925558317 0.02374767369727049 0.042406560173697205
19 0.39471056916873454 0.3605429978287841 0.023263027295285288 0.058157568238213386
23 0.41821591966501237 0.36054299782878413 0.023263027295285343 0.058157568238213386
23 0.44244823976426795 0.3607853210297767 0.023263027295285343 0.058157568238213386
23 0.4418424317617866 0.4137329404466501 0.023020704094292854 0.04386049937965264
23 0.41664081885856075 0.4148233948511166 0.024474643300248122 0.04264888337468986
25 0.49079171836228286 0.35933138182382135 0.02253605769230771 0.058157568238213386
25 0.5151452000620347 0.35981602822580644 0.02374767369727049 0.058157568238213386
25 0.539619843362283 0.3603006746277916 0.02374767369727049 0.058157568238213386
25 0.5414372673697271 0.4122790012406948 0.02302070409429291 0.045799084987593
25 0.5179319168734492 0.41349061724565755 0.02302070409429291 0.045799084987593
25 0.4929726271712158 0.41445991004962784 0.023020704094292743 0.045799084987593
25 0.292799312974928 0.4929741575916946 0.02454532090053768 0.05941954898983903
25 0.31889866655584675 0.4936970725741832 0.0250194729906687 0.057973719024861814
25 0.34411196630636454 0.4936510407062782 0.023805471914830012 0.058450256185868854
25 0.3942230324248345 0.49441506511521355 0.023300923102138216 0.05587996013101881
25 0.41786948716242656 0.49383169689402134 0.023659557301652923 0.05704669657340322
25 0.3695260804038959 0.49369215013272494 0.025631574131967316 0.05732579009599603
25 0.4415481863341133 0.4929492609000454 0.022777121307677006 0.05704669657340311
26 0.4648496329066265 0.49146978539156627 0.023237481174698815 0.057064194277108404
26 0.48896955007530124 0.4926463667168674 0.023237481174698815 0.05706419427710829
26 0.5125011765813254 0.4920580760542168 0.023237481174698926 0.05706419427710835
26 0.5361798757530121 0.4917639307228916 0.021766754518072307 0.05529932228915663
59 0.32633260598503744 0.5582966412094763 0.02143079800498754 0.062587671446384
59 0.3494681265586035 0.557809577618454 0.02143079800498754 0.062587671446384
54 0.3945215087281796 0.5581748753117207 0.022891988778054873 0.0638053304239401
56 0.4181440928927681 0.5581748753117207 0.02240492518703241 0.06234413965087282
50 0.3027100218204489 0.5586619389027433 0.02240492518703241 0.06575358478802995
29 0.4870777398767606 0.7767798195422535 0.040919344190140816 0.15336157570422537
28 0.5209479533450705 0.80291318221831 0.025445642605633867 0.09971941021126762
28 0.5498321963028169 0.8048044124119719 0.028196522887323994 0.09800011003521125
4 0.450284716109155 0.7931131712147887 0.032666703345070436 0.12482119278169013
5 0.4165864326584507 0.7919096610915494 0.034729863556338 0.125852772887324
2 0.34351617517605637 0.7968956316021127 0.03782460387323949 0.12069487235915499
3 0.3065512213908451 0.7974114216549295 0.03472986355633806 0.12035101232394363
33 0.4666621767241379 0.35974542025862066 0.023572198275862044 0.058930495689655193
33 0.46750404094827586 0.4136247306034483 0.0252559267241379 0.04815463362068961
11 0.3803926355698529 0.7965087890625 0.0348259420955882 0.12171128216911764
