16 0.47865864559496574 0.3852483195080092 0.027710240274599507 0.06748784324942791
16 0.5063688858695653 0.3849131149885584 0.026369422196796277 0.06726437356979403
16 0.5329617777459955 0.3842427059496568 0.02458166475972523 0.0677113129290618
16 0.559107730263158 0.3826784181922197 0.026816361556063817 0.06860519164759726
16 0.5865945008581237 0.38089066075514877 0.02726330091533158 0.06860519164759726
16 0.6145282108123572 0.3802202517162472 0.02726330091533158 0.06860519164759726
16 0.6434675343249427 0.3782090245995423 0.0288275886727688 0.07128682780320367
16 0.6731890017162474 0.3763095323226545 0.02927452803203623 0.07106335812356984
25 0.7040278175057209 0.37418657036613273 0.030615346109839736 0.07218070652173914
25 0.7334140803775744 0.37306922196796344 0.028604118993134975 0.0730745852402746
25 0.7629120780892449 0.37083452517162474 0.028604118993134975 0.0730745852402746
25 0.7921866061212816 0.3706110554919908 0.028604118993134975 0.0730745852402746
