2 0.4574887387387387 0.3981031813063063 0.060705236486486513 0.22346565315315314
17 0.5115955799549549 0.38314681869369366 0.046628659909909886 0.10645411036036034
17 0.5087362753378377 0.47508445945945943 0.0373909065315316 0.07566159909909903
17 0.5463471283783783 0.47618419200450446 0.03431165540540548 0.07522170608108109
17 0.5549250422297296 0.38556623029279274 0.03739090653153154 0.10425464527027029
16 0.5940755208333333 0.3862260698198198 0.04178983671171166 0.10205518018018017
16 0.5832981418918919 0.47596424549549543 0.036071227477477485 0.07302224099099103
25 0.6224486204954955 0.47618419200450446 0.0395903716216216 0.07082277590090086
25 0.6637985641891893 0.4775038710585585 0.0395903716216216 0.07082277590090086
25 0.636085304054054 0.39018510698198194 0.0378307995495496 0.10029560810810811
25 0.6763355152027026 0.39172473254504503 0.04266962274774777 0.10425464527027023
28 0.4284195026178011 0.8612258671465969 0.05010634816753923 0.17332706151832455
28 0.4795484293193717 0.8545791066753925 0.05010634816753917 0.17332706151832455
28 0.376267997382199 0.8617371564136125 0.05010634816753923 0.17332706151832455
29 0.5429482984293195 0.8113751636125655 0.07464823298429313 0.24746400523560208
29 0.6094159031413613 0.8088187172774869 0.05828697643979053 0.24746400523560208
29 0.6702593259162304 0.8077961387434555 0.05828697643979053 0.24746400523560208
3 0.38914695945945943 0.3937658361486487 0.06862331081081074 0.22698479729729742
