25 0.43167949315920395 0.21134561567164176 0.05004275497512439 0.1321517412935323
25 0.4831798041044776 0.21256024564676612 0.05295786691542298 0.13069418532338298
16 0.6129022854477612 0.21474657960199 0.04809934701492535 0.1340951492537313
26 0.6663460043532337 0.21766169154228854 0.04712764303482586 0.13118003731343283
26 0.7168746113184079 0.21839046952736318 0.05101445895522383 0.13458100124378106
26 0.7800353700248756 0.21984802549751242 0.06073149875621886 0.1306941853233831
59 0.3187934027777778 0.3780381944444444 0.048177083333333315 0.1388888888888889
59 0.3687065972222222 0.3793402777777778 0.048177083333333315 0.1388888888888889
59 0.4168836805555556 0.3784722222222222 0.048177083333333315 0.1388888888888889
28 0.4307203043193717 0.5664676047120419 0.05777568717277487 0.17792866492146603
28 0.49105243782722513 0.5690240510471204 0.05982084424083778 0.17690608638743455
13 0.3547938481675392 0.5825732166230366 0.09305464659685864 0.14571744109947649
