14 0.29406848254504503 0.39766328828828823 0.049707911036036 0.11613175675675674
17 0.2956081081081081 0.514454884572072 0.048388231981982 0.1183312218468468
16 0.34641575168918914 0.39678350225225223 0.051467483108108114 0.11437218468468469
16 0.3970034487612612 0.3974433417792792 0.04970791103603611 0.11481207770270269
16 0.3477354307432432 0.513355152027027 0.051467483108108114 0.11437218468468463
16 0.3989829673423423 0.513575098536036 0.05014780405405406 0.11305250563063057
25 0.44561162725225223 0.40228216497747743 0.04398930180180177 0.10161528716216217
25 0.4480310388513513 0.5111556869369369 0.046188766891891886 0.11173282657657657
25 0.489820875563063 0.4011824324324324 0.041789836711711714 0.10117539414414412
25 0.49707911036036034 0.5085163288288288 0.04662865990991 0.11261261261261263
25 0.5914361627252251 0.5058769707207205 0.046188766891892 0.11525197072072013
25 0.5797789977477475 0.3970034487612613 0.04398930180180183 0.10161528716216217
25 0.5415083051801801 0.5080764358108105 0.04398930180180183 0.11525197072072013
25 0.5335902308558558 0.4005225929054054 0.04486908783783783 0.10337485923423428
2 0.6432531020220588 0.4360926011029411 0.06031709558823528 0.2419864430147058
2 0.7071605009191176 0.4346564797794117 0.06031709558823528 0.2419864430147058
0 0.7778894761029411 0.4299890854779412 0.07826861213235292 0.2441406249999999
