17 0.26522640306122447 0.15561224489795922 0.04424426020408162 0.10243941326530612
17 0.3074776785714286 0.1560108418367347 0.04185267857142855 0.10243941326530612
17 0.3479352678571428 0.156608737244898 0.03587372448979592 0.10044642857142858
17 0.3887914540816326 0.157405931122449 0.04264987244897955 0.10044642857142858
16 0.43064413265306123 0.1595982142857143 0.040258290816326536 0.10243941326530612
16 0.4720982142857143 0.16159119897959184 0.040258290816326536 0.10243941326530612
16 0.5115593112244898 0.16159119897959184 0.04025829081632659 0.10243941326530612
16 0.5522161989795917 0.1603954081632653 0.04025829081632659 0.10243941326530612
16 0.5932716836734693 0.16198979591836737 0.04025829081632659 0.10243941326530612
16 0.6347257653061222 0.15999681122448983 0.04025829081632659 0.10243941326530612
19 0.6738725838893249 0.15778153208398746 0.036440958594976536 0.10279201824960753
19 0.27608394114758916 0.2746403152705754 0.03953293737695279 0.09493043503261955
18 0.3560450819672131 0.2784003586065574 0.037781762295081955 0.09125256147540986
18 0.3944672131147541 0.2777599897540983 0.037781762295081955 0.09125256147540986
18 0.4322489754098361 0.2780801741803279 0.037781762295081955 0.09125256147540986
18 0.4713114754098361 0.2796810963114754 0.037781762295081955 0.09125256147540986
18 0.5092533299180328 0.28096183401639346 0.0361808401639343 0.08933145491803277
25 0.5470350922131146 0.28224257172131145 0.03682120901639341 0.09125256147540983
25 0.5851370389344261 0.2816022028688524 0.03554047131147542 0.09061219262295078
25 0.6597400102459017 0.2809618340163934 0.03554047131147542 0.09061219262295078
25 0.6216380635245902 0.2816022028688524 0.03682120901639341 0.09125256147540983
25 0.6956006659836065 0.28096183401639335 0.03682120901639341 0.09125256147540983
25 0.733702612704918 0.2803214651639343 0.03554047131147542 0.09061219262295078
56 0.6510935011942676 0.40695287619426745 0.0345217953821656 0.08863704219745222
47 0.6877923467356688 0.4057088475318471 0.03576582404458606 0.09112509952229297
50 0.6157941878980892 0.39871118630573243 0.03358877388535042 0.1132066082802548
34 0.3792317708333333 0.4138764880952381 0.0320870535714286 0.0837053571428571
34 0.34574962797619047 0.4138764880952381 0.0320870535714286 0.0837053571428571
54 0.5487351190476191 0.4010881696428571 0.028831845238095233 0.11300223214285715
52 0.515092101029601 0.39817167893339767 0.03316039253539249 0.10995942929536678
26 0.30757155373831774 0.49170378212616817 0.03376898364485981 0.06799430490654207
26 0.3427095502336448 0.4930727949766356 0.03376898364485981 0.06799430490654218
26 0.375794027453271 0.4953544830607476 0.0314872955607477 0.06890698014018687
26 0.4077376606308411 0.4958108206775701 0.0314872955607477 0.06890698014018687
26 0.40454329731308414 0.5747572283878504 0.0314872955607477 0.06890698014018681
26 0.37328417056074764 0.5756699036214953 0.029205607476635476 0.06981965537383172
26 0.34248138142523366 0.5720192026869159 0.03057462032710284 0.06890698014018692
26 0.3114504234813084 0.5720192026869159 0.030574620327102786 0.06890698014018692
59 0.43694326810747663 0.559469918224299 0.02783659462616822 0.0985689252336448
28 0.4718530957943925 0.5430417640186915 0.03924503504672894 0.13598860981308414
28 0.5129234813084111 0.5407600759345793 0.03924503504672894 0.13598860981308397
28 0.5539938668224299 0.5389347254672896 0.04107038551401865 0.13416325934579432
28 0.5950642523364487 0.5407600759345793 0.03924503504672894 0.13598860981308397
31 0.6336247809579438 0.5487459842289719 0.035137996495327006 0.11545341705607476
29 0.6670921803527445 0.841622660648311 0.047950524498592495 0.1336997218068262
41 0.34779094827586204 0.8030711206896551 0.05320581896551724 0.047817887931034475
41 0.3508216594827586 0.849542025862069 0.05253232758620685 0.042429956896551824
41 0.3528421336206896 0.8919719827586208 0.05387931034482757 0.03838900862068961
41 0.4070581896551724 0.8882677801724138 0.04647090517241381 0.033674568965517127
41 0.40739493534482757 0.8498787715517242 0.0471443965517242 0.03906249999999989
41 0.40604795258620685 0.8077855603448276 0.0471443965517242 0.03973599137931039
41 0.46026400862068956 0.8037446120689655 0.05320581896551724 0.047817887931034475
41 0.4592537715517241 0.8502155172413792 0.04445043103448282 0.04242995689655171
41 0.4570761494252873 0.8903275413074713 0.045483117816092045 0.03510012571839072
41 0.5116570132902298 0.8904566271551725 0.04740256824712624 0.03939924568965503
41 0.5114493534482758 0.8461745689655173 0.04781788793103431 0.03838900862068961
41 0.5144800646551723 0.8050915948275863 0.0471443965517242 0.03973599137931039
41 0.5653286637931033 0.8896147629310345 0.0464709051724137 0.033674568965517127
41 0.562634698275862 0.8508890086206896 0.042429956896551824 0.039735991379310276
61 0.6141567887931034 0.8933189655172413 0.0431034482758621 0.04512392241379304
61 0.6158405172413792 0.8505522629310345 0.04647090517241381 0.04040948275862066
61 0.619073275862069 0.8088126346982758 0.0467403017241379 0.04448410560344829
57 0.5646551724137931 0.8037446120689655 0.047817887931034475 0.0505118534482758
33 0.3045555320945946 0.40867820945945943 0.03932643581081091 0.08102829391891891
19 0.7134629555109464 0.1564618530299334 0.036440958594976536 0.10279201824960753
19 0.7543730061866221 0.15382249492182531 0.036440958594976536 0.10279201824960753
19 0.3143546337151568 0.2772796733786835 0.03953293737695279 0.09493043503261955
46 0.4015051800271739 0.7013735563858695 0.057850713315217406 0.04511294157608692
46 0.46811311141304346 0.7021696671195652 0.06687330163043481 0.04245923913043481
46 0.5365786345108696 0.703231148097826 0.0668733016304347 0.04245923913043481
46 0.6018597146739131 0.7040272588315217 0.06368885869565222 0.04511294157608692
46 0.6660793138586956 0.7034965183423912 0.06368885869565222 0.04511294157608692
46 0.6562606148097826 0.6599757982336956 0.06740404211956519 0.03662109374999989
46 0.5928371263586956 0.6607719089673914 0.06156589673913038 0.03609035326086951
46 0.5302097486413042 0.6618333899456521 0.06156589673913038 0.03609035326086951
46 0.4702360733695652 0.6628948709239131 0.05731997282608686 0.03821331521739124
46 0.41079313858695643 0.6607719089673914 0.05731997282608686 0.03821331521739124
51 0.4782252956081081 0.39640519425675674 0.0303526182432432 0.10029560810810811
51 0.5824799408783783 0.39640519425675674 0.0303526182432432 0.10029560810810811
