9 0.26451064033742333 0.4804927147239264 0.06889858128834353 0.2300613496932517
2 0.40859854294478526 0.48678345475460116 0.07069593558282206 0.2390481211656441
5 0.47240462039877296 0.489479486196319 0.05691621932515334 0.24084547546012264
4 0.5365102569018405 0.4912768404907975 0.06410563650306755 0.24324194785276065
16 0.594936540102389 0.4654503519624573 0.047328284982935065 0.10432220563139932
16 0.6412649317406143 0.46745013865187707 0.04399530716723543 0.10698858788395904
16 0.6357655183447098 0.5711057487201365 0.042328818259385725 0.09765625
16 0.5901037222696246 0.5689393131399316 0.04366200938566556 0.09998933447098979
25 0.6855935366894197 0.4714497120307167 0.03999573378839594 0.10432220563139932
25 0.7269224616040955 0.474116094283276 0.03999573378839594 0.10432220563139849
25 0.7215896970989761 0.5769384598976108 0.03999573378839594 0.09798954778156987
25 0.6807607188566552 0.5744387265358362 0.04099562713310578 0.09832284556313997
3 0.33462591240875916 0.4846743841240876 0.07199475364963503 0.24520985401459855
