28 0.2861382681564246 0.26899264197605904 0.05510212988826818 0.17684265127055387
28 0.34205874650837986 0.2705896473463687 0.05673882681564252 0.17676326815642457
28 0.3982520076815642 0.27140799581005587 0.05455656424581007 0.18167335893854752
28 0.4500807437150838 0.27331747555865926 0.04800977653631289 0.18221892458100558
28 0.6107498254189945 0.2752269553072626 0.057284392458100464 0.18494675279329614
28 0.6653063896648045 0.277682000698324 0.047464210893854775 0.18985684357541896
28 0.5559204783519553 0.2765908694134078 0.052374301675977675 0.18440118715083798
28 0.5010911312849162 0.2746813896648045 0.05291986731843573 0.18385562150837992
16 0.36465259308510634 0.05480177859042553 0.04986702127659576 0.10648686835106382
16 0.4194543716755319 0.0553212267287234 0.05246426196808507 0.10960355718085105
25 0.4768533909574468 0.05687957114361702 0.050905917553191515 0.10752576462765957
25 0.5326940658244681 0.05765874335106382 0.054542054521276584 0.10908410904255318
25 0.6121696309840425 0.061294880319148926 0.054542054521276584 0.10908410904255317
25 0.6874896110372339 0.06389212101063829 0.054542054521276584 0.10908410904255317
29 0.5887578971119134 0.8290204760830324 0.054997743682310474 0.14983359657039708
29 0.5330550541516246 0.8254949796931408 0.054997743682310474 0.14983359657039708
29 0.4777047608303248 0.8230271322202165 0.05499774368231003 0.14983359657039708
29 0.4216493682310468 0.8216169336642598 0.05499774368231003 0.14983359657039708
