17 0.25323412196356276 0.09805161943319837 0.06286373987854255 0.12572747975708504
15 0.3147140688259109 0.09963309716599189 0.060096153846153855 0.11544787449392713
15 0.37639170040485825 0.10200531376518218 0.060096153846153855 0.11544787449392713
14 0.4358948001012145 0.10576132338056679 0.05653782894736842 0.11505250506072873
14 0.49421179149797567 0.10793585526315788 0.057723937246963564 0.11228491902834008
16 0.5521334134615384 0.11228491902834008 0.05416561234817818 0.10674974696356274
16 0.6080781882591093 0.11505250506072874 0.05297950404858298 0.10833122469635628
19 0.6636275936234817 0.11821546052631578 0.05337487348178127 0.10674974696356274
19 0.7173978365384615 0.11900619939271254 0.05337487348178127 0.10674974696356272
25 0.27334091689560436 0.2821514423076923 0.05840058379120877 0.09729853479853479
25 0.327713627518315 0.2823302999084249 0.05124627976190471 0.09479452838827837
25 0.3803442651098901 0.2835823031135531 0.05043784340659341 0.09586767399267401
25 0.4323918269230769 0.2846554487179487 0.050080128205128194 0.09085966117216113
25 0.4840816735347985 0.2862651671245421 0.04972241300366281 0.09264823717948711
25 0.5341618017399268 0.2866228823260073 0.04972241300366276 0.09264823717948711
25 0.5828092060391865 0.28690421042715963 0.042579287574404656 0.09049821977068073
25 0.6289246574280755 0.28690421042715963 0.042579287574404656 0.09049821977068073
25 0.6777527824280754 0.2877332899305556 0.048004634796626866 0.0888400607638889
25 0.6628104856955523 0.4306864276281767 0.04985634373153036 0.08028272985002949
25 0.6159582218581137 0.43134973404255317 0.0430170669220703 0.07729388297872342
25 0.5727459083977118 0.43255847844392975 0.04300552363010823 0.07903197928235328
25 0.5283518504226823 0.4339581025943435 0.04452635234612479 0.077894965024079
25 0.4821183022775651 0.43564925829148315 0.04557057629593364 0.0786682387361825
25 0.4354060246394231 0.4369537771325712 0.04757225923179209 0.08021478616038946
25 0.38809933088991017 0.4364118766571601 0.04411383822017967 0.07880523604738193
25 0.33976508119678417 0.4391708502854821 0.046866114202176345 0.08159845900350388
25 0.28668775626108156 0.4397020954144666 0.05661118960549644 0.08552267087319443
25 0.2989247450371503 0.5985637701793882 0.045021208306266214 0.06963612360883464
25 0.4691058324898785 0.5900633273656231 0.038350835020242946 0.06845001530923944
25 0.4295688891700405 0.5912494356652183 0.038350835020242946 0.06845001530923944
25 0.3884504681174089 0.5944123911308054 0.04072305161943324 0.06924075417563613
25 0.3439714068825911 0.595005445280603 0.04269989878542513 0.07200834020802471
26 0.5094335146761133 0.586925923582996 0.0375600961538462 0.06918965080971662
59 0.3091788967611336 0.7664236462550607 0.036373987854251055 0.11030807186234814
2 0.3528672191295546 0.7334102985829959 0.05100265688259109 0.14865890688259098
2 0.40466061487854244 0.7314334514170039 0.05100265688259109 0.14865890688259098
2 0.462384552125506 0.726293648785425 0.05574709008097173 0.1462866902834008
2 0.5165501644736842 0.7209561614372468 0.05258413461538458 0.14193762651821873
2 0.5705180921052632 0.7166070976720647 0.05218876518218618 0.1443098431174089
2 0.6221138031376517 0.7140371963562752 0.0494211791497976 0.14233299595141702
55 0.5460051872469636 0.5673551366396761 0.03242029352226716 0.10437753036437247
54 0.6223114878542509 0.5635991270242915 0.03400177125506065 0.10160994433198378
52 0.5845537069838056 0.5632037575910931 0.035978618421052655 0.10793585526315785
28 0.48993187079124584 0.943326494107744 0.04338962542087532 0.10845433501683499
28 0.5282381102693603 0.9252420033670032 0.03648463804713786 0.11766098484848475
28 0.5673663720538722 0.9252420033670032 0.03648463804713786 0.11766098484848475
28 0.610111531986532 0.9235979587542087 0.03648463804713786 0.11766098484848475
29 0.4503038194444444 0.9019228745791246 0.040443497474747514 0.1657196969696969
29 0.4004892676767676 0.9101430976430976 0.053924663299663333 0.16966540404040398
29 0.34426294191919193 0.9116227377946128 0.05721275252525254 0.16539088804713797
