15 0.5522840659854064 0.20637136532795886 0.05562660325086233 0.11437010801403305
15 0.49351516371010723 0.20560918205382106 0.0596330038605738 0.11501685548695237
17 0.24840286330049263 0.19211822660098526 0.06109528940886694 0.12074738300492607
17 0.3109413485221675 0.19356142241379315 0.06109528940886694 0.12074738300492613
17 0.3729987684729065 0.196928879310345 0.06109528940886694 0.12074738300492632
17 0.43241032943349755 0.2036637931034483 0.05580357142857134 0.11978525246305413
15 0.6109740290395935 0.2092577569535746 0.05274021162524656 0.11821863018152073
14 0.6640432573891626 0.20799338054187194 0.05628463669950734 0.11978525246305413
14 0.7241764162561577 0.21208243534482762 0.060133158866994996 0.11834205665024625
14 0.28336194335402987 0.37600776492798993 0.05950844216098794 0.07262949742576624
14 0.33945615838379173 0.3775421626984127 0.05040160932368637 0.07731119791666669
16 0.39042736235119047 0.3787047371031746 0.048440600198412676 0.0784737723214286
16 0.438243333757571 0.3821032276328843 0.04421352045478277 0.07939669323047205
16 0.4868878943778717 0.3827023613721805 0.04678342177057221 0.07893268327067665
19 0.5363457471804511 0.38692434210526316 0.049195253759398594 0.07636278195488722
19 0.5853574365601503 0.3880257283834586 0.04735960996240607 0.07636278195488727
19 0.6338184328007518 0.38912711466165417 0.04735960996240607 0.07636278195488727
25 0.6846657659774436 0.39169701597744366 0.05139802631578938 0.07489426691729323
25 0.3120795008055501 0.5038246931922798 0.0443800038633525 0.07536722397580053
25 0.33359743514150947 0.6588410528748088 0.03777270047169812 0.04287213953340141
25 0.40674749410377364 0.6587489243370729 0.034087558962264064 0.044161939061703404
25 0.3715543926886793 0.6585646672616011 0.034087558962264064 0.044161939061703404
25 0.44212485259433965 0.6585646672616012 0.034087558962264064 0.044161939061703404
24 0.5828030143836025 0.6588802134647406 0.03408755896226401 0.044161939061703404
25 0.4784927537181458 0.6585657051241168 0.035959149608815466 0.04604015625462332
25 0.5136497370746762 0.6590638241525424 0.033942580935393485 0.044690148305084776
25 0.5479222130964263 0.6590644705402122 0.03408755896226412 0.044161939061703404
26 0.6180978548728814 0.659229343220339 0.035255561440677985 0.045021186440677985
2 0.34137594288793105 0.8351293103448276 0.042514143318965525 0.09513065732758619
1 0.3883098733836207 0.8183972588900863 0.0374629579741379 0.09870858028017249
56 0.4404002222521552 0.858385809536638 0.027991985452586188 0.049880455280172376
47 0.46986547009698276 0.8543869544719829 0.029254781788793094 0.05030138739224144
52 0.5510001346982759 0.8485991379310345 0.030307112068965525 0.05724676724137934
51 0.5236395474137931 0.848388671875 0.02399313038793105 0.05766769935344829
54 0.49785745554956906 0.8477572737068966 0.02504546066810348 0.05935142780172409
28 0.5801999025779376 0.8132166142086331 0.024589703237410054 0.06393322841726623
29 0.43242749550359716 0.7842944394484412 0.04519821642685856 0.0908648081534772
28 0.5432578853669114 0.7865572584196987 0.032352697503882255 0.05561643794595472
28 0.507604380122951 0.7849563362885512 0.03241867315573793 0.05801782114267595
28 0.4707831711065573 0.7943695568647542 0.028416367827868882 0.061635502049180335
25 0.35731732249672654 0.5074149965011033 0.0443800038633525 0.07536722397580053
25 0.4016514360178193 0.5089853498852779 0.04113646619965555 0.0720453847882675
25 0.445094106054584 0.5106009863742484 0.04113646619965555 0.06881411181032637
25 0.4879982305950251 0.5125756531941015 0.04005937520700842 0.06989120280297345
25 0.5294662338119369 0.5145503200139544 0.041854526861420216 0.06594186916326761
25 0.5722943474264706 0.5153880399816176 0.04308363970588236 0.06211224724264702
25 0.614480411305147 0.5153880399816176 0.039134306066176516 0.06354836856617646
25 0.6557688993566175 0.5171831916360294 0.039134306066176516 0.06354836856617646
