17 0.2553288792327089 0.24695492615273773 0.05557963346541783 0.09427908861671472
17 0.3073934505583573 0.24765850144092216 0.04882531069884727 0.09343479827089338
17 0.35720658096181557 0.247939931556196 0.04882531069884727 0.09343479827089346
15 0.4058222262247838 0.2551163994956772 0.045028818443804075 0.1066620136887608
15 0.45127318984149856 0.255397829610951 0.044184528097982734 0.10441057276657059
14 0.4968245164037337 0.2587351562168906 0.04466668410429736 0.10939664528680709
14 0.542175117074928 0.2589157060518732 0.04418452809798257 0.10750630403458222
16 0.5886110860951008 0.2586342759365994 0.04812454971181557 0.1052548631123919
16 0.6381427863832854 0.2594785662824207 0.04812454971181557 0.10525486311239193
16 0.27815419071245867 0.366476246623673 0.05029358103242054 0.09429260060930922
16 0.3258157734769638 0.36696085750853236 0.045627412090440966 0.0946565699658703
16 0.3704776762073392 0.3686273464163822 0.045627412090440966 0.0946565699658703
16 0.41563952561006956 0.36879399530716717 0.04262773205631132 0.09498986774744028
19 0.4582844496587031 0.3682940486348123 0.04066232935153585 0.0946565699658703
19 0.49957906450762896 0.370246658983826 0.04059370922003602 0.09208454039412267
19 0.5411089483788396 0.3699605375426621 0.04032903156996581 0.09199018771331052
18 0.5816046288395904 0.3702938353242321 0.037995947098976135 0.09065699658703069
18 0.6227669048634812 0.3689606441979522 0.04766158276450516 0.08999040102389078
25 0.29392083043175493 0.4632551357938719 0.04107547005571033 0.08051880222841223
25 0.3358123694289694 0.4627110898328691 0.04107547005571033 0.0805188022284124
25 0.37471165564066855 0.46298311281337046 0.037267148328690824 0.0821509401114206
25 0.4140189763231198 0.46420721622562683 0.03808321727019498 0.08296700905292498
25 0.45155814763231206 0.4651592966573816 0.03536298746518102 0.08269498607242343
25 0.49018541086350975 0.46434322771587744 0.04025940111420612 0.08215094011142066
24 0.5300367775069639 0.46393519324512533 0.037811194289693595 0.08242296309192199
24 0.5689360637186629 0.46352715877437334 0.038899286211699136 0.08106284818941512
24 0.6100115337743732 0.46216704387186647 0.038899286211699136 0.08106284818941517
26 0.5923300400417828 0.5664878568941505 0.03509096448467963 0.059028986768802194
59 0.5550306839226143 0.5533920267162215 0.033385856838939354 0.07860313210214831
56 0.34710132311977715 0.5564230066155988 0.032642757660167165 0.07535036559888575
47 0.30997018628133705 0.5561509836350975 0.038355240250696365 0.0764384575208914
54 0.4854183781524069 0.552216902866139 0.03235405190229812 0.0809533798023131
51 0.4529033580239098 0.5512645108704359 0.03058560755725359 0.08285816379371946
52 0.5225656370424931 0.5520891671780426 0.03031585641815837 0.08182304143007813
55 0.4193383942610063 0.5524641312893082 0.03347336871069179 0.08291568396226412
9 0.33165077110389607 0.6728135146103895 0.05115327380952378 0.13063108766233766
1 0.4324776785714286 0.6721793831168831 0.04312094155844154 0.13274485930735924
2 0.4798261634199134 0.6692201028138528 0.046502976190476164 0.13105384199134207
0 0.5278087797619048 0.6709111201298701 0.04523471320346317 0.13020833333333337
8 0.3836495535714286 0.6732362689393939 0.04438920454545453 0.13485863095238093
13 0.5838436695969125 0.6895920755737972 0.06337326686678102 0.08692786183941847
29 0.5501149970794392 0.8268837616822429 0.04517742406542058 0.1286872079439253
29 0.5021995473130841 0.8398893837616822 0.046090099299065546 0.13279424649532712
28 0.4604446553738317 0.8633907710280375 0.03468165887850466 0.09218019859813087
28 0.4216559579439252 0.8661287967289721 0.03468165887850466 0.09218019859813087
28 0.38332359813084105 0.873430198598131 0.03468165887850466 0.09218019859813087
28 0.34430673189252337 0.880959769275701 0.03513799649532706 0.09172386098130825
