9 0.6115227919427139 0.20760871670295492 0.05510034245385809 0.20549266704051877
8 0.3149326869419643 0.19896589006696438 0.06059919084821436 0.21493094308035726
2 0.669116463733163 0.2081211635044643 0.05762365735510255 0.2027239118303571
0 0.4363490513392857 0.20288957868303573 0.05580357142857145 0.20795549665178575
6 0.3759678431919643 0.2000558035714286 0.05972726004464285 0.2092633928571428
5 0.493896484375 0.20441545758928573 0.058419363839285754 0.21013532366071425
4 0.5531877790178572 0.20376150948660718 0.0558035714285714 0.20621163504464285
17 0.3138570759536785 0.37652205381471393 0.03911571866485014 0.06705551771117163
17 0.3524406079700273 0.37732033378746593 0.03645478542234332 0.06758770435967298
17 0.3896936733651226 0.3767881471389646 0.03645478542234332 0.06758770435967298
17 0.4266806454359674 0.3759898671662125 0.03645478542234332 0.06758770435967298
15 0.4649980841280654 0.37652205381471393 0.03539041212534061 0.06811989100817434
15 0.49932412295640327 0.37652205381471393 0.03326166553133514 0.06971645095367845
14 0.5328518818119892 0.3774533804495913 0.03272947888283373 0.07051473092643051
14 0.5666457339918256 0.378517753746594 0.03272947888283373 0.07051473092643051
14 0.6011048194822889 0.3807795470027248 0.0356565054495912 0.0686520776566758
16 0.6363621849455041 0.37958212704359673 0.03592259877384196 0.0694503576294278
16 0.6744135303133516 0.38171087363760225 0.03592259877384196 0.0694503576294278
16 0.328461942997823 0.4609275726721337 0.03610769180155682 0.06551100413125704
16 0.36273492132867136 0.4621626736789267 0.031072443181818232 0.06577244547431454
16 0.39602682473776224 0.4633577676474582 0.032779720279720315 0.06543099005473413
19 0.430001638986014 0.4634642701048951 0.03312117569930073 0.06453507430069932
19 0.4634642701048951 0.4638057255244755 0.03312117569930073 0.06453507430069932
19 0.49573180725524474 0.46568373033216787 0.02936516608391615 0.06487652972027969
25 0.5575352381993006 0.465854458041958 0.030730987762237816 0.06590089597902099
25 0.5264627950174825 0.46619591346153844 0.030730987762237816 0.06590089597902099
25 0.5879247705419579 0.46687882430069927 0.030730987762237816 0.06590089597902099
25 0.6196801245629369 0.46687882430069927 0.030730987762237816 0.06590089597902099
25 0.650752567744755 0.46653736888111885 0.030730987762237816 0.06590089597902099
18 0.3519790756118881 0.5474623033216783 0.030048076923076927 0.0549743225524475
25 0.3839051573426574 0.5503646743881119 0.03175535402097901 0.05668159965034969
25 0.4148068728146853 0.5522426791958042 0.030048076923076927 0.056340144230769273
25 0.4451964051573427 0.5515597683566433 0.030048076923076927 0.056340144230769273
25 0.47439084353146854 0.552071951486014 0.026974978146853124 0.05463286713286719
25 0.5027316433566433 0.552071951486014 0.026974978146853068 0.05394995629370636
25 0.5317553540209791 0.5532670454545454 0.029023710664335622 0.057023055069930106
25 0.5607790646853148 0.5532670454545454 0.029023710664335622 0.057023055069930106
25 0.5898027753496504 0.5546328671328671 0.029023710664335622 0.057023055069930106
25 0.6198508522727273 0.5553157779720279 0.029023710664335622 0.057023055069930106
25 0.6495574737762237 0.5563401442307692 0.029023710664335622 0.057023055069930106
26 0.6338505244755245 0.6469965581293706 0.02629206730769229 0.05053540209790208
26 0.6075584571678322 0.6487038352272727 0.02629206730769229 0.05053540209790208
26 0.5809249344405594 0.6483623798076923 0.02629206730769229 0.05053540209790208
26 0.5549743225524475 0.6475087412587412 0.025609156468531347 0.0508768575174825
26 0.5297066215034965 0.6488745629370629 0.025609156468531347 0.0508768575174825
26 0.5037560096153845 0.6481916520979021 0.025609156468531236 0.0508768575174825
26 0.478146853146853 0.6475087412587412 0.025609156468531347 0.0508768575174825
59 0.4508304195804196 0.6333383413461539 0.024926245629370625 0.06965690559440563
51 0.34532069493006995 0.6333383413461539 0.02834079982517479 0.06965690559440563
55 0.37246640078671334 0.6328261582167832 0.02185314685314682 0.06863253933566438
54 0.4241968968531469 0.6335090690559441 0.02356042395104896 0.06931545017482521
52 0.39722191870629375 0.6314603365384616 0.02697497814685318 0.07273000437062938
28 0.5186093203671329 0.7811885380244756 0.032779720279720315 0.08468094405594406
29 0.5689739947552447 0.7555793815559441 0.04199901660839167 0.13111888111888104
29 0.6130217438811189 0.7548964707167832 0.04199901660839167 0.13111888111888104
