13 0.45249155405405406 0.16414168074324326 0.09237753378378377 0.15572212837837837
13 0.5501478040540541 0.16810071790540537 0.09237753378378377 0.1557221283783783
13 0.6451646959459459 0.17997782939189186 0.09237753378378377 0.15572212837837834
9 0.23874436211340205 0.3654558634020619 0.07852770618556704 0.23155605670103097
2 0.315258537371134 0.3725032216494846 0.07047358247422686 0.21544780927835055
2 0.3831387429857758 0.3796369833126713 0.0693138906107269 0.2092344096633173
5 0.44931764240506333 0.3797839200949367 0.058099287974683556 0.2008751977848101
17 0.5071078916139241 0.355060818829114 0.040175039556962056 0.10074663765822783
17 0.49660057357594933 0.4480814873417722 0.03523041930379733 0.07169699367088606
14 0.550373318829114 0.3581512064873418 0.04017503955696211 0.09703817246835439
14 0.534612341772152 0.44900860363924056 0.03214003164556967 0.06860660601265822
16 0.5942568235759493 0.357842167721519 0.04264734968354433 0.09394778481012656
16 0.5750964200949368 0.44715437104430383 0.03893888449367089 0.06860660601265822
16 0.23081174615192898 0.5618099658526178 0.04636614075103468 0.06679810230431094
14 0.321993670886076 0.5602625593354431 0.04079311708860761 0.067370450949367
16 0.276959568347633 0.5618099658526178 0.046366140751034624 0.06679810230431094
25 0.364646805362117 0.5602313283426184 0.0405314240947075 0.060117078690807735
25 0.40667435584958217 0.5587352019498608 0.04025940111420612 0.06256528551532037
25 0.44448555013927576 0.5583271674791087 0.03536298746518107 0.06229326253481893
25 0.4817526984679666 0.5581911559888579 0.03590703342618384 0.061477193593314716
25 0.5173877089136492 0.5584631789693593 0.035907033426183954 0.061477193593314716
25 0.55465485724234 0.5590072249303621 0.035907033426183954 0.061477193593314716
25 0.23111947276966976 0.6440878179625903 0.040790053401338455 0.04741427403244636
25 0.27291303738831385 0.6432602226236073 0.04079005340133851 0.04741427403244636
25 0.31181001832051725 0.6401567401024209 0.033341695350490974 0.045345285684988856
25 0.34884490974000876 0.6380015227754237 0.03541068369794864 0.04469014830508489
25 0.3840177116467884 0.6375877251059321 0.03541068369794864 0.04469014830508489
25 0.42043190656204266 0.6344842425847457 0.03541068369794864 0.03931077860169496
25 0.4551909107993308 0.6297255693855932 0.03210030234201644 0.03806938559322037
25 0.487053331350178 0.6288979740466102 0.032100302342015996 0.03806938559322037
25 0.5213985379179745 0.6293117717161016 0.03210030234201611 0.03806938559322037
25 0.2302918774306867 0.7113299392549632 0.04079005340133843 0.04948326237990397
25 0.27167164437983926 0.70751953125 0.039134862723372354 0.050483315677966156
25 0.3121730998411017 0.7014487596144988 0.038408699682203395 0.052693714881171694
25 0.34822421323577146 0.6996573755296609 0.034996886028457075 0.05462129237288138
25 0.38319011630780536 0.6961400953389829 0.033755493019982485 0.05503509004237295
25 0.41877671588407656 0.6948987023305084 0.033755493019982485 0.05503509004237295
25 0.4525339699371348 0.6900513325004605 0.03009680197355652 0.04865073173820944
25 0.4853621773097826 0.6885760538527081 0.03343665081521735 0.047355365120670734
25 0.5189574914920352 0.6854185977224575 0.028873400168103358 0.045178429555085
26 0.227100436970339 0.7822100105932204 0.03144862288135594 0.05503509004237295
26 0.2618594412076271 0.7822100105932203 0.03475900423728817 0.05337989936440679
26 0.2978598384533898 0.7793134269067795 0.03475900423728817 0.05337989936440679
26 0.3332395391949152 0.7778651350635593 0.03517280190677974 0.04882812500000011
26 0.3704813294491525 0.7737271583686438 0.03517280190677974 0.04882812500000011
26 0.40399894067796605 0.7689684851694915 0.030207229872881436 0.05255230402542366
26 0.43503376588983045 0.7644167108050847 0.030207229872881436 0.05255230402542366
26 0.46606859110169485 0.7640029131355931 0.030207229872881436 0.05255230402542366
26 0.4975172139830507 0.7602787341101694 0.030207229872881214 0.05255230402542366
29 0.3648714501028165 0.8487030522732075 0.03349314319270452 0.07348758750921147
29 0.32980130388386475 0.85201713770035 0.03535523270541635 0.07713080612103906
