17 0.1778612012987013 0.05769328327922079 0.06531554383116883 0.10907061688311688
14 0.23968902191558444 0.05547382305194806 0.05199878246753245 0.10716822240259741
16 0.29580965909090906 0.05579088879870131 0.05516943993506496 0.1078023538961039
16 0.3544668222402597 0.05769328327922079 0.05960836038961037 0.11541193181818181
16 0.41312398538961037 0.05959567775974027 0.05516943993506496 0.11414366883116883
16 0.46956168831168826 0.06340046672077923 0.05516943993506496 0.11414366883116883
16 0.5266335227272727 0.06847351866883118 0.05516943993506501 0.11414366883116885
16 0.5824370941558441 0.07101004464285716 0.05516943993506496 0.11414366883116886
16 0.6372894683441559 0.07576603084415587 0.05199878246753242 0.11477780032467534
16 0.6918247767857142 0.08020495129870131 0.05199878246753242 0.11477780032467533
16 0.746677150974026 0.08052201704545456 0.05643770292207795 0.1179484577922078
19 0.8040660511363636 0.08686333198051949 0.05453530844155852 0.11287540584415584
25 0.2286888860887097 0.2212071572580645 0.05119077620967741 0.09450604838709675
25 0.27987966229838707 0.22514490927419356 0.05119077620967738 0.09450604838709678
25 0.33028288810483875 0.2310515372983871 0.04489037298387094 0.09686869959677419
25 0.3783234627016129 0.23262663810483872 0.04489037298387094 0.09686869959677419
25 0.4271515877016129 0.2342017389112903 0.04489037298387094 0.09686869959677422
25 0.5240202872983872 0.24128969254032262 0.044890372983870885 0.09686869959677424
25 0.47597971270161293 0.239714591733871 0.044890372983870885 0.09686869959677424
25 0.5748172883064517 0.24404611895161293 0.04882812499999989 0.09450604838709684
25 0.6232516381048387 0.24680254536290322 0.0464654737903224 0.09371849798387094
25 0.6705046622983872 0.24916519657258063 0.0464654737903224 0.09371849798387091
25 0.7174261939023638 0.250703384711278 0.04082805574365922 0.09049447103545924
25 0.7654487329937207 0.2527143435653164 0.05188983239965528 0.08349068309837479
25 0.2471993730854589 0.35591185394004754 0.046086961193423315 0.08150841421292826
25 0.29356716620561396 0.357834942133971 0.0411662974337334 0.08220438898787197
25 0.33648255813953487 0.35957182655038755 0.04012233527131781 0.08024467054263568
25 0.3800536125679341 0.36244307288367567 0.040780420778528725 0.08207242981404406
25 0.4242982170259856 0.36377154900197567 0.04314896323485057 0.08092952796504094
25 0.466312378875969 0.368656128875969 0.043907461240310086 0.07873062015503873
25 0.5111506570860858 0.3709360413273309 0.04390746124031003 0.07873062015503873
25 0.5569131246135341 0.3721312279903025 0.043148963234850624 0.08092952796504094
25 0.5991761916342413 0.3744148224708171 0.03875851167315181 0.08093689202334631
25 0.6388029257816036 0.3760768904303532 0.03854200835897181 0.07913269773851533
25 0.681931269653199 0.3784046692607004 0.042721847853135264 0.07827699416342415
25 0.7256295916376347 0.3795446254863813 0.042721847853135264 0.07827699416342415
25 0.7108101607037826 0.5017099343385214 0.039681964584652674 0.06725741731517504
25 0.6700434703307392 0.4999999999999999 0.03837852626459137 0.06687743190661471
25 0.6309049732490271 0.4984800583657587 0.03837852626459137 0.06687743190661483
25 0.5902465345330739 0.4962001459143968 0.03837852626459137 0.06687743190661488
56 0.25070680222751895 0.47606535665642524 0.042777712338855245 0.09152386683982133
56 0.29415197095435686 0.47913154823651455 0.03971084024896265 0.08874157157676354
47 0.335686268153527 0.4775106976141079 0.0376847769709544 0.08955199688796683
47 0.3782335969917012 0.479739367219917 0.04092647821576767 0.08995720954356845
47 0.42037571317427386 0.48054979253112035 0.04092647821576767 0.08995720954356845
47 0.46454389263485474 0.4817654304979254 0.04092647821576767 0.08995720954356856
47 0.5066860088174273 0.48379149377593367 0.040926478215767614 0.0899572095435685
47 0.5484081885868359 0.48529554417028287 0.0392761800782363 0.08648190784264037
25 0.2567565189729078 0.5910199073251852 0.03837852626459137 0.06687743190661488
25 0.29525172125506544 0.5910199073251852 0.03837852626459137 0.06687743190661488
25 0.3338669176117858 0.5926649161659681 0.03408641155944947 0.06854659896577397
25 0.37054874686173034 0.5932194079266028 0.03609230700146898 0.06641388124223013
24 0.40882715248962653 0.5952249740663901 0.03646913900414933 0.0656444502074689
26 0.44652251683501676 0.5982678345959596 0.03748421717171718 0.0614872685185186
26 0.48367792508417506 0.5976102167508417 0.03748421717171718 0.0614872685185186
26 0.5208333333333333 0.5979390256734006 0.03748421717171713 0.0614872685185186
26 0.5565091014309764 0.5977746212121211 0.03584017255892269 0.06378893097643101
26 0.5931712962962963 0.5994186658249158 0.036826599326599374 0.06510416666666652
26 0.6309843223905722 0.598432239057239 0.036826599326599374 0.06510416666666652
26 0.6676465172558921 0.602706755050505 0.03452493686868696 0.06313131313131315
26 0.7049663299663299 0.6028711595117844 0.038799452861952854 0.062144886363636354
28 0.2976375747011952 0.6985728959163346 0.04513197211155384 0.09532183764940239
28 0.3451039591633466 0.6983783615537849 0.04591010956175301 0.0949327689243028
28 0.3896343670693936 0.7017909561809839 0.04548511860093879 0.09277640437110002
28 0.4324498879482071 0.7038253237051793 0.037739666334661415 0.0949327689243028
28 0.47291303535856566 0.7055761329681274 0.0408522161354582 0.09454370019920322
28 0.515516060756972 0.7069378735059761 0.03890687250996028 0.09571090637450197
28 0.5559792081673307 0.7073269422310757 0.03890687250996028 0.09571090637450197
28 0.5964423555776892 0.7073269422310757 0.03890687250996028 0.09571090637450197
28 0.6832046812749002 0.710828560756972 0.03890687250996028 0.09571090637450197
28 0.6406863005991301 0.7096004697811806 0.042577780481129035 0.09558913677351655
13 0.63531952818497 0.8591513597328244 0.0562931955384568 0.0693284828244275
0 0.5851593625498008 0.8392212400398406 0.04201942231075695 0.11827689243027883
2 0.5429454058764939 0.8392212400398406 0.03929594123505975 0.12138944223107573
2 0.5007937001992031 0.8368879711354962 0.03747509960159373 0.11723968272900764
9 0.45832295816733065 0.8398048431274899 0.043575697211155395 0.12177851095617531
29 0.31028230826693226 0.8302726593625498 0.049411728087649376 0.13383964143426297
29 0.3604721738047809 0.8343578809760956 0.047855453187250985 0.13345057270916327
29 0.41066203934262946 0.8343578809760956 0.047855453187250985 0.13345057270916327
