16 0.4664974908759124 0.5064153740875913 0.04205634124087593 0.10763572080291972
16 0.5131871578467153 0.5028512773722629 0.04704607664233573 0.11048699817518248
16 0.5609460538321168 0.5049897354014599 0.04704607664233573 0.11048699817518248
16 0.5637973312043796 0.6176151916058394 0.04562043795620441 0.11333827554744524
16 0.513899977189781 0.616189552919708 0.045620437956204296 0.11333827554744524
16 0.4689923585766423 0.6193972399635037 0.042769160583941424 0.11405109489051102
25 0.6083485401459854 0.5024948677007299 0.04490761861313863 0.10977417883211682
25 0.6546817974452555 0.5046333257299271 0.04490761861313863 0.10977417883211699
25 0.7017278740875912 0.5046333257299271 0.04490761861313863 0.10977417883211699
25 0.7038663321167884 0.6172587819343066 0.04490761861313863 0.10977417883211693
25 0.658245894160584 0.6172587819343066 0.04490761861313863 0.10977417883211693
25 0.6111998175182483 0.6158331432481752 0.04490761861313863 0.10977417883211693
