17 0.2779408837579618 0.2496392316878981 0.05722531847133758 0.09516819267515927
17 0.3329891520700637 0.25306031050955413 0.05162718949044587 0.09454617834394902
17 0.3877264132165605 0.2524382961783439 0.05162718949044587 0.09454617834394902
17 0.44121964570063693 0.25554836783439483 0.05162718949044587 0.09454617834394902
17 0.4922248208598724 0.25865843949044587 0.05162718949044559 0.09454617834394902
17 0.5457180533439487 0.2599024681528662 0.051627189490445535 0.09454617834394902
17 0.6004553144904456 0.26052448248407645 0.051627189490445535 0.09454617834394902
17 0.6514604896496814 0.26114649681528657 0.051627189490445535 0.09454617834394902
17 0.6999776074840762 0.2648785828025477 0.051627189490445535 0.09454617834394902
17 0.29597929936305734 0.3911474920382166 0.0522492038216561 0.07837380573248409
17 0.3482285031847134 0.3899034633757962 0.0522492038216561 0.07837380573248409
17 0.39861166401273884 0.39208051353503187 0.047273089171974536 0.07775179140127386
17 0.4458847531847134 0.3955015923566879 0.04602906050955413 0.07712977707006369
17 0.4931578423566879 0.39674562101910826 0.0460290605095543 0.07712977707006369
17 0.5429189888535033 0.3973676353503185 0.046029060509554354 0.07712977707006369
17 0.5883260350318472 0.3973676353503185 0.046029060509554354 0.07712977707006369
14 0.6355991242038217 0.3973676353503185 0.0522492038216561 0.08086186305732479
16 0.6866042993630573 0.39923367834394907 0.04602906050955413 0.08210589171974525
16 0.30717555732484075 0.522392515923567 0.04478503184713378 0.07339769108280253
16 0.3532046178343949 0.5236365445859873 0.04478503184713378 0.07339769108280253
16 0.39923367834394907 0.5255025875796179 0.04354100318471338 0.07339769108280253
16 0.4421526671974523 0.5267466162420383 0.04354100318471338 0.07339769108280253
19 0.4856936703821656 0.5279906449044587 0.04354100318471338 0.07339769108280253
25 0.5270576234076434 0.5307897093949046 0.041674960191082744 0.071531648089172
25 0.5718426552547771 0.5307897093949046 0.041674960191082744 0.071531648089172
25 0.6160056727707006 0.5301676950636942 0.041674960191082744 0.071531648089172
25 0.6583026472929936 0.5301676950636942 0.041674960191082744 0.071531648089172
25 0.33641023089171984 0.6946904856687899 0.03856488853503176 0.05224920382165599
25 0.37497511942675166 0.6934464570063695 0.03856488853503176 0.05224920382165599
25 0.4135400079617835 0.6928244426751593 0.03856488853503176 0.05224920382165599
25 0.45334892515923575 0.6953125 0.03856488853503176 0.05224920382165599
25 0.4903587778662421 0.6925134355095541 0.03421078821656043 0.054115246815286566
25 0.5270576234076434 0.6925134355095541 0.03421078821656043 0.054115246815286566
25 0.5625124402866242 0.6937574641719745 0.03421078821656043 0.054115246815286566
25 0.6054314291401274 0.6209817874203821 0.0379428742038217 0.054115246815286566
26 0.6411972531847134 0.6937574641719746 0.03358877388535031 0.05909136146496807
26 0.6443073248407644 0.6203597730891719 0.03483280254777066 0.05162718949044587
25 0.6023213574840764 0.6918914211783439 0.0379428742038217 0.054115246815286566
25 0.5671775477707006 0.6200487659235668 0.03483280254777077 0.04976114649681529
25 0.53234474522293 0.6194267515923566 0.03483280254777077 0.04976114649681529
25 0.49191381369426757 0.617560708598726 0.03483280254777066 0.04976114649681529
25 0.4514828821656051 0.6169386942675158 0.03483280254777066 0.04976114649681529
25 0.41416202229299365 0.617560708598726 0.03483280254777066 0.04976114649681529
25 0.37559713375796183 0.617560708598726 0.03483280254777066 0.04976114649681529
25 0.3372471688739579 0.6158539619582103 0.03650667851224687 0.05068658245300606
