17 0.16480152027027026 0.35153610641891886 0.06598395270270269 0.1266891891891892
17 0.23606418918918923 0.3502164273648648 0.06598395270270269 0.1266891891891892
15 0.31788429054054057 0.354175464527027 0.08973817567567566 0.1082136824324324
15 0.4088272555643879 0.35457486151132744 0.08422968004769471 0.10741488846383146
14 0.4963594324448529 0.35436293658088236 0.07503733915441174 0.11704388786764702
14 0.5781455714676071 0.3557990579044117 0.08042279411764708 0.11776194852941174
19 0.6679759306066176 0.3554400275735294 0.079345703125 0.11129940257352944
19 0.7546817555147058 0.35651711856617646 0.08832146139705888 0.11129940257352944
16 0.836631301855624 0.35683578224364065 0.06839702466713049 0.11353431786565976
16 0.23037452028508776 0.4747293037280702 0.07195723684210523 0.08009525767543862
16 0.3012609649122807 0.47665672971491235 0.06724575109649122 0.07966694078947373
16 0.3702199835526316 0.47922663103070184 0.06724575109649122 0.07966694078947362
16 0.4387506853070175 0.4775133634868423 0.06724575109649122 0.07966694078947378
16 0.5077097039473683 0.48008326480263175 0.06724575109649095 0.07966694078947367
16 0.577525356359649 0.48093989857456154 0.06724575109649089 0.07966694078947362
16 0.6470607614337391 0.4812540910267051 0.06941527619794219 0.07995123111883073
16 0.7196184425085057 0.4826231038771725 0.06941527619794219 0.07995123111883096
16 0.7917197859664495 0.4826231038771725 0.06941527619794219 0.07995123111883096
16 0.28169135466370254 0.5592712908322489 0.07031692437222858 0.056022436650520646
16 0.34357608451718236 0.5620635874542125 0.05243116429896849 0.05616128663003672
16 0.3983065103413582 0.5620635874542125 0.05243116429896849 0.05616128663003672
16 0.4537523665684644 0.5627790178571429 0.05243116429896849 0.05616128663003672
16 0.5109867988028968 0.5631367330586081 0.05243116429896855 0.05616128663003672
16 0.5650017942241422 0.5649253090659341 0.05243116429896855 0.05616128663003672
25 0.6248426053113553 0.5647464514652015 0.0558035714285714 0.05079555860805862
25 0.6831501831501832 0.5665350274725276 0.0558035714285714 0.05079555860805862
26 0.7430070545304921 0.5699707853028166 0.06033301931739432 0.056801790200227686
29 0.3728399213576159 0.6525507036423841 0.06531974337748347 0.11641142384105962
29 0.4407465852649006 0.6538441639072848 0.06531974337748347 0.11641142384105962
28 0.5287018832781457 0.6654853062913907 0.0485047599337749 0.0931291390728477
28 0.5759131829470199 0.6606348302980132 0.040743998344370924 0.0924824089403975
28 0.6237712127483444 0.6619282905629138 0.040743998344370924 0.0924824089403975
28 0.6722759726821192 0.6671021316225165 0.04591783940397354 0.08860202814569551
