17 0.27827228483606553 0.18141649590163933 0.043224897540983576 0.10085809426229508
17 0.2822745901639344 0.27587090163934425 0.04162397540983598 0.08805071721311475
15 0.3190957991803278 0.27266905737704916 0.038422131147541005 0.08805071721311475
15 0.3198962602459016 0.1798155737704918 0.0400230532786886 0.09445440573770492
14 0.3615202356557377 0.18381787909836064 0.03682120901639341 0.10245901639344263
14 0.3615202356557377 0.28067366803278687 0.0400230532786886 0.08484887295081966
14 0.3991419057377049 0.27907274590163933 0.03522028688524581 0.08164702868852458
14 0.40074282786885246 0.18301741803278687 0.038422131147540894 0.10085809426229508
16 0.44156634221311475 0.1822169569672131 0.04002305327868849 0.09605532786885246
16 0.44236680327868855 0.28307505122950816 0.04162397540983609 0.08324795081967212
19 0.48319031762295084 0.18541880122950818 0.04002305327868849 0.1088627049180328
19 0.4839907786885246 0.28387551229508196 0.038422131147541005 0.09125256147540983
18 0.5232133709016393 0.1846183401639344 0.03682120901639352 0.10085809426229508
18 0.5232133709016393 0.28147412909836067 0.04002305327868849 0.08965163934426229
23 0.5640368852459017 0.18541880122950818 0.038422131147541005 0.10245901639344263
23 0.5640368852459017 0.28067366803278687 0.038422131147541005 0.08484887295081966
25 0.6032594774590163 0.2854764344262295 0.03682120901639341 0.09125256147540983
25 0.6032594774590163 0.18541880122950818 0.03682120901639341 0.09925717213114754
24 0.6400806864754098 0.2822745901639344 0.033619364754098324 0.08805071721311475
24 0.6424820696721312 0.18621926229508196 0.038422131147541005 0.09765625
54 0.32790087090163933 0.40714651639344257 0.04002305327868849 0.10726178278688525
51 0.3991419057377049 0.4111488217213114 0.03522028688524581 0.1088627049180328
52 0.43436219262295084 0.4111488217213114 0.038422131147541005 0.1088627049180328
59 0.4727843237704918 0.4151511270491803 0.03201844262295073 0.11046362704918034
59 0.5040023053278688 0.4119492827868852 0.03041752049180335 0.10405993852459017
56 0.5776447233606558 0.4223552766393442 0.04002305327868849 0.08965163934426235
47 0.6192686987704918 0.41915343237704916 0.0400230532786886 0.08965163934426229
26 0.4399654200819672 0.5440253586065573 0.03682120901639341 0.07044057377049184
26 0.47678662909836067 0.5408235143442623 0.033619364754098324 0.06723872950819676
26 0.510405993852459 0.5408235143442623 0.033619364754098324 0.06723872950819676
26 0.5440253586065573 0.5432248975409836 0.03041752049180324 0.07204149590163933
26 0.5792456454918032 0.5448258196721312 0.033619364754098324 0.06563780737704927
26 0.6112640881147541 0.541623975409836 0.03041752049180335 0.07204149590163944
28 0.3367059426229508 0.918641137295082 0.04162397540983609 0.10566086065573776
28 0.37592853483606553 0.918641137295082 0.03682120901639341 0.10566086065573776
28 0.41355020491803274 0.9170402151639344 0.038422131147541005 0.10886270491803285
