17 0.2854764344262295 0.2510566086065574 0.05763319672131151 0.13767930327868852
17 0.3415087090163934 0.24305199795081966 0.05122950819672134 0.11846823770491802
17 0.39193775614754095 0.24625384221311475 0.043224897540983576 0.11526639344262293
17 0.43356173155737704 0.2438524590163934 0.043224897540983576 0.10726178278688522
14 0.47678662909836067 0.24225153688524587 0.04002305327868849 0.10405993852459014
14 0.520811987704918 0.2446529200819672 0.04162397540983609 0.1024590163934426
19 0.5624359631147541 0.24305199795081966 0.04482581967213117 0.1024590163934426
16 0.6000576331967213 0.24145107581967212 0.03041752049180324 0.09925717213114751
25 0.6368788422131147 0.24145107581967212 0.04002305327868849 0.09925717213114751
25 0.29908427254098363 0.3943391393442623 0.04962858606557374 0.1168673155737705
25 0.3455110143442623 0.38553406762295084 0.043224897540983576 0.10245901639344263
25 0.38953637295081966 0.38233222336065575 0.038422131147541005 0.09925717213114754
25 0.43116034836065575 0.3759285348360656 0.038422131147541005 0.09285348360655737
25 0.47438524590163933 0.3719262295081967 0.04162397540983598 0.09445440573770492
25 0.5128073770491803 0.3711257684426229 0.03522028688524592 0.09285348360655737
25 0.5496285860655739 0.36552254098360654 0.03522028688524592 0.08484887295081966
25 0.5848488729508197 0.36312115778688525 0.03201844262295084 0.0864497950819672
25 0.6200691598360655 0.35911885245901637 0.03522028688524592 0.08164702868852458
25 0.3046875 0.5152087602459017 0.04482581967213117 0.0992571721311476
25 0.35111424180327866 0.5096055327868853 0.04482581967213117 0.09125256147540989
25 0.3943391393442623 0.5032018442622951 0.04162397540983609 0.08484887295081972
25 0.4367635758196721 0.49759861680327866 0.0400230532786886 0.0864497950819672
25 0.47518570696721313 0.4919953893442623 0.03682120901639341 0.08164702868852458
25 0.5128073770491803 0.4879930840163934 0.03522028688524592 0.07684426229508196
25 0.5496285860655739 0.48158939549180324 0.03522028688524592 0.08644979508196715
25 0.5832479508196722 0.4759861680327868 0.02561475409836056 0.08484887295081961
26 0.6144659323770492 0.471983862704918 0.03361936475409821 0.08324795081967212
29 0.3343045594262295 0.8073770491803278 0.06563780737704916 0.2577484631147541
29 0.40074282786885246 0.7897669057377048 0.07364241803278693 0.24494108606557374
29 0.4647797131147541 0.7737576844262295 0.05763319672131151 0.2353355532786885
29 0.5216124487704918 0.7561475409836065 0.059234118852459106 0.22573002049180324
28 0.5672387295081966 0.7817622950819672 0.038422131147540894 0.14568391393442626
2 0.6144659323770492 0.754546618852459 0.05283043032786883 0.18410604508196715
