41 0.2054303278688524 0.7569480020491803 0.04482581967213117 0.07364241803278693
41 0.25746029713114754 0.7577484631147541 0.05603227459016391 0.06563780737704916
41 0.3158939549180328 0.7625512295081966 0.06083504098360659 0.06563780737704927
41 0.20943263319672129 0.8153816598360655 0.043224897540983576 0.043224897540983576
41 0.2622630635245901 0.8169825819672131 0.05603227459016391 0.05283043032786883
41 0.3190957991803279 0.8153816598360656 0.054431352459016424 0.06563780737704916
41 0.5752433401639344 0.8089779713114753 0.05122950819672134 0.06243596311475408
41 0.6304751536885246 0.8153816598360655 0.05283043032786883 0.06243596311475408
41 0.688108350409836 0.8217853483606558 0.052830430327868716 0.05283043032786883
41 0.7425397028688525 0.8249871926229508 0.05283043032786883 0.05603227459016391
41 0.7473424692622951 0.7705558401639344 0.05283043032786905 0.05603227459016402
42 0.803374743852459 0.7665535348360656 0.049628586065573854 0.04482581967213117
42 0.7985719774590164 0.8001728995901639 0.04642674180327866 0.03201844262295084
42 0.7961705942622951 0.8337922643442622 0.04802766393442637 0.03201844262295084
41 0.5736424180327868 0.7537461577868853 0.04802766393442626 0.05122950819672134
41 0.6312756147540983 0.7569480020491803 0.05122950819672134 0.04802766393442626
41 0.6913101946721312 0.7665535348360656 0.05283043032786883 0.05763319672131151
61 0.37752945696721313 0.7689549180327868 0.04962858606557374 0.06563780737704927
61 0.4367635758196721 0.7697553790983607 0.05283043032786894 0.06723872950819676
61 0.37832991803278687 0.8257876536885246 0.05122950819672123 0.048027663934426146
61 0.43436219262295084 0.8281890368852459 0.05122950819672134 0.04642674180327866
