61 0.5574360152714932 0.7841222426470589 0.044630231900452566 0.06495687217194568
61 0.5576569570135747 0.8437765130090498 0.04507211538461542 0.04993283371040724
42 0.6621624010180995 0.7850060096153846 0.0410951640271493 0.03490879524886881
42 0.6623833427601811 0.8181472709276019 0.03976951357466063 0.030489960407239725
42 0.658406391402715 0.8508466487556561 0.03976951357466063 0.030489960407239725
42 0.7154093608597285 0.8594633766968325 0.0433045814479639 0.03358314479638003
42 0.7191653704751131 0.8274268240950227 0.04286269796380093 0.03225749434389136
42 0.7191653704751131 0.7942855627828054 0.044630231900452566 0.03667632918552044
42 0.7666678450226243 0.8634403280542986 0.04772341628959287 0.034466911764706065
42 0.768435378959276 0.8278687075791855 0.043304581447963786 0.03579256221719462
42 0.7686563207013575 0.7925180288461537 0.044630231900452566 0.03667632918552044
41 0.4191264847285068 0.7949483880090498 0.04639776583710409 0.05921238687782804
41 0.41868460124434387 0.8546026583710408 0.04639776583710409 0.05921238687782804
41 0.35991409785067874 0.7989253393665159 0.04551399886877827 0.05479355203619907
41 0.3638910492081448 0.8559283088235294 0.04551399886877827 0.05479355203619907
41 0.2518735859728507 0.8543817166289593 0.05390978506787336 0.05258413461538469
41 0.30578337104072395 0.8490791148190046 0.05037471719457015 0.051700367647058876
41 0.3004807692307693 0.7956112132352942 0.04860718325791852 0.0543516685520361
41 0.24612910067873303 0.8002509898190044 0.04860718325791852 0.048607183257918574
41 0.1944287330316742 0.8037860576923077 0.04860718325791852 0.048607183257918574
41 0.19685909219457012 0.8534979496606334 0.05170036764705882 0.05081660067873306
41 0.6109757029807896 0.7889765799839097 0.050752790789323265 0.053528520978649685
41 0.6102706037028113 0.8422115754712742 0.050752790789323265 0.053528520978649685
41 0.5210431391037018 0.7736833548281714 0.024407129500507052 0.05204061792986436
41 0.5223059354399087 0.8214591495479989 0.02272340105223114 0.044042907800553976
