1 0.36631649423563906 0.19583130289550843 0.06083504098360659 0.2273309426229508
2 0.423155737704918 0.19662525614754098 0.05763319672131151 0.23053278688524587
3 0.2966828893442623 0.1934234118852459 0.07044057377049173 0.23053278688524587
5 0.48394651790019283 0.19199796337592412 0.054519874035679816 0.22697999537929925
5 0.5440253586065573 0.19182248975409835 0.059234118852459106 0.22092725409836061
5 0.608062243852459 0.19182248975409835 0.059234118852459106 0.22092725409836061
13 0.677892133999122 0.222798861848844 0.07459257023705013 0.16220311585455074
17 0.3325892857142857 0.4724653430451128 0.03744713345864664 0.06828594924812026
17 0.36893503289473684 0.47283247180451127 0.03230733082706766 0.06681743421052627
14 0.40381226503759404 0.4720982142857143 0.0359786184210526 0.06975446428571425
14 0.4397908834586467 0.4715475211466165 0.03377584586466159 0.07085585056390975
16 0.4752188087406015 0.4711803923872181 0.0326744595864662 0.06938733552631576
16 0.5093617833646615 0.4704461348684211 0.0326744595864662 0.06938733552631582
19 0.5438718867481203 0.46971187734962405 0.03414297462406024 0.06865307800751874
19 0.5785655545112782 0.4698954417293233 0.03304158834586468 0.07048872180451116
18 0.6138099154135338 0.4678762335526315 0.03524436090225569 0.06938733552631571
26 0.6496049694548871 0.46567346099624063 0.0326744595864662 0.07012159304511273
26 0.6833808153195489 0.4634706884398496 0.0326744595864662 0.07012159304511273
56 0.6740190319548871 0.5530501057330827 0.03304158834586468 0.07672991071428581
56 0.6400596217105263 0.5521322838345865 0.0304716870300753 0.0675516917293233
56 0.6062837758458646 0.5539679276315789 0.0304716870300753 0.0675516917293233
56 0.5714065437030076 0.5550693139097744 0.0304716870300753 0.0675516917293233
26 0.5100960408834587 0.5499295112781954 0.029737429511278113 0.08003406954887216
54 0.4498869243421053 0.5515815906954886 0.03120594454887221 0.08040119830827075
25 0.46016652960526316 0.6802602208646615 0.030471687030075134 0.05213228383458646
25 0.42859345629699247 0.6802602208646615 0.02826891447368418 0.050663768796992525
25 0.39885602678571425 0.6809944783834585 0.02826891447368418 0.050663768796992525
25 0.37077067669172936 0.6815451715225562 0.029370300751879685 0.051765155075187974
28 0.5010700807250685 0.8114376033652444 0.04252432498397157 0.0952286466529696
29 0.45548777239246374 0.7885660508465931 0.04496900408725307 0.13730046409628716
29 0.4058314732142857 0.792234492481203 0.05176515507518803 0.1395089285714285
52 0.4793854377530364 0.5503542510121457 0.02648975202429149 0.07986462550607287
51 0.4181031756072874 0.5533195217611335 0.028861968623481782 0.08184147267206476
51 0.3872643598178137 0.5556917383603239 0.029652707489878527 0.07867851720647756
