26 0.5134548611111112 0.5713975694444444 0.0234375 0.06206597222222232
26 0.5394965277777779 0.5631510416666666 0.02517361111111105 0.05859375
26 0.5230034722222223 0.6343315972222222 0.02517361111111105 0.05859375
26 0.5473090277777778 0.6278211805555556 0.02083333333333326 0.06380208333333337
16 0.564453125 0.5564236111111112 0.02300347222222232 0.06423611111111105
16 0.568359375 0.620876736111111 0.01953125 0.06553819444444442
16 0.5928819444444444 0.6117621527777777 0.02430555555555558 0.05598958333333337
16 0.5900607638888888 0.5520833333333334 0.02647569444444442 0.06163194444444442
25 0.6195746527777778 0.552734375 0.02473958333333326 0.06032986111111116
25 0.646484375 0.5523003472222222 0.02473958333333326 0.06032986111111116
25 0.646484375 0.6126302083333334 0.02473958333333326 0.06032986111111116
25 0.6204427083333334 0.6130642361111112 0.02473958333333326 0.06032986111111116
28 0.6687752643034826 0.36511777052238803 0.04615593905472637 0.12972248134328357
