14 0.4398898187960687 0.12073863636363635 0.03522983210483216 0.06155303030303029
17 0.2219460227272727 0.12192234848484848 0.03728693181818182 0.08345170454545454
17 0.2598248106060606 0.11482007575757575 0.03669507575757572 0.06628787878787878
15 0.29711174242424243 0.11570785984848483 0.03551136363636359 0.06392045454545453
15 0.33365885416666663 0.11659564393939392 0.03639914772727271 0.06451231060606061
15 0.36931818181818177 0.11777935606060605 0.03491950757575757 0.06273674242424243
15 0.40423768939393934 0.11896306818181818 0.03373579545454547 0.06332859848484847
14 0.47584507447788693 0.12177438446969696 0.034933904074529176 0.06184895833333333
16 0.5128432765151515 0.12147845643939392 0.036103219696969724 0.06480823863636363
16 0.5487985321969696 0.12310606060606066 0.034623579545454586 0.06273674242424254
16 0.5860854640151514 0.1234019886363637 0.03521543560606066 0.06273674242424256
16 0.6230764678030303 0.12488162878787887 0.03521543560606066 0.0627367424242426
16 0.6608072916666665 0.13464725378787878 0.037878787878787956 0.0822679924242424
19 0.23711191702819961 0.27450091513015185 0.03283453091106295 0.08007388828633408
19 0.27079379067245124 0.2657097342733189 0.03283453091106292 0.060373169739696336
19 0.30362832158351416 0.2667689126898048 0.032834530911062865 0.059949498373101956
18 0.3394285520607375 0.2668748305314534 0.035800230477223416 0.060585005422993526
18 0.37618204311279835 0.2667689126898048 0.035164723427331845 0.060373169739696336
23 0.41155860222342733 0.2666629948481562 0.03474105206073752 0.06100867678958788
23 0.44672332565075923 0.2670866662147505 0.034741052060737576 0.061008676789587934
25 0.48061703497830804 0.2675103375813449 0.03347003796095449 0.060161334056399174
25 0.5140870729392624 0.26751033758134496 0.03347003796095427 0.06016133405639923
25 0.5475571109002169 0.2670866662147506 0.03347003796095427 0.06016133405639923
24 0.5826159164859002 0.26581565211496744 0.03495288774403471 0.06270336225596526
24 0.6175688042299349 0.2656038164316703 0.0332582022776573 0.062279690889370964
24 0.6508270065075921 0.2653919807483731 0.0332582022776573 0.062279690889370964
56 0.5814450353299433 0.40495122730901134 0.025545840231788075 0.06790666390728478
56 0.5521458505794701 0.40549979304635764 0.030719681291390688 0.0685533940397351
50 0.6440845797931374 0.40161941225165565 0.030072951158940375 0.09377586920529801
52 0.6361762152777779 0.5202546296296297 0.02387152777777779 0.087890625
52 0.6079360826880531 0.5152458658534087 0.030325290376106095 0.07570295855866926
51 0.5783058449074074 0.5133825231481481 0.02821180555555558 0.08065682870370372
51 0.5493706597222222 0.5126591435185185 0.02821180555555558 0.08065682870370372
51 0.520435474537037 0.5137442129629629 0.02821180555555558 0.08065682870370372
54 0.4905960648148149 0.5110315393518519 0.029296875000000056 0.08463541666666674
54 0.46274594907407407 0.5119357638888888 0.027126736111111216 0.0871672453703704
55 0.43326822916666663 0.5092230902777778 0.028935185185185175 0.08897569444444448
55 0.40360966435185186 0.5092230902777777 0.028935185185185175 0.08897569444444425
59 0.3490182976973684 0.661047149122807 0.02569901315789469 0.08437842653508776
59 0.3222722593116704 0.6611470726922654 0.026079796069641614 0.08246531185231132
59 0.2931229440789474 0.6608329906798246 0.02698396381578949 0.07795367324561409
59 0.2648540296052632 0.6599763569078948 0.02698396381578949 0.07795367324561409
26 0.37664473684210525 0.6749674479166667 0.029553865131578982 0.054824561403508665
26 0.40598444353070173 0.6751816063596492 0.028268914473684292 0.05439624451754366
26 0.43403919956140347 0.6768948739035088 0.026127330043859698 0.04839980811403499
26 0.4623081140350877 0.6773231907894737 0.026127330043859698 0.04839980811403499
26 0.4599523711622807 0.6109340734649124 0.023985745614035103 0.06124931469298245
26 0.431897615131579 0.6096491228070176 0.02784059758771934 0.05953604714912275
26 0.40362870065789475 0.6096491228070176 0.025270696271929793 0.060392680921052544
26 0.37664473684210525 0.60986328125 0.025270696271929793 0.06082099780701766
33 0.48607970120614036 0.615003083881579 0.027412280701754388 0.06938733552631571
33 0.5160618832236843 0.6111482319078948 0.027412280701754388 0.061677631578947345
33 0.5447591145833335 0.6111482319078948 0.027412280701754388 0.061677631578947345
33 0.546900699013158 0.6766807154605263 0.026555646929824595 0.04968475877192979
33 0.5194884183114035 0.677965666118421 0.026555646929824595 0.04968475877192979
33 0.4907911869517544 0.6775373492324561 0.02655564692982476 0.04968475877192979
34 0.5723855537280702 0.6111482319078947 0.025270696271929793 0.061677631578947456
34 0.5997978344298246 0.6111482319078947 0.025270696271929793 0.061677631578947456
34 0.6276384320175439 0.6111482319078947 0.025270696271929793 0.061677631578947456
34 0.6297800164473685 0.6794647752192983 0.025270696271929793 0.05268297697368429
34 0.6030102110745614 0.6786081414473684 0.02569901315789469 0.050969709429824595
34 0.576454564144737 0.6786081414473684 0.02569901315789469 0.050969709429824595
29 0.26855468750000006 0.8448401162790697 0.045421511627906974 0.18055050872093026
29 0.3182344658430233 0.8451240007267442 0.052802507267441845 0.18225381540697683
28 0.4845907521802325 0.8763512899709303 0.03690497819767441 0.11639262354651159
28 0.5237668059593024 0.8712413699127907 0.036904978197674354 0.11639262354651159
28 0.44711800508720934 0.8757835210755814 0.03690497819767441 0.11639262354651159
31 0.5601040152616279 0.8803256722383721 0.028956213662790664 0.10503724563953498
31 0.5901957667151163 0.8757835210755814 0.028956213662790664 0.10503724563953498
31 0.6208552870639534 0.8723769077034884 0.028956213662790664 0.10503724563953498
32 0.40936137354651164 0.870105832122093 0.0352016715116279 0.11298601017441867
32 0.373024164244186 0.8706736010174418 0.0352016715116279 0.11298601017441867
