16 0.36998075597426466 0.35436293658088236 0.04990521599264708 0.08185891544117646
25 0.4204245174632353 0.355080997242647 0.04739200367647062 0.08473115808823528
26 0.46907312729779405 0.358132755055147 0.04559685202205882 0.08006376378676472
26 0.5155675551470588 0.35974839154411764 0.045955882352941124 0.08185891544117646
26 0.5620619829963234 0.3595688763786764 0.045596852022058876 0.08006376378676472
26 0.6103515624999998 0.3619025735294117 0.045955882352941124 0.08185891544117646
26 0.6570255055147057 0.3619025735294117 0.045955882352941124 0.08185891544117646
26 0.7029813878676469 0.36226160386029393 0.045955882352941124 0.08185891544117646
28 0.4781471108490566 0.7833996658805031 0.048521029874213806 0.14924823113207542
29 0.544479658018868 0.7526901533018867 0.07431702044025157 0.22172268081761004
