25 0.3009982638888889 0.107421875 0.04991319444444442 0.0959201388888889
25 0.35091145833333337 0.111328125 0.045572916666666685 0.09418402777777778
16 0.400390625 0.11783854166666667 0.04730902777777779 0.09331597222222224
16 0.4496527777777778 0.12261284722222224 0.04600694444444442 0.08897569444444448
24 0.4937065972222222 0.125 0.04210069444444442 0.09114583333333333
28 0.6599392361111112 0.3181423611111111 0.06901041666666663 0.15711805555555555
2 0.3307781388274336 0.6948285398230087 0.056606056415929196 0.15383019911504425
0 0.3882484098451327 0.6911556277654867 0.056606056415929196 0.14994123340707965
29 0.6022578534031414 0.8668500490837696 0.05726439790575921 0.18150768979057585
2 0.32769551701570676 0.9128660831151832 0.05828697643979058 0.15696580497382207
0 0.3885389397905759 0.9049410994764397 0.056241819371727786 0.16156740837696326
0 0.44120173429319365 0.901106429973822 0.05010634816753928 0.16616901178010468
