17 0.30098179408482145 0.22686767578125003 0.0431605747767857 0.09634835379464285
17 0.34283447265625 0.21793038504464285 0.04054478236607134 0.07324218749999997
17 0.3842511858258929 0.22011021205357142 0.04054478236607134 0.07324218749999994
17 0.4261038643973214 0.2209821428571429 0.04054478236607134 0.07324218750000003
17 0.4673473837902549 0.2223311017866682 0.04019839481265264 0.07158045134119351
15 0.5066178057511066 0.22213291993934484 0.03677774319864169 0.07406348704438731
15 0.544400603017221 0.22239184100988268 0.03822921942729918 0.07478244521237751
15 0.5892860593770614 0.22454233525431114 0.03608160094409629 0.07135338752709192
15 0.6286097935267858 0.225341796875 0.0401088169642857 0.07237025669642858
14 0.6713493568601583 0.22751587236147758 0.03942323548812665 0.0685397427440633
14 0.7125578649170751 0.22773040414889983 0.0419631078024878 0.06965668840404726
14 0.6196725027901786 0.3415265764508929 0.0370570591517857 0.06495884486607145
14 0.5815255301339286 0.3415265764508929 0.03662109375 0.06321498325892855
14 0.5420706612723216 0.33978271484375 0.03705705915178581 0.06495884486607145
14 0.5039236886160715 0.33978271484375 0.036621093750000056 0.06321498325892855
14 0.3925345284598216 0.3384748186383929 0.03705705915178581 0.06495884486607145
14 0.3543875558035715 0.3362949916294643 0.036621093750000056 0.06321498325892855
14 0.4287196568080357 0.3393467494419643 0.03444126674107145 0.0667027064732143
14 0.4657767159598215 0.3410906110491072 0.037057059151785754 0.06495884486607145
14 0.3171125139508929 0.3404366629464286 0.039672851562499944 0.07847377232142849
16 0.32692173549107145 0.43460518973214285 0.0401088169642857 0.0723702566964286
16 0.36397879464285715 0.4326433454241071 0.030517578125 0.06321498325892855
16 0.3984200613839286 0.4332972935267857 0.03487723214285715 0.0653948102678572
16 0.4337332589285715 0.4332972935267857 0.03487723214285715 0.0653948102678572
16 0.469482421875 0.4350411551339286 0.03487723214285715 0.0653948102678572
16 0.5030517578125001 0.4352591378348214 0.033133370535714246 0.06495884486607145
16 0.538364955357143 0.4356951032366071 0.03574916294642838 0.06495884486607145
19 0.5743321010044643 0.4370029994419643 0.0344412667410714 0.060599190848214246
19 0.6105172293526786 0.4356951032366072 0.0344412667410714 0.060599190848214246
19 0.6458304268973215 0.4370029994419643 0.0344412667410714 0.060599190848214246
19 0.6820155552455358 0.4356951032366072 0.0344412667410714 0.060599190848214246
19 0.3694283621651786 0.5268118722098214 0.03444126674107145 0.0544956752232143
19 0.4025617327008929 0.5270298549107143 0.030081612723214246 0.054931640625
19 0.3345511300223214 0.5274658203125 0.03444126674107145 0.06277901785714285
19 0.46795654296875 0.5270298549107143 0.030081612723214246 0.054931640625
19 0.4348231724330357 0.5268118722098214 0.03444126674107145 0.0544956752232143
19 0.49847412109375006 0.5272478376116072 0.0309535435267857 0.0527518136160714
19 0.5309535435267858 0.5270298549107144 0.0340053013392857 0.0523158482142857
18 0.5632149832589286 0.5274658203125 0.0313895089285714 0.0514439174107143
18 0.5963483537946429 0.5265938895089286 0.0313895089285714 0.0514439174107143
18 0.628173828125 0.5265938895089286 0.032261439732142905 0.050571986607142905
18 0.6658848353794642 0.5268118722098214 0.0370570591517857 0.0492640904017857
18 0.3382568359375 0.620326450892857 0.0313895089285714 0.0514439174107143
18 0.3713902064732143 0.6194545200892856 0.0313895089285714 0.0514439174107143
18 0.4053955078125 0.6198904854910714 0.032261439732142905 0.050571986607142905
23 0.43722098214285715 0.6185825892857143 0.0313895089285714 0.0497000558035714
25 0.4683925083705357 0.6183646065848214 0.02920968191964285 0.05100795200892849
25 0.4984741210937501 0.6192365373883928 0.02920968191964307 0.05100795200892849
25 0.5287737165178572 0.6201084681919643 0.028773716517857206 0.050136021205357206
24 0.5590733119419644 0.6170567103794643 0.0300816127232143 0.0527518136160714
24 0.5895908900669644 0.6201084681919643 0.0300816127232143 0.0527518136160714
24 0.6218523297991072 0.6196725027901786 0.0300816127232143 0.0527518136160714
24 0.6523699079241072 0.62054443359375 0.0300816127232143 0.0527518136160714
26 0.645096155472132 0.7659180215942911 0.02905484814664494 0.0462773310673702
28 0.49517822265625 0.7352294921875 0.0330810546875 0.103271484375
32 0.35177176339285715 0.7362932477678572 0.0340053013392857 0.0994001116071429
29 0.44964599609375 0.8832135881696429 0.04141671316964285 0.13427734375
29 0.4060494559151786 0.8753662109375 0.04141671316964285 0.13427734375
29 0.3617989676339286 0.8779820033482143 0.04534040178571419 0.1360212053571428
16 0.6554761614118305 0.3422350202287946 0.03574916294642838 0.06495884486607145
16 0.6936231340680805 0.3426164899553571 0.03574916294642838 0.06495884486607145
26 0.6146425189393938 0.7651782015185336 0.029000946969696906 0.045389546976461026
28 0.39263916015625006 0.7352294921875 0.0330810546875 0.103271484375
28 0.43170166015625006 0.7352294921875 0.0330810546875 0.103271484375
28 0.46343994140625006 0.7352294921875 0.0330810546875 0.103271484375
