16 0.22713973937246962 0.15577555668016194 0.0367693572874494 0.09093496963562753
16 0.2662813132591093 0.15874082742914977 0.03914157388663969 0.09212107793522266
16 0.30522520242914974 0.15972925101214575 0.03874620445344129 0.09172570850202429
16 0.34238992914979755 0.162101467611336 0.034001771255060764 0.09014423076923077
16 0.37698475455465585 0.16724127024291496 0.033606401821862364 0.08777201417004048
16 0.41138189524291496 0.16763663967611336 0.033606401821862364 0.08460905870445343
16 0.44479061234817807 0.16763663967611336 0.03162955465587042 0.08302758097165988
16 0.47879238360323884 0.16941580212550605 0.034001771255060764 0.08263221153846151
26 0.5120034159919028 0.1725787575910931 0.03162955465587047 0.0794692560728745
25 0.21844161184210525 0.4066374620445344 0.033606401821862336 0.0731433451417004
25 0.25264106781376516 0.4076258856275303 0.033211032388663964 0.072747975708502
25 0.2852590460526315 0.40861430921052627 0.03202492408906882 0.0731433451417004
25 0.3184700784412955 0.41019578694331976 0.03202492408906882 0.0731433451417004
28 0.37336881868131866 0.8654060782967034 0.0364869505494505 0.09837168040293043
29 0.41915636446886445 0.8367888621794872 0.04507211538461542 0.15417525183150182
