17 0.16725995463709678 0.5374086441532258 0.04961567540322581 0.10946950604838712
17 0.16410975302419356 0.650815902217742 0.04961567540322581 0.10946950604838712
16 0.21333165322580644 0.6484532510080645 0.04882812500000003 0.10946950604838701
16 0.2164818548387097 0.5397712953629032 0.04567792338709678 0.10631930443548387
19 0.26373487903225806 0.5393775201612903 0.04252772177419353 0.10395665322580644
14 0.26402204807332835 0.6449121949102756 0.04625226146923733 0.10711269627216413
25 0.3074439264112903 0.5393775201612903 0.04174017137096775 0.10080645161290319
25 0.349577872983871 0.5378024193548386 0.039377520161290314 0.10080645161290319
25 0.3480027721774194 0.6401839717741934 0.039377520161290314 0.10080645161290325
25 0.308625252016129 0.6401839717741934 0.039377520161290314 0.10080645161290325
26 0.38895539314516125 0.5401650705645161 0.04095262096774194 0.09450604838709681
26 0.38895539314516125 0.6362462197580645 0.04095262096774194 0.09450604838709675
52 0.49653894761029416 0.6123262293198529 0.03374885110294118 0.12745576746323528
51 0.46261058134191174 0.6132238051470589 0.03195369944852944 0.12781479779411764
56 0.5326479219543148 0.6186548223350254 0.03519590736040612 0.10013483502538068
47 0.5708181313451777 0.6164240958121827 0.039161643401015134 0.09864768401015234
