17 0.28307505122950816 0.11257684426229508 0.04642674180327866 0.10726178278688525
15 0.3271004098360656 0.11337730532786885 0.038422131147541005 0.10245901639344264
15 0.36552254098360654 0.1205814549180328 0.038422131147540894 0.10405993852459018
15 0.4055455942622951 0.12458376024590162 0.038422131147541005 0.10245901639344261
16 0.44396772540983603 0.12698514344262293 0.03522028688524592 0.09765624999999999
16 0.47918801229508196 0.1285860655737705 0.03522028688524592 0.09125256147540985
16 0.5144082991803278 0.13258837090163933 0.03201844262295084 0.09285348360655737
16 0.5496285860655739 0.13819159836065573 0.03522028688524592 0.09125256147540983
14 0.5840484118852459 0.13979252049180327 0.033619364754098324 0.08805071721311475
14 0.6192686987704918 0.14219390368852458 0.033619364754098435 0.09285348360655737
14 0.6528880635245902 0.14619620901639344 0.03682120901639352 0.08484887295081966
19 0.2926805840163934 0.2518570696721311 0.04002305327868849 0.10085809426229506
19 0.32870133196721313 0.2510566086065574 0.03522028688524592 0.09285348360655735
18 0.3663230020491803 0.25345799180327866 0.03682120901639341 0.09445440573770489
23 0.4047451331967213 0.255859375 0.0400230532786886 0.08965163934426226
25 0.44156634221311475 0.25665983606557374 0.033619364754098324 0.0912525614754098
25 0.4775870901639344 0.2598616803278688 0.038422131147541005 0.08484887295081964
25 0.5136078381147541 0.25746029713114754 0.033619364754098324 0.08644979508196718
24 0.5456262807377049 0.25665983606557374 0.03682120901639352 0.08164702868852455
24 0.5792456454918034 0.26226306352459017 0.03041752049180324 0.08004610655737701
59 0.30228611680327866 0.374327612704918 0.03682120901639352 0.11846823770491804
59 0.3367059426229508 0.3719262295081967 0.028816598360655754 0.1168673155737705
54 0.4655801741803279 0.3727266905737705 0.03041752049180324 0.1088627049180328
52 0.4967981557377049 0.3711257684426229 0.028816598360655643 0.10566086065573771
51 0.4351626536885246 0.3711257684426229 0.033619364754098324 0.1088627049180328
50 0.5296170594262295 0.3695248463114754 0.033619364754098324 0.10245901639344263
47 0.5624359631147542 0.37672899590163933 0.028816598360655754 0.08164702868852458
26 0.2926805840163934 0.5024013831967213 0.033619364754098324 0.07364241803278693
26 0.32950179303278687 0.503201844262295 0.033619364754098435 0.08164702868852458
26 0.2990842725409836 0.5888511782786885 0.03682120901639352 0.08004610655737698
26 0.33590548155737704 0.5864497950819672 0.033619364754098435 0.07524334016393441
28 0.4119492827868852 0.5472272028688524 0.04162397540983609 0.13127561475409832
28 0.4519723360655738 0.5424244364754098 0.03522028688524592 0.13127561475409838
13 0.5232133709016393 0.538422131147541 0.05603227459016402 0.1296746926229509
2 0.5760438012295082 0.5176101434426229 0.04642674180327866 0.1680968237704918
5 0.6200691598360655 0.5152087602459017 0.03522028688524592 0.16009221311475408
29 0.5408235143442623 0.8385950307377048 0.043224897540983576 0.1728995901639344
29 0.5880507172131147 0.8305904200819672 0.05122950819672134 0.1728995901639344
41 0.32069672131147536 0.8361936475409836 0.06083504098360659 0.07204149590163933
41 0.38553406762295084 0.824186731557377 0.05283043032786883 0.07044057377049173
41 0.3230981045081967 0.9018314549180327 0.05283043032786894 0.05283043032786883
41 0.32469902663934425 0.9578637295081966 0.049628586065573854 0.05283043032786894
41 0.38473360655737704 0.890625 0.05122950819672123 0.05283043032786883
41 0.3839331454918033 0.9474577356557377 0.04962858606557374 0.05122950819672134
42 0.44476818647540983 0.7913678278688524 0.04642674180327866 0.04002305327868849
42 0.4471695696721311 0.8305904200819672 0.04802766393442626 0.038422131147541005
61 0.4431672643442623 0.8778176229508197 0.04962858606557374 0.05603227459016402
61 0.4439677254098361 0.9314485143442623 0.05122950819672134 0.054431352459016424
43 0.49258961397058826 0.8841720281862745 0.04499846813725494 0.035424325980392135
43 0.4935470281862745 0.9215111825980392 0.04499846813725489 0.035424325980392135
44 0.4954618566176471 0.7759842218137254 0.043083639705882304 0.03350949754901966
44 0.4935470281862745 0.8123659620098039 0.04499846813725489 0.035424325980392135
44 0.49402573529411764 0.8497051164215687 0.04595588235294118 0.035424325980392135
46 0.32743566176470584 0.7252412683823529 0.08808210784313725 0.062231924019607865
46 0.3192976409313726 0.6716260723039216 0.06989123774509803 0.04499846813725483
27 0.40163526348039214 0.7209329044117647 0.05648743872549017 0.05553002450980393
27 0.4619523590686274 0.7247625612745099 0.06223192401960781 0.04404105392156865
27 0.439453125 0.6812002144607843 0.06127450980392157 0.03925398284313719
45 0.526577818627451 0.704656862745098 0.07084865196078433 0.07659313725490191
45 0.5935968137254901 0.7032207414215687 0.06510416666666663 0.06031709558823528
45 0.49689797794117646 0.6472120098039216 0.05361519607843135 0.04978553921568629
45 0.5538641237745099 0.6405101102941176 0.056487438725490224 0.05553002450980382
33 0.61474609375 0.26318359375 0.0341796875 0.08300781249999997
34 0.65380859375 0.264404296875 0.0341796875 0.09033203124999997
