17 0.1570757697610294 0.2888399011948529 0.03913430606617646 0.0814998851102941
17 0.19369686351102938 0.2891989315257353 0.03410788143382351 0.08149988511029407
17 0.23031795726102938 0.2913531135110294 0.03698012408088233 0.0836540670955882
17 0.2655029296875 0.2913531135110294 0.03626206341911764 0.08221794577205876
15 0.30086741727941174 0.29278923483455876 0.033748851102941124 0.08293600643382354
15 0.3346162683823529 0.29332778033088236 0.03231272977941174 0.08185891544117646
15 0.3669289981617647 0.29440487132352944 0.03231272977941174 0.08185891544117646
14 0.4006357716037049 0.29803808482745453 0.03526912774847252 0.08105503438920858
14 0.43729894301470584 0.2994312959558823 0.03590303308823528 0.0811408547794118
56 0.21811092601102938 0.3868551815257353 0.02908145680147059 0.08078182444852938
47 0.18113080193014705 0.3839829388786764 0.03698012408088236 0.08724437040441174
16 0.19279928768382354 0.4967184627757353 0.03231272977941177 0.0649844898897059
16 0.22529153262867646 0.4981545840992647 0.0326717601102941 0.06354836856617646
16 0.25796329273897056 0.49923167509191174 0.03123563878676469 0.06211224724264708
16 0.28901941636029416 0.4988726447610294 0.030158547794117585 0.0628303079044118
16 0.31828038832720584 0.49905215992647056 0.026927274816176405 0.06318933823529416
16 0.34825942095588236 0.4986931295955882 0.030876608455882304 0.06247127757352944
16 0.3803926355698529 0.49905215992647056 0.03195369944852938 0.06247127757352944
16 0.4132439108455882 0.49923167509191174 0.03015854779411764 0.06354836856617652
16 0.44771082261029405 0.4994111902573529 0.030158547794117696 0.06247127757352944
16 0.46979118795955876 0.4997702205882353 0.015438304227941235 0.06318933823529416
16 0.20860758211590558 0.5925716246613777 0.03010488220781732 0.05431108504256965
16 0.2389282604489164 0.5910599180050309 0.028117743808049545 0.05128767172987614
16 0.2696159055727554 0.5916929451673761 0.0296294504643963 0.05183566539280182
16 0.298640673374613 0.5925999691611842 0.02781540247678016 0.05304503071787936
19 0.3267584171826625 0.591609423374613 0.02842008513931893 0.05200270897832815
19 0.35487616099071206 0.5913070820433437 0.027210719814241557 0.05321207430340558
19 0.38208688080495357 0.5910047407120742 0.027210719814241557 0.05321207430340558
23 0.41109686389571315 0.5901522556215876 0.029705628746601986 0.054312345321923416
18 0.44136593782249744 0.5878745001289989 0.025961042311661464 0.05602183307533537
25 0.4667424535603715 0.5872254740712074 0.02176857585139319 0.055328463622291046
26 0.22426470588235295 0.6776255321207431 0.02418730650154799 0.05290973297213619
26 0.25011488970588236 0.6770208494582044 0.02509433049535606 0.051700367647058765
26 0.27611624419504643 0.6779278734520124 0.025094330495356032 0.051700367647058765
26 0.3021175986842105 0.677625532120743 0.025094330495356032 0.051700367647058765
26 0.3281189531733746 0.6770208494582043 0.026908378482972117 0.05109568498452011
26 0.3545738196594427 0.6770208494582043 0.024791989164086703 0.05109568498452011
26 0.3802728328173375 0.6767185081269349 0.024791989164086703 0.05109568498452011
26 0.40597184597523217 0.6779278734520123 0.024791989164086703 0.05109568498452011
26 0.43167085913312697 0.6764161667956655 0.024791989164086703 0.05109568498452011
26 0.4570675309597524 0.6767185081269348 0.024791989164086703 0.05109568498452011
28 0.24104464976780185 0.7509433049535603 0.034164570433436514 0.08465557275541802
28 0.2746045375386997 0.7521526702786377 0.031745839783281715 0.08465557275541791
28 0.3075597426470588 0.7524550116099071 0.031745839783281715 0.08465557275541791
28 0.34066611842105265 0.7526061822755419 0.032048181114551044 0.08435323142414852
28 0.3733189821981424 0.7529085236068112 0.032048181114551044 0.08435323142414852
28 0.40446013931888547 0.7530596942724459 0.03083881578947356 0.0846555727554178
28 0.4343919311145511 0.7524550116099071 0.03083881578947356 0.0846555727554178
28 0.46477723490712075 0.7510944756191951 0.026908378482972062 0.08193450077399378
25 0.562710631127451 0.3281441482843137 0.031115962009803932 0.07994408700980393
25 0.5940659466911764 0.32790479473039214 0.03350949754901966 0.08042279411764702
25 0.6280541513480393 0.32790479473039214 0.03350949754901966 0.08042279411764702
25 0.6608455882352942 0.3295802696078431 0.031115962009803932 0.07994408700980393
25 0.6922009037990196 0.3293409160539216 0.03350949754901966 0.08042279411764702
25 0.7261891084558825 0.3293409160539216 0.03350949754901966 0.08042279411764702
25 0.7604166666666667 0.32910156249999994 0.031115962009803932 0.07994408700980393
25 0.7905752144607843 0.3288622089460784 0.031115962009803932 0.08042279411764708
25 0.8200157015931373 0.32862285539215685 0.02872242647058809 0.0789866727941177
25 0.851849724264706 0.3267080269607843 0.03207337622549011 0.07802925857843135
25 0.6194374234068627 0.4222100949754902 0.028722426470588203 0.047870710784313764
24 0.557684206495098 0.4190984987745098 0.030637254901960786 0.052179074754901966
24 0.5883214613970587 0.4224494485294118 0.030637254901960786 0.052179074754901966
25 0.6495959712009804 0.4241249234068627 0.028722426470588203 0.047870710784313764
25 0.6787971047794117 0.4265184589460784 0.028722426470588203 0.047870710784313764
25 0.7084769454656863 0.42556104473039214 0.028722426470588203 0.047870710784313764
25 0.739114200367647 0.4269971660539216 0.028722426470588203 0.04691329656862747
25 0.7673579197303921 0.4274758731617647 0.027765012254902022 0.048828125000000056
25 0.7958409926470589 0.4298694087009804 0.02920113357843135 0.048828125
25 0.8283930759803921 0.4313055300245098 0.02920113357843135 0.048828125
29 0.5937976371951219 0.5463986280487806 0.04525533536585369 0.15434451219512196
29 0.6395293445121952 0.5473513719512196 0.04525533536585369 0.15434451219512196
29 0.6871665396341464 0.5473513719512196 0.04525533536585369 0.15434451219512196
29 0.734565548780488 0.5490186737804879 0.044778963414634054 0.1576791158536585
29 0.7822027439024392 0.5511623475609757 0.04573170731707332 0.157202743902439
0 0.7412326502493856 0.8376875277196121 0.03616898148148151 0.09564686213991769
2 0.7037207236598101 0.8373160408563605 0.03610279136350725 0.092841958255931
41 0.7302115483539093 0.7370434670781894 0.05063657407407407 0.054655349794238695
41 0.7217721193415638 0.6729439943415637 0.04501028806584373 0.04943094135802473
46 0.6723411779835391 0.7354359567901234 0.054655349794238695 0.04581404320987659
46 0.6632989326131686 0.6920331790123456 0.051842206790123524 0.04099151234567899
54 0.5401234567901234 0.7273984053497942 0.015271347736625529 0.06992669753086422
59 0.6323543595679012 0.7282021604938271 0.021299511316872355 0.06510416666666663
51 0.5815168467078189 0.724585262345679 0.02089763374485587 0.07073045267489708
52 0.5582079475308641 0.7261927726337448 0.020093878600823012 0.06671167695473246
29 0.5526002242781047 0.5477530027859546 0.03560633936080737 0.15705326166947003
16 0.46978909025425475 0.30211797236450755 0.024212198704973653 0.08045506650693984
3 0.6680667123824451 0.8373579545454546 0.03398070141065823 0.09214586598746088
