28 0.41484375 0.648046875 0.04062500000000002 0.11796874999999996
29 0.396484375 0.823046875 0.05234375000000002 0.19453124999999993
29 0.4515625 0.819921875 0.05624999999999997 0.19609374999999996
29 0.5042968750000001 0.81328125 0.05234375000000002 0.1953125
29 0.55234375 0.805859375 0.050000000000000044 0.18828125000000007
29 0.60078125 0.8015625 0.04531249999999998 0.18125000000000002
17 0.37382812499999996 0.1359375 0.03828124999999999 0.08906250000000002
14 0.411328125 0.130078125 0.03671875000000002 0.06953125000000002
16 0.446875 0.133203125 0.03437499999999999 0.06640625
16 0.481640625 0.135546875 0.03359374999999998 0.06796875
16 0.517578125 0.13984375 0.03515625 0.06562500000000002
16 0.553125 0.14375 0.03125 0.0640625
19 0.58671875 0.144140625 0.03125 0.06328125
25 0.6203125 0.147265625 0.03281250000000002 0.06640625000000001
25 0.6515625 0.147265625 0.029687499999999978 0.06328124999999998
25 0.37734375 0.240234375 0.03750000000000003 0.07421875
25 0.41328125 0.2375 0.03125 0.06093749999999998
25 0.44609375 0.23984375000000002 0.03125 0.06250000000000003
25 0.480078125 0.2421875 0.03046874999999999 0.0625
25 0.51171875 0.241796875 0.028124999999999956 0.06171874999999999
25 0.54296875 0.2453125 0.02968750000000009 0.056249999999999994
25 0.5757812499999999 0.24453125 0.029687499999999978 0.06093750000000003
26 0.611328125 0.24609375 0.03671874999999991 0.0546875
13 0.57265625 0.49687499999999996 0.057812500000000044 0.10156249999999994
12 0.6312500000000001 0.493359375 0.05312499999999998 0.10078124999999993
