17 0.31669441598360654 0.3935386782786885 0.059234118852459106 0.1088627049180328
17 0.37672899590163933 0.3943391393442623 0.06083504098360648 0.11046362704918034
17 0.43356173155737704 0.38953637295081966 0.05283043032786894 0.10405993852459017
17 0.4919953893442623 0.3943391393442623 0.06083504098360659 0.10085809426229508
17 0.5520299692622951 0.3991419057377049 0.05603227459016402 0.09765625
17 0.6096631659836066 0.3983414446721312 0.05283043032786883 0.09605532786885246
17 0.6696977459016393 0.40234375 0.05763319672131151 0.1072617827868852
17 0.7289318647540983 0.39994236680327866 0.054431352459016535 0.09925717213114754
17 0.7873655225409836 0.40234375 0.06883965163934436 0.10405993852459011
14 0.33590548155737704 0.5352202868852459 0.05603227459016391 0.06563780737704916
14 0.39033683401639346 0.5360207479508197 0.04962858606557374 0.07364241803278682
14 0.4399654200819672 0.5352202868852459 0.04962858606557374 0.07204149590163933
14 0.48799308401639346 0.5360207479508197 0.04962858606557374 0.07044057377049184
16 0.540114410248129 0.5386010167943691 0.048210377873307286 0.06919742293300069
16 0.5912525614754098 0.5400230532786885 0.048027663934426146 0.06563780737704916
16 0.6400806864754098 0.541623975409836 0.049628586065573854 0.06883965163934425
19 0.6923238219997327 0.5401845375980043 0.045252152196186834 0.07876815306486107
25 0.7455370815328759 0.5449786033276907 0.04921965486903079 0.0755489074750535
25 0.36152023565573765 0.6128650102459017 0.04642674180327866 0.054431352459016424
25 0.40554559426229503 0.6120645491803278 0.04162397540983609 0.059234118852458995
25 0.4471695696721311 0.6152663934426229 0.04162397540983609 0.059234118852458995
25 0.4887935450819672 0.6168673155737705 0.04162397540983609 0.05603227459016391
25 0.5336193647540983 0.6200691598360655 0.04162397540983609 0.05603227459016391
25 0.580046106557377 0.6200691598360656 0.04162397540983609 0.05283043032786883
25 0.6232710040983607 0.6224705430327868 0.04482581967213117 0.054431352459016424
25 0.6680968237704918 0.625672387295082 0.038422131147540894 0.05122950819672123
25 0.7121221823770492 0.628874231557377 0.04002305327868849 0.054431352459016424
25 0.38217561141304346 0.6788170855978262 0.03927479619565216 0.047766644021739135
25 0.4230426290760869 0.678817085597826 0.0382133152173913 0.043520720108695565
25 0.4601944633152174 0.6798785665760869 0.0382133152173913 0.045643682065217406
25 0.4994692595108696 0.6804093070652174 0.03821331521739141 0.05307404891304346
25 0.5387440557065217 0.6820015285326086 0.03609035326086951 0.047766644021739135
25 0.5785495923913044 0.6851859714673914 0.03715183423913049 0.049889605978260865
25 0.6178243885869565 0.6878396739130435 0.03502887228260865 0.048828125
25 0.6576299252717392 0.6873089334239131 0.04033627717391297 0.045643682065217406
25 0.6984969429347827 0.6899626358695652 0.03715183423913049 0.04458220108695654
25 0.3869522758152174 0.7356063179347826 0.03609035326086957 0.04033627717391308
26 0.42516559103260865 0.7350755774456521 0.03396739130434784 0.03715183423913049
26 0.4601944633152174 0.7356063179347826 0.03184442934782611 0.04033627717391308
26 0.49575407608695654 0.7361370584239131 0.0350288722826087 0.04139775815217395
26 0.5318444293478262 0.7371985394021738 0.03290591032608692 0.04139775815217395
26 0.5668733016304348 0.7387907608695652 0.03502887228260865 0.04033627717391308
26 0.6050866168478262 0.7382600203804348 0.03715183423913049 0.03502887228260876
26 0.6406462296195652 0.739852241847826 0.03396739130434778 0.03821331521739135
26 0.6793902853260869 0.739852241847826 0.03927479619565222 0.03609035326086962
29 0.4081818953804348 0.84228515625 0.06368885869565216 0.09871773097826086
28 0.4601944633152174 0.8629840353260869 0.0382133152173913 0.06793478260869557
