17 0.3691118393392246 0.2767797421569227 0.10744456908940803 0.21099531020670248
17 0.46272495814732145 0.3312813895089286 0.0780378069196429 0.17787388392857142
16 0.5407627650669644 0.3347691127232143 0.07629394531249989 0.164794921875
16 0.6190185546875 0.35831124441964285 0.0802176339285714 0.1848493303571429
16 0.6852852957589286 0.36114501953125 0.05754743303571419 0.17743791852678575
24 0.6753305288461537 0.5513822115384616 0.06760817307692302 0.16676682692307693
25 0.5975811298076923 0.5389873798076923 0.07286658653846145 0.1870492788461538
25 0.5239633413461537 0.5299729567307692 0.07286658653846129 0.18704927884615374
25 0.45034555288461525 0.5284705528846152 0.07286658653846134 0.18704927884615363
25 0.3718449519230768 0.5265925480769231 0.08112980769230749 0.18028846153846156
