24 0.5898307724252492 0.6213013911960132 0.02465739202657813 0.061643480066445155
24 0.6169214597176079 0.6251946636212624 0.0282262250830565 0.061643480066445155
24 0.6448232454318936 0.6290879360465116 0.026928467607973405 0.06229235880398676
24 0.6406055336378738 0.6921913932724252 0.026279588870431803 0.05353249584717612
24 0.6136770660299002 0.6908936357973421 0.026279588870431803 0.05353249584717612
24 0.5867485984219268 0.6860270452657806 0.0282262250830565 0.05353249584717612
16 0.6722383720930232 0.6321701100498338 0.029199543189368793 0.06521231312292364
16 0.7016001349667773 0.6362256021594683 0.029523982558139705 0.06423899501661123
16 0.6686695390365447 0.6986801806478405 0.028550664451827412 0.054830253322259104
25 0.7325840946843853 0.6432010485880398 0.029848421926910285 0.06521231312292364
25 0.761783637873754 0.6472565406976744 0.029199543189368793 0.06423899501661134
25 0.7916320598006643 0.6492031769102989 0.029199543189368793 0.06423899501661134
25 0.7854677117940199 0.720579838039867 0.03179505813953476 0.06034572259136217
25 0.7535104339700995 0.717173224667774 0.02822622508305639 0.06067016196013286
25 0.7251219892026577 0.7118199750830565 0.0279017857142857 0.05710132890365449
25 0.6973824231727574 0.7058178467607973 0.026928467607973405 0.055479132059800707
