17 0.1941499255952381 0.3580729166666667 0.0732421875 0.12439546130952384
15 0.27793761848703524 0.3551811322773973 0.09632900409735815 0.11971586044520555
16 0.37161244929264514 0.3605321596746575 0.0856906520099478 0.10901380565068497
16 0.45398530505952384 0.3531319754464286 0.07905505952380953 0.11916387648809523
16 0.5347842261904762 0.35138811383928575 0.07905505952380953 0.11916387648809523
16 0.6135486421130953 0.35458519345238093 0.08079892113095233 0.10928199404761901
16 0.6960914248511905 0.34644717261904767 0.08196149553571419 0.12323288690476192
16 0.7827032180059524 0.3397623697916667 0.08544921875 0.1307896205357143
16 0.18349272629310345 0.5286233836206896 0.08411907327586204 0.08979885057471265
14 0.2592268318965517 0.5168372844827586 0.0628591954022989 0.09092133620689652
19 0.3220860272988506 0.5196434985632183 0.06285919540229884 0.08306393678160923
19 0.3894351652298851 0.5179597701149425 0.06734913793103442 0.07296156609195409
25 0.4545393318965517 0.5129085847701149 0.058369252873563204 0.08530890804597702
25 0.5173985272988506 0.5145923132183907 0.0651041666666668 0.08643139367816083
25 0.5830639367816093 0.5101023706896551 0.06398168103448276 0.0841864224137931
25 0.6492905890804597 0.511224856321839 0.06398168103448276 0.0841864224137931
25 0.7132722701149425 0.5067349137931033 0.06398168103448276 0.0841864224137931
25 0.26035316165761296 0.6859827992146905 0.05388699860258228 0.058792107050070985
25 0.316473599137931 0.6840876436781609 0.05163433908045978 0.06173670977011503
25 0.37035290948275856 0.682965158045977 0.05163433908045978 0.06173670977011503
25 0.41918103448275856 0.6807201867816092 0.046021910919540165 0.05275682471264376
24 0.4696928879310345 0.6756690014367817 0.05051185344827591 0.05387931034482751
24 0.5235721982758621 0.6734240301724137 0.05051185344827591 0.05387931034482751
24 0.574084051724138 0.6672503591954022 0.048266882183908066 0.05724676724137934
24 0.6245959051724139 0.6638829022988504 0.048266882183908066 0.05724676724137934
26 0.6734240301724138 0.6616379310344828 0.049389367816091934 0.06173670977011492
25 0.6549695228929973 0.8251445086705202 0.042300838607069235 0.04741690751445082
25 0.6143086163294798 0.8248622651734104 0.0389496026011561 0.04798139450867045
25 0.5742300397398843 0.8276847001445087 0.0389496026011561 0.04798139450867045
25 0.5347159501445087 0.8276847001445087 0.0389496026011561 0.04798139450867045
25 0.49068596459537545 0.8005893244219654 0.03894960260115565 0.04798139450867045
28 0.4009325325144508 0.8039762463872833 0.05475523843930635 0.11233291184971106
29 0.3252912752890174 0.810750090317919 0.09314035404624277 0.1541049494219653
