17 0.2992764187056548 0.1192612933703473 0.05051597572000349 0.08858571805382592
16 0.4424184753128566 0.13299694829286013 0.04108897530021277 0.09040993193925559
25 0.3948634914479464 0.4010931962627504 0.03853271537996922 0.07860563333656811
25 0.5439453125 0.29060218582238057 0.0390625 0.08400209123935573
14 0.3493739536830357 0.12351131760311448 0.048392159598214246 0.09379767729377107
14 0.39637915614478114 0.12675583964646464 0.045046822390572394 0.09634101430976429
16 0.4859856575519138 0.13546301521205203 0.04470587344836091 0.08745065163622529
19 0.5298755787037037 0.1405658143939394 0.04175873316498324 0.08779198232323232
19 0.5701546717171717 0.14500473484848483 0.03945707070707072 0.0828598484848485
18 0.6081321022727273 0.14960805976430977 0.035182554713804604 0.0822022306397306
18 0.6477535774410774 0.1515809132996633 0.04471801346801341 0.0789141414141414
25 0.5835356841216217 0.29254645270270274 0.0374788851351352 0.08313978040540537
25 0.6212785050675675 0.29254645270270274 0.035895270270270285 0.08208403716216217
59 0.5055981289808917 0.27172074044585987 0.033588773885350365 0.11569466560509553
25 0.6094219872988036 0.40716394078692547 0.03348370389697031 0.07744162479557581
25 0.575211199082243 0.4052978977932949 0.03348370389697031 0.07744162479557581
25 0.5397563822032623 0.40591991212450507 0.03348370389697031 0.07744162479557581
25 0.5043015653242813 0.40467588346208466 0.03348370389697031 0.07744162479557581
25 0.4688467484453004 0.40467588346208466 0.03348370389697025 0.07744162479557581
25 0.43214790290389915 0.4028098404684541 0.03348370389697025 0.07744162479557581
25 0.35384367365413144 0.4001054804023287 0.03611091418724366 0.0778742302781451
25 0.3159007994503098 0.40197152339595926 0.03611091418724366 0.0778742302781451
51 0.3491615246815287 0.2620795183121019 0.040430931528662395 0.11631667993630576
34 0.5961012141719746 0.4984449641719745 0.03296675955414019 0.06282344745222929
52 0.4318894307324841 0.2692326831210191 0.03545481687898089 0.1132066082802548
52 0.3920805135350318 0.2667446257961784 0.03545481687898089 0.1132066082802548
54 0.46921029060509556 0.2682996616242038 0.03545481687898089 0.12004876592356692
26 0.5635725794364509 0.49940516336930457 0.028805080935251803 0.0592494754196643
26 0.5323085281774581 0.500576101618705 0.029507643884892243 0.0578443495203837
26 0.4998735386690647 0.5009273830935251 0.03208370803357313 0.05761016187050355
26 0.4670872676858513 0.5020983213429256 0.03208370803357319 0.05761016187050344
26 0.4328958708033573 0.5025666966426858 0.03208370803357319 0.05761016187050355
26 0.3982360986211031 0.5020983213429258 0.03208370803357319 0.05761016187050366
26 0.3618199190647482 0.5020983213429256 0.03465977218225419 0.058546912470023915
26 0.3257550209832134 0.5016299460431655 0.03465977218225419 0.058546912470023915
28 0.42637416294642855 0.8074079241071429 0.03662109375 0.1116071428571428
28 0.4635765438988095 0.8039202008928572 0.03662109375 0.1116071428571428
28 0.4970005580357143 0.806245349702381 0.032552083333333315 0.1150948660714286
29 0.38224283854166663 0.790984623015873 0.049316406250000056 0.14794146825396837
29 0.3284272693452381 0.7946196056547619 0.048828125 0.14880952380952384
56 0.5266462053571428 0.787353515625 0.026739211309523836 0.0749860491071429
56 0.5214146205357142 0.8510044642857143 0.025576636904761973 0.05231584821428581
41 0.5609421502976191 0.7425944010416667 0.04069010416666663 0.0540597098214286
41 0.5603608630952381 0.7954915364583334 0.04069010416666663 0.0540597098214286
41 0.551641555059524 0.8486793154761905 0.034877232142857095 0.051153273809523836
0 0.5193801153273809 0.6248837425595237 0.04940941220238099 0.13485863095238082
1 0.42085193452380953 0.6266276041666667 0.0453404017857143 0.1395089285714285
2 0.4679361979166667 0.6248837425595238 0.046502976190476164 0.13834635416666674
5 0.5670456659226191 0.6222679501488095 0.04127139136904767 0.13311476934523814
8 0.37260509672619047 0.6269182477678572 0.04766555059523808 0.14009021577380953
9 0.32174246651785715 0.6266276041666667 0.04940941220238093 0.1429966517857143
