17 0.3504136029411764 0.24414062499999997 0.03231272977941174 0.08114085477941174
16 0.3834443933823529 0.24647432215073528 0.03087660845588236 0.08078182444852944
16 0.41647518382352944 0.24808995863970587 0.03231272977941174 0.07826861213235298
16 0.4486083984375 0.24862850413602938 0.030517578124999944 0.07790958180147056
16 0.4791259765625 0.2504236557904411 0.030517578124999944 0.07790958180147056
19 0.5100854381716629 0.2520116745616516 0.02709298112273756 0.07760578690610856
25 0.5374269787542421 0.2528678238122172 0.02720345199377827 0.07578301753393665
25 0.5646028130302602 0.2535306490384616 0.02720345199377827 0.07578301753393682
25 0.5919995890483598 0.2548562994909503 0.02720345199377827 0.07578301753393682
25 0.620722015518948 0.25463535774886875 0.026319685025452344 0.0753411340497738
