17 0.2972309883004926 0.1529114070197045 0.04906865763546797 0.10391009852216748
17 0.2998768472906404 0.2599484298029557 0.04473907019704437 0.10631542487684728
15 0.3446159174876847 0.15531673337438429 0.0418526785714286 0.10583435960591131
15 0.34317272167487683 0.26283482142857145 0.0418526785714286 0.10631542487684723
15 0.3862280634236453 0.26427801724137934 0.04137161330049266 0.109201816502463
15 0.38694966133004927 0.15555726600985226 0.039928417487684775 0.10535329433497535
14 0.4275996767241379 0.15796259236453208 0.04040948275862072 0.10727755541871921
14 0.426637546182266 0.26620227832512317 0.04040948275862072 0.1072775554187192
19 0.46921182266009853 0.15844365763546803 0.042814809113300434 0.10920181650246304
19 0.4684902247536946 0.26716440886699505 0.04329587438423638 0.10631542487684728
19 0.5120266317733991 0.268126539408867 0.04185267857142844 0.10823968596059116
19 0.5134698275862071 0.15844365763546803 0.042814809113300545 0.10920181650246304
18 0.5543603756157636 0.1625327124384237 0.03896628694581272 0.10294796798029557
18 0.5522973096014059 0.26755008241469425 0.039650807626456674 0.10323824980475799
23 0.5981373152709359 0.16157058189655177 0.04185267857142849 0.10487222906403941
23 0.5951074253949897 0.2670690171437583 0.04406393615583315 0.10420038034662985
25 0.6440790486453202 0.15844365763546803 0.04425800492610832 0.1072775554187192
25 0.6402305264778325 0.2671644088669952 0.04425800492610832 0.10727755541871936
24 0.6859317272167488 0.15916525554187197 0.03656096059113301 0.10487222906403941
24 0.6811210745073891 0.267886006773399 0.03656096059113301 0.1048722290640394
47 0.659282705867776 0.4212257965502223 0.041952880947374815 0.09645311749068841
56 0.6188071646341464 0.42444740853658536 0.038109756097560954 0.09908536585365857
55 0.4592041396957227 0.40549378886068727 0.03338287914514004 0.12310648016039882
54 0.4213458282019704 0.40619227216748766 0.03752309113300495 0.12459590517241376
52 0.3847848676108374 0.40426801108374383 0.029826046798029526 0.12267164408866993
33 0.32344904556650245 0.5327124384236452 0.028382850985221697 0.08226216133004927
33 0.35640201662561577 0.5331935036945813 0.03463669950738918 0.07745150862068972
34 0.3934440424876847 0.5351177647783252 0.03559883004926112 0.08130003078817738
34 0.4304860683497537 0.5389662869458127 0.03559883004926112 0.08130003078817738
26 0.46680649630541876 0.5430553417487685 0.033193503694581294 0.07985683497536944
26 0.5007215979064041 0.5454606681034483 0.03463669950738929 0.07985683497536944
26 0.5341556342364533 0.5440174722906405 0.033193503694581294 0.07985683497536944
26 0.5702355295566504 0.5449796028325123 0.03704202586206928 0.07889470443349755
26 0.6058343596059115 0.5483470597290641 0.033193503694581294 0.07985683497536944
26 0.6419142549261085 0.5493091902709359 0.03704202586206928 0.07889470443349755
28 0.42375115455665024 0.927185960591133 0.035598830049261065 0.09765625
28 0.38791179187192115 0.9291102216748769 0.03511776477832512 0.09669411945812811
28 0.35038870073891626 0.9267048953201971 0.03415563423645318 0.098618380541872
55 0.34963859091523486 0.4022961128048781 0.03528836695001808 0.12528582317073167
