28 0.3463874315693431 0.4401231751824818 0.05845118613138689 0.19174840328467152
28 0.39806683394160586 0.4390539461678833 0.04348197992700731 0.18675866788321166
29 0.5284593870431576 0.38262302962776273 0.0735271656947068 0.29676922359118985
29 0.4550923813868615 0.3859489051094891 0.06914347627737244 0.2943943886861313
17 0.5876767791970803 0.3592181797445256 0.04348197992700731 0.11262545620437958
17 0.5933793339416059 0.47469491332116787 0.047758895985401395 0.11262545620437958
16 0.635079265510949 0.3613566377737227 0.049897354014598494 0.11119981751824815
16 0.6411382299270073 0.4746949133211679 0.04633325729927007 0.10834854014598527
16 0.6888971259124088 0.47184363594890516 0.04490761861313863 0.10977417883211682
16 0.6846202098540146 0.35850536040145986 0.047758895985401395 0.11690237226277372
25 0.732735515510949 0.3563669023722628 0.04419479927007297 0.11262545620437958
25 0.7783559534671534 0.353515625 0.04419479927007297 0.11262545620437958
25 0.8246892107664234 0.3513771669708029 0.04419479927007297 0.11262545620437958
25 0.8286097171532847 0.4664974908759124 0.04205634124087587 0.11191263686131392
25 0.7833456888686132 0.4682795392335766 0.042769160583941646 0.11262545620437947
25 0.737368841240876 0.46970517791970806 0.04775889598540162 0.11119981751824815
