17 0.29182652064732145 0.22970145089285715 0.0553676060267857 0.10899135044642858
17 0.3447963169642857 0.2286115373883929 0.0514439174107143 0.10768345424107142
17 0.39471435546875 0.2283935546875 0.04752022879464285 0.10899135044642858
17 0.4476841517857143 0.2275216238839286 0.05318777901785715 0.11335100446428573
17 0.4993460518973215 0.22599574497767858 0.051879882812500056 0.11204310825892855
17 0.5516619001116072 0.22512381417410712 0.05187988281250011 0.11204310825892855
14 0.6045577517667844 0.2218694787985866 0.05314156360424027 0.11456492932862195
16 0.6609512729970041 0.22137812187932104 0.054866939045936425 0.11767060512367511
16 0.7186050684628975 0.22083425353356897 0.05555708922261482 0.1152550795053005
16 0.31329296977244464 0.3603088115307224 0.05765885212177735 0.09238874267929587
16 0.3677272869020743 0.3589409722222222 0.048616606751407 0.09440104166666669
16 0.4154703424576298 0.3594835069444444 0.047169847492147754 0.09331597222222227
19 0.4643735532407407 0.3598451967592593 0.046296296296296335 0.08825231481481483
19 0.5117549189814815 0.3587601273148148 0.047743055555555525 0.09186921296296291
19 0.55859375 0.35821759259259256 0.04448784722222232 0.09223090277777773
19 0.6043475115740742 0.35478153935185186 0.04484953703703709 0.0954861111111111
19 0.6519097222222223 0.35514322916666663 0.04738136574074081 0.09331597222222215
19 0.7007378472222223 0.35369646990740744 0.04738136574074081 0.09331597222222215
25 0.682218309859155 0.4704005281690141 0.04676496478873238 0.07908780809859156
18 0.6371726452464789 0.4704005281690141 0.0392000440140845 0.08115096830985918
18 0.5945340008802817 0.4702285981514085 0.041263204225352124 0.0828702684859155
18 0.550691846390845 0.4704005281690141 0.04229478433098599 0.08115096830985918
18 0.5097725022007042 0.47057245818661975 0.03885618397887325 0.082182548415493
18 0.46988473811619724 0.47057245818661986 0.03885618397887319 0.08218254841549322
18 0.42793381382042256 0.46971280809859156 0.04023162411971826 0.08115096830985913
18 0.3870144696302817 0.4697128080985915 0.04023162411971826 0.08115096830985902
18 0.3430003851232395 0.47091631822183105 0.04504566461267606 0.08011938820422537
25 0.3675863776408451 0.5940182108274648 0.035761443661971815 0.05536146566901412
25 0.404723261443662 0.593502420774648 0.03782460387323944 0.05570532570422537
25 0.441344355193662 0.5928147007042254 0.03541758362676056 0.05501760563380276
25 0.4784812389964789 0.5931585607394367 0.03748074383802824 0.05570532570422537
25 0.5156181227992958 0.5938462808098592 0.03748074383802824 0.05570532570422537
25 0.5541304467429577 0.594877860915493 0.03748074383802824 0.0605193661971829
26 0.5919550506161972 0.5931585607394367 0.03748074383802813 0.061207086267605626
26 0.629607724471831 0.591095400528169 0.03713688380281688 0.06739656690140838
26 0.6688077684859155 0.5922989106514085 0.039887764084507005 0.06705270686619724
28 0.5756878644314869 0.8290816326530612 0.03473487609329451 0.08996902332361523
28 0.5390845651876821 0.8285240714589408 0.03615843658892137 0.09167729591836737
13 0.47575391763848396 0.8599728954081632 0.05637299562682219 0.06235194970845481
