3 0.3036182709854015 0.37596943430656937 0.09409215328467152 0.2872661952554745
2 0.39414632755474455 0.3706232892335767 0.08126140510948904 0.2794251824817518
17 0.4600821167883212 0.33426950273722633 0.04918453467153289 0.1297331204379562
17 0.5142563868613139 0.334982322080292 0.053461450729926974 0.12830748175182483
17 0.5210281706204379 0.45509238138686137 0.04989735401459855 0.08767677919708028
17 0.46899235857664234 0.4586564781021899 0.04989735401459855 0.08767677919708045
16 0.5680742472627738 0.3339130930656935 0.05417427007299269 0.12331774635036491
16 0.6201100593065694 0.3317746350364964 0.049897354014598605 0.11904083029197077
16 0.5716383439781022 0.45259751368613144 0.04847171532846706 0.0869639598540145
16 0.6215356979927007 0.45117187500000006 0.04847171532846706 0.0869639598540145
25 0.6725022810218979 0.4454693202554745 0.04918453467153283 0.08268704379562042
25 0.7223996350364963 0.4454693202554745 0.04918453467153283 0.08268704379562042
25 0.6760663777372262 0.3282105383211679 0.05061017335766416 0.12331774635036497
25 0.7263201414233577 0.32856694799270075 0.05132299270072993 0.12403056569343063
29 0.5534345518867925 0.8014906397405661 0.07600604363207553 0.2266362028301886
29 0.6303618808962264 0.7968842128537736 0.07600604363207553 0.2266362028301886
28 0.48963553950471694 0.7998783903301887 0.048828124999999944 0.14878758844339623
28 0.4394254864386793 0.8164615271226415 0.048828124999999944 0.14878758844339623
28 0.3873728626179246 0.821067954009434 0.05159198113207547 0.14878758844339623
28 0.3307138119103774 0.8323536998820755 0.058962264150943355 0.146484375
