13 0.3347203351449275 0.24414062499999994 0.12737771739130432 0.2731544384057971
26 0.5555083786231884 0.308890964673913 0.06510416666666674 0.15214560688405798
52 0.6181357563405796 0.28306159420289856 0.05873528079710144 0.19814311594202905
54 0.7363139719202898 0.28624603713768115 0.055904664855072506 0.1903589221014493
25 0.2518774757922535 0.7583833076584507 0.047108824823943685 0.08768430897887325
25 0.2993301606514085 0.7618219080105634 0.047108824823943685 0.08699658890845074
25 0.3467828455105634 0.7628534881161972 0.047108824823943685 0.08699658890845074
25 0.3956109705105634 0.762509628080986 0.047108824823943685 0.08699658890845074
25 0.4423759352992958 0.7614780479753522 0.04573338468309862 0.08630886883802813
16 0.4877654599471831 0.7576955875880282 0.04779654489436619 0.07805622799295786
16 0.5352181448063381 0.7568359375 0.04573338468309851 0.07702464788732388
16 0.5802638094190141 0.757351727552817 0.04573338468309851 0.07668078785211263
16 0.630123514524648 0.7571797975352113 0.04917198503521114 0.07564920774647887
16 0.6799832196302816 0.7576955875880282 0.05054742517605626 0.07805622799295775
51 0.6761771537162162 0.2796135979729729 0.05410684121621623 0.20191089527027023
55 0.7896695523648648 0.28225295608108103 0.05674619932432434 0.20718961148648646
