2 0.2750704405737705 0.461577868852459 0.09125256147540983 0.254546618852459
16 0.3487128586065574 0.5264152151639344 0.05283043032786894 0.08004610655737704
16 0.3991419057377049 0.5184106045081966 0.04482581967213117 0.07684426229508196
16 0.44476818647540983 0.5136078381147541 0.04322489754098369 0.07364241803278687
16 0.48799308401639346 0.5128073770491803 0.043224897540983576 0.06883965163934425
16 0.3447105532786885 0.41755251024590156 0.04482581967213117 0.11846823770491804
16 0.38953637295081966 0.4119492827868852 0.048027663934426146 0.11046362704918034
16 0.43836449795081966 0.4095478995901639 0.04642674180327866 0.1088627049180328
16 0.48319031762295084 0.40474513319672123 0.04642674180327866 0.10245901639344263
25 0.531217981557377 0.5088050717213114 0.0400230532786886 0.07044057377049179
25 0.5704405737704918 0.5024013831967212 0.038422131147540894 0.07044057377049179
25 0.608062243852459 0.49759861680327866 0.033619364754098324 0.0672387295081967
25 0.5288165983606556 0.40314421106557374 0.04162397540983609 0.0992571721311476
25 0.5704405737704918 0.4015432889344262 0.03522028688524592 0.09605532786885251
25 0.6112640881147541 0.3991419057377049 0.03682120901639352 0.10085809426229508
29 0.49039446721311475 0.7913678278688525 0.06083504098360648 0.18410604508196726
28 0.4319608094262295 0.8281890368852459 0.04322489754098369 0.1168673155737705
28 0.3839331454918033 0.8401959528688525 0.04962858606557374 0.10886270491803274
28 0.33350409836065575 0.8562051741803278 0.04482581967213117 0.10566086065573776
28 0.28147412909836067 0.8642097848360656 0.04642674180327866 0.11846823770491799
