41 0.285207988410596 0.2169779594370861 0.07502069536423844 0.11059085264900659
41 0.2874715438741722 0.31786786009933776 0.07437396523178802 0.09377586920529801
41 0.2887650041390729 0.41293718956953646 0.07437396523178802 0.09377586920529801
41 0.3870679842715232 0.41746430049668876 0.07437396523178802 0.09377586920529801
41 0.3857745240066225 0.3223949710264901 0.07437396523178802 0.09377586920529801
41 0.38351096854304634 0.22150507036423844 0.07502069536423844 0.11059085264900662
41 0.4711429014900661 0.41681757036423855 0.0743739652317878 0.09377586920529801
41 0.4698494412251655 0.3217482408940399 0.07437396523178785 0.09377586920529801
41 0.4685559809602649 0.21988824503311266 0.07696088576158944 0.11253104304635775
41 0.5675056912251655 0.41617084023178824 0.07437396523178785 0.09377586920529801
41 0.5662122309602649 0.3211015107615896 0.07437396523178785 0.09377586920529801
41 0.5649187706953642 0.21924151490066235 0.07696088576158944 0.11253104304635775
61 0.6625750206953642 0.22021161009933776 0.07825434602649006 0.11317777317880795
61 0.6554609892384107 0.3246585264900662 0.08084126655629154 0.09442259933774833
61 0.65416752897351 0.41972785596026496 0.08084126655629154 0.09442259933774838
44 0.4685559809602649 0.5225579470198675 0.06920012417218546 0.05432533112582777
44 0.4666157905629139 0.5807636589403973 0.0692001241721854 0.054325331125827825
44 0.5439000413907285 0.5519841680463575 0.06725993377483441 0.05497206125827803
44 0.543253311258278 0.6069562293046357 0.06725993377483441 0.05497206125827803
44 0.541313120860927 0.6651619412251655 0.06725993377483441 0.05497206125827803
42 0.6299151490066226 0.5500439776490066 0.06596647350993379 0.06531974337748347
42 0.6257114031456954 0.611159975165563 0.06920012417218546 0.05561879139072856
42 0.6257114031456954 0.6687189569536423 0.06920012417218546 0.05561879139072856
46 0.5807636589403974 0.812616411423841 0.07760761589403975 0.08213472682119205
46 0.4847242342715231 0.814556601821192 0.09636278973509921 0.0756674254966887
45 0.4058231581125828 0.8346052359271523 0.058852442052980125 0.12093853476821192
45 0.33015573261589404 0.7789864445364238 0.1002431705298013 0.132579677152318
