17 0.18561868106617646 0.28165929457720584 0.03949333639705885 0.07862764246323525
17 0.22439395680147056 0.28327493106617646 0.03662109375 0.07826861213235295
15 0.25975844439338236 0.2861471737132353 0.03482594209558823 0.07826861213235295
15 0.2935072954963235 0.28740377987132354 0.03195369944852938 0.07862764246323531
14 0.3249224494485294 0.2879423253676471 0.02944048713235292 0.07755055147058826
14 0.35669663373161764 0.28973747702205876 0.030517578125 0.07683249080882354
16 0.3875732421875 0.2909940831801471 0.029081456801470618 0.07647346047794118
16 0.4173727596507353 0.29171214384191174 0.029081456801470562 0.07431927849264708
16 0.4477108226102941 0.2922506893382353 0.03087660845588236 0.07467830882352944
16 0.4785874310661764 0.29260971966911764 0.03087660845588236 0.07467830882352944
19 0.1777200137867647 0.4022934857536764 0.03662109375 0.08006376378676466
19 0.21326401654411764 0.40067784926470584 0.03303079044117646 0.0753963694852941
23 0.2468333524816176 0.40139590992647056 0.0326717601102941 0.07467830882352944
25 0.2809412339154411 0.40067784926470584 0.033389820772058876 0.07324218749999994
25 0.3125359030330882 0.40193445542279405 0.030517578125000056 0.07503733915441174
25 0.3430534811580882 0.4015754250919118 0.030517578125000056 0.07503733915441174
25 0.3726734834558823 0.4019344554227941 0.028722426470588314 0.0750373391544118
25 0.4010368795955882 0.40121639476102944 0.028722426470588314 0.0750373391544118
25 0.4304773667279411 0.4004983340992647 0.028722426470588314 0.0750373391544118
25 0.4599178538602941 0.39942124310661764 0.028722426470588314 0.0750373391544118
25 0.4889993106617647 0.39942124310661764 0.02872242647058837 0.0750373391544118
25 0.20649835481708045 0.5431599189368371 0.033389820772058876 0.0732421875
25 0.23965003842213115 0.5414238601434427 0.03121798155737704 0.06643826844262302
25 0.2723157950744334 0.5391901029110415 0.030723814564247942 0.06370163331726131
25 0.3026863473360656 0.5361677738141877 0.029216828893442626 0.06334260298637895
25 0.33217380269858965 0.5336074755529774 0.02947603702085344 0.06045858885306166
25 0.36212058145491804 0.5302467162261935 0.028816598360655754 0.06077641898203956
25 0.3909841480457449 0.5289077096642961 0.02650915162427675 0.05865166571239144
25 0.41958003103905495 0.5271066722667551 0.029164092635004912 0.06065281837632597
25 0.44779628360053036 0.5253056348692142 0.024761556774349158 0.06265397104026038
25 0.47381126823167785 0.5225040211397058 0.024761556774349158 0.06265397104026038
25 0.4990257917972517 0.5213033295413452 0.024761556774349158 0.06265397104026038
25 0.19342341188524587 0.6422819544057378 0.028416367827868855 0.06243596311475419
25 0.22476028545383317 0.6385162559516635 0.0294546129158631 0.0627632104327388
25 0.25665983606557374 0.6324763063524591 0.030017289959016424 0.05643250512295084
25 0.28707735655737704 0.6308753842213115 0.030017289959016424 0.05643250512295084
25 0.31729476178278687 0.6280737704918034 0.02801613729508201 0.0540311219262295
25 0.34491066854508196 0.6250720414959017 0.027215676229508157 0.05363089139344257
25 0.37192622950819676 0.6234711193647542 0.026014984631147542 0.05283043032786883
24 0.39974225153688525 0.6202692751024591 0.028016137295081955 0.048828125
24 0.42755827356557374 0.6168673155737705 0.02681544569672134 0.04762743340163933
24 0.45477394979508196 0.6152663934426229 0.02681544569672134 0.04762743340163933
24 0.4835905481557377 0.614465932377049 0.02681544569672134 0.04762743340163933
47 0.23796904042750927 0.7665471073420075 0.026864544609665364 0.06462012081784385
54 0.3260821554770318 0.7443131625441695 0.025535556537102433 0.08488847173144876
59 0.38077655697879864 0.7336158348056536 0.025880631625441686 0.08143772084805656
59 0.4068297261484099 0.7330982221731448 0.02691585689045939 0.07488129416961142
26 0.43443573321554774 0.741034949204947 0.02622570671378094 0.053486638692579414
26 0.4613515901060071 0.7424152495583038 0.02622570671378094 0.053486638692579414
26 0.487577296819788 0.7393095737632508 0.02622570671378094 0.053486638692579414
51 0.2684159712357954 0.7565585049715909 0.0274658203125 0.07490678267045459
52 0.2978238192471591 0.7510098544034092 0.03024014559659094 0.07823597301136365
41 0.4913425310283689 0.8769461990248227 0.04155585106382986 0.058524490248226924
41 0.49099623226950373 0.9347780917553191 0.041555851063830085 0.058524490248226924
28 0.4546348625886525 0.9079399379432624 0.02978169326241137 0.1122007978723405
29 0.4147612473060345 0.8874680091594829 0.04167227909482757 0.1629007273706896
29 0.37140523976293105 0.897149447737069 0.04167227909482757 0.1629007273706896
29 0.32110385237068967 0.9074622844827587 0.05219558189655171 0.170056573275862
29 0.2678608923364605 0.913360286194219 0.04755542437880328 0.16667921209432057
29 0.21544989224137934 0.9190884294181034 0.04966998922413804 0.16300175107758597
