6 0.243839042530903 0.33439818133904253 0.07097622695369787 0.20326637956997695
3 0.37100137246621623 0.34295819256756754 0.060045396959459485 0.1939928209459459
9 0.3109559755067567 0.3383393158783784 0.056086359797297314 0.20191089527027023
1 0.43566564611486486 0.34460779138513514 0.0640044341216216 0.19861169763513511
1 0.5 0.34559755067567566 0.0593855574324324 0.19927153716216214
1 0.5600453969594594 0.34757706925675674 0.059385557432432345 0.19927153716216214
2 0.6214104729729729 0.3469172297297297 0.06202491554054057 0.20455025337837837
2 0.6890440244932432 0.3508762668918919 0.0640044341216216 0.21114864864864866
17 0.2541845316622691 0.5124969079815304 0.03890789907651712 0.07060108839050133
17 0.2919329238126649 0.5083742166886543 0.03607354881266489 0.061840369393139805
17 0.3295524818601583 0.5103067282321899 0.03658888522427439 0.061582701187335054
17 0.36652786939313986 0.5121104056728232 0.0363312170184697 0.06003669195250655
17 0.4041474274406332 0.5128834102902374 0.03684655343007914 0.059006019129287546
14 0.4406074785620053 0.5159754287598944 0.03607354881266489 0.05539866424802109
14 0.47719636378627966 0.5179079403034301 0.03607354881266489 0.05462565963060684
14 0.5137852490105541 0.5184232767150396 0.036073548812665 0.05462565963060684
14 0.550889470646438 0.52061345646438 0.037104221635883894 0.05127597295514513
14 0.5877360240765171 0.5202269541556728 0.03555821240105539 0.05256431398416889
14 0.6240672410949869 0.5212576269788918 0.03555821240105539 0.05256431398416889
14 0.6616867991424802 0.523061304419525 0.03658888522427428 0.04998763192612138
14 0.2701040084319608 0.601013575877076 0.03817990380915531 0.05995451891892467
16 0.3065655048076923 0.59765625 0.031613080929487225 0.05101913060897434
19 0.33802208533653844 0.5982822516025643 0.030048076923076927 0.053523137019230727
19 0.36963516626602566 0.5998472556089745 0.03192608173076922 0.05477514022435881
19 0.40234375 0.6018817608173077 0.03161308092948717 0.053836137820512775
19 0.4342698317307693 0.6031337640224359 0.03161308092948717 0.053836137820512775
19 0.4665089142628205 0.603759765625 0.03161308092948717 0.053836137820512775
19 0.49874799679487175 0.6059507712339745 0.031613080929487114 0.051958133012820484
19 0.5309870793269231 0.6062637720352565 0.031613080929487114 0.051958133012820484
19 0.5638521634615385 0.6087677784455129 0.031613080929487114 0.051958133012820484
19 0.5960912459935896 0.609393780048077 0.031613080929487114 0.051958133012820484
19 0.628330328525641 0.6109587840544872 0.031613080929487114 0.051958133012820484
19 0.6627604166666666 0.6108022836538463 0.0322390825320511 0.05101913060897434
25 0.28641149580335734 0.6772706834532374 0.03231789568345328 0.059483663069544446
25 0.31943195443645084 0.6724698366306955 0.032786270983213406 0.045198216426858506
25 0.3519840377697842 0.6723527428057554 0.03184952038369304 0.045900779376498724
25 0.38277971372901676 0.6732894934052758 0.027868330335731384 0.04636915467625902
25 0.4134582958633094 0.673874962529976 0.03114695743405277 0.04613496702637898
25 0.5047643628518237 0.6770586820017671 0.02786833033573133 0.04636915467625902
25 0.47499664741890696 0.6761219314022466 0.03184952038369304 0.045900779376498724
25 0.44448815947242204 0.6749559234191594 0.029335084563927805 0.04468793386343539
25 0.5354429449861163 0.6779868046352391 0.031146957434052824 0.04613496702637898
25 0.5675130947873279 0.679548466489966 0.03184952038369304 0.045900779376498724
25 0.5980055593682948 0.6807268001388364 0.027261907579199773 0.04342578568723954
25 0.6296406131673609 0.6817633886312002 0.03326697194875683 0.04409383677268719
25 0.6618352521929824 0.6833053294206739 0.03186677631578949 0.047177718351634534
25 0.6441885964912281 0.7577782346491229 0.02672697368421062 0.04557291666666663
25 0.295617123084401 0.7530658428934144 0.029419007124977414 0.04547438991038222
25 0.32558661113937537 0.754215788225993 0.027868330335731384 0.04636915467625902
25 0.3541808298878826 0.7556316438383158 0.02853450556288023 0.0452523315013329
25 0.38401083167330674 0.7559605328685258 0.02956922310756971 0.04668824701195229
25 0.4143581922310757 0.7559605328685258 0.02956922310756971 0.04668824701195229
25 0.4425656748007968 0.7561550672310756 0.02606760458167323 0.04707731573705187
25 0.46999501992031867 0.757711342131474 0.02723481075697204 0.04707731573705187
25 0.4983970368525896 0.757711342131474 0.02723481075697215 0.04707731573705187
25 0.5275771912350598 0.7598512201195218 0.02879108565737054 0.043575697211155284
25 0.5579245517928287 0.758684013944223 0.02879108565737054 0.043575697211155284
25 0.5878828436254979 0.7588785483067728 0.027234810756972094 0.04240849103585653
25 0.6158957918326693 0.7604348232071714 0.027234810756972094 0.04240849103585653
25 0.3011391932270916 0.7999486242679164 0.027234810756972094 0.045085321185282634
25 0.3307126149180257 0.7987436308423381 0.028004551040442527 0.0397139335344473
25 0.3581419600375476 0.7985490964797883 0.026059207414944496 0.04010300225954688
25 0.3853767707945197 0.7993272339299875 0.026059207414944496 0.04010300225954688
25 0.4128061159140416 0.7995217682925373 0.026448276140044136 0.03737952118384957
25 0.4404299953961134 0.8002999057427365 0.026448276140044136 0.03737952118384957
25 0.46805387487818506 0.8018561806431348 0.026448276140044136 0.03737952118384957
25 0.49567775436025663 0.8014671119180352 0.026448276140043914 0.03737952118384957
25 0.5233016338423284 0.8022452493682344 0.026448276140043858 0.03737952118384957
25 0.5517036507745994 0.8022452493682344 0.026448276140043858 0.03737952118384957
25 0.5785493928064718 0.8018561806431348 0.026448276140043858 0.03737952118384957
25 0.6061732722885436 0.8018561806431348 0.026448276140043858 0.03737952118384957
26 0.6341820219123505 0.8034269173306772 0.02956922310756971 0.038906872509960166
29 0.3202035607569721 0.8956362051792828 0.04124128486055778 0.1167206175298805
29 0.36319565488047806 0.8938853959163346 0.041630353585657365 0.10932831175298807
29 0.40716042081673304 0.8931072584661353 0.041630353585657365 0.10932831175298807
28 0.44805728418294033 0.9269441190157401 0.03073642928286857 0.07547933266932272
28 0.478872165028411 0.9277649902439422 0.03049023169616638 0.07658530835673705
28 0.5100671851528314 0.9279027588416824 0.0326855998138596 0.0794223209620536
54 0.5655113919322708 0.8802679905378485 0.02606760458167323 0.06419633964143423
52 0.5931720255352669 0.8832059529002556 0.029253662624318943 0.059178340063459456
56 0.6269842504980079 0.8927181897410358 0.024511329681274785 0.04785545318725104
47 0.6199386521059745 0.9341549617518281 0.020240170512315414 0.03554893449266716
59 0.5958610983455882 0.9348754882812499 0.025311638327205843 0.04164751838235303
51 0.5703699448529412 0.9347857306985295 0.024234547334558654 0.042545094209558654
