17 0.30553481158088236 0.3195369944852941 0.05385454963235292 0.1263786764705882
14 0.3631591796875 0.3184599034926471 0.054931640624999944 0.12566061580882354
19 0.4184147008207785 0.3186394186580882 0.05349551930147056 0.12386546415441174
16 0.4694321576286764 0.31899844898897056 0.049187155330882304 0.12314740349264708
16 0.5204144646139706 0.3181008731617647 0.0506232766544118 0.12278837316176472
16 0.5742690142463235 0.3166647518382353 0.05564970128676472 0.12135225183823528
16 0.6295596852022058 0.315408145680147 0.054931640625 0.1202751608455882
16 0.6852093864889706 0.3137925091911765 0.04990521599264708 0.12135225183823523
16 0.7378073299632352 0.3136129940257353 0.05457261029411753 0.11955710018382348
25 0.33059309686495175 0.4496018388263666 0.05149718649517682 0.09985430064308681
25 0.382247286977492 0.45022985329582 0.05306722266881031 0.09922628617363338
25 0.43295945538585207 0.4481888062700965 0.04772909967845662 0.10016830787781345
25 0.48044770363695555 0.44742067029267374 0.04855519756479848 0.09920827859027986
25 0.5274767585125447 0.446164641353767 0.04410282258064524 0.10102029166522603
25 0.6706359206989246 0.43951421572652677 0.04410282258064524 0.10102029166522597
25 0.6236068658233354 0.4390201326582651 0.04855519756479865 0.09920827859027986
25 0.5761186175722319 0.44153838064285644 0.04772909967845662 0.10016830787781356
25 0.7163138440860215 0.43776410371935837 0.04445284498207891 0.10312042607382815
25 0.38348599137931033 0.5441829834931811 0.04647090517241381 0.07529243818605158
25 0.3888739224137931 0.6246652033207674 0.04108297413793105 0.08270084335846539
25 0.3471835066942011 0.6175242456896552 0.039868090974609194 0.09428879310344829
25 0.33322101258454373 0.5386586217291274 0.04867112138263663 0.06317392449273751
25 0.4309671336206896 0.6206242550449053 0.043103448275862044 0.08000687784122396
25 0.42912825038269414 0.542945207047 0.04346663007573315 0.07685783356955145
25 0.47386286960199814 0.6197115798112603 0.04310344827586221 0.08000687784122396
25 0.47202398636400256 0.542032531813355 0.04346663007573315 0.07685783356955145
25 0.514332777755398 0.6204706738331747 0.03916446785368999 0.08061239065140768
25 0.5158323975789558 0.5397508437292429 0.04346663007573326 0.07685783356955145
25 0.555859500886239 0.6188734921742962 0.0409898183209797 0.07833070256729535
25 0.5578154583266194 0.5399790125376542 0.04072860437479853 0.07913952165366356
25 0.5973862240170802 0.6168199728985952 0.03916446785368999 0.08061239065140768
25 0.6002548566911053 0.5367846492198971 0.04072860437479853 0.07913952165366356
25 0.6377318195093458 0.6159072976649504 0.04243939836448596 0.08061239065140746
25 0.6422379174387689 0.5358719739862523 0.04072860437479853 0.07913952165366356
25 0.684677315803255 0.534502961135785 0.04072860437479853 0.07913952165366356
26 0.6788022050233644 0.6117205753504673 0.04152672313084116 0.07620838200934588
13 0.5469206337616822 0.7817063376168224 0.0643436039719627 0.10860835280373826
29 0.6094388872663551 0.7436021466121495 0.06160557827102808 0.17021393107476634
28 0.6671655957943925 0.7598021320093458 0.04928446261682251 0.1314252336448598
19 0.48234886098130836 0.7689288843457944 0.0556731892523365 0.1633688668224299
19 0.42485032126168226 0.7712105724299065 0.05567318925233655 0.1633688668224299
2 0.3662109375 0.7705260660046729 0.05704220210280375 0.1619998539719626
