17 0.16540727459016394 0.31269211065573765 0.08324795081967212 0.14888575819672129
14 0.24545338114754095 0.3030865778688524 0.07044057377049173 0.1456839139344262
16 0.3190957991803279 0.29428150614754095 0.07364241803278693 0.1504866803278688
16 0.3999423668032787 0.2902792008196721 0.08164702868852458 0.15208760245901634
16 0.48319031762295084 0.29188012295081966 0.07204149590163933 0.15208760245901634
16 0.5616355020491803 0.2878778176229508 0.07524334016393441 0.16009221311475405
16 0.646484375 0.2846759733606557 0.0784451844262295 0.15689036885245897
16 0.7329341700819673 0.2822745901639344 0.07204149590163933 0.15208760245901634
16 0.8121798155737705 0.27987320696721313 0.06723872950819687 0.1440829918032787
16 0.2774718237704918 0.5296170594262295 0.054431352459016424 0.06403688524590168
16 0.3271004098360656 0.5224129098360656 0.04482581967213117 0.05923411885245905
16 0.3807313012295082 0.5232133709016393 0.05603227459016391 0.05763319672131151
19 0.43916495901639346 0.520811987704918 0.054431352459016424 0.062435963114754134
25 0.49759861680327866 0.5248142930327868 0.04642674180327866 0.054431352459016424
25 0.5520299692622951 0.5224129098360655 0.05283043032786883 0.06243596311475408
25 0.6088627049180328 0.520811987704918 0.05122950819672123 0.056032274590163966
25 0.7289318647540983 0.5256147540983607 0.048027663934426146 0.05603227459016391
25 0.35911885245901637 0.6753009733606556 0.04162397540983609 0.04162397540983609
25 0.3983414446721312 0.674500512295082 0.033619364754098324 0.03682120901639341
25 0.4367635758196721 0.6712986680327868 0.03041752049180324 0.03682120901639341
25 0.47438524590163933 0.6688972848360655 0.03201844262295084 0.022412909836065587
25 0.5128073770491803 0.674500512295082 0.038422131147541005 0.027215676229508268
26 0.5552318135245902 0.6704982069672131 0.03682120901639352 0.03201844262295084
26 0.5920530225409836 0.6680968237704918 0.033619364754098324 0.03682120901639341
26 0.6304751536885246 0.6680968237704918 0.03682120901639352 0.03041752049180324
26 0.6640945184426229 0.6664959016393442 0.033619364754098324 0.033619364754098324
25 0.6708183913934427 0.5280961834016393 0.05875384221311475 0.05611232069672134
