17 0.17720520320197047 0.26668334359605916 0.07264085591133004 0.12748229679802953
17 0.24744073275862072 0.26163215825123154 0.06398168103448273 0.10872075123152702
15 0.3092576200738916 0.2599484298029557 0.05291717980295563 0.11401246921182262
15 0.3650611915024631 0.26139162561576357 0.05676570197044334 0.11112607758620688
15 0.4242322198275862 0.26235375615763545 0.05676570197044334 0.11112607758620685
14 0.48292218288177347 0.27029133312807885 0.05387931034482768 0.09525092364532017
14 0.5388232675409399 0.26823380396252167 0.05696072843163347 0.10129024306017845
14 0.5942887931034484 0.27365879002463056 0.052436114532019684 0.09044027093596055
16 0.6481681034482758 0.2731777247536946 0.05051185344827591 0.08851600985221672
16 0.7006042179802956 0.27221559421182273 0.05051185344827591 0.08851600985221669
16 0.7520782019704433 0.2726966594827587 0.05051185344827591 0.08851600985221669
16 0.8033116533251232 0.27486145320197053 0.050992918719211855 0.08514855295566487
16 0.8511776477832512 0.27462092056650256 0.03992841748768483 0.0875538793103447
19 0.22397678390688258 0.4119749493927125 0.058119306680161964 0.09409792510121456
19 0.27834008097165985 0.4098004175101214 0.049816548582995945 0.08658590587044529
19 0.3287496837044534 0.4094050480769231 0.0494211791497976 0.08342295040485825
19 0.37817086285425094 0.4105911563765182 0.048630440283400855 0.08184147267206471
19 0.4279874114372469 0.4099981022267206 0.04704896255060731 0.08302758097165985
19 0.47661785172064774 0.4115795799595141 0.0502119180161944 0.08144610323886636
19 0.5238644989878543 0.4115795799595141 0.04349063765182182 0.07986462550607287
19 0.567157451923077 0.410393471659919 0.042304529352226616 0.07828314777327933
19 0.610845774291498 0.409405048076923 0.041909159919028216 0.07709703947368424
18 0.6539410425101214 0.40545135374493924 0.04032768218623484 0.07788777834008098
18 0.6952571482793521 0.4076258856275303 0.04230452935222673 0.07828314777327933
18 0.7379570470647774 0.4068351467611335 0.04151379048582993 0.07670167004048584
18 0.7826337930161944 0.4066374620445343 0.04863044028340069 0.07867851720647773
25 0.2354776651651652 0.5353380724474475 0.04985454204204204 0.07536833708708718
25 0.2844524211711712 0.5315256662912913 0.04574887387387383 0.06598395270270285
25 0.3310810810810811 0.5294728322072073 0.04281625375375375 0.06715700075075082
25 0.3744838588588588 0.5282997841591592 0.04281625375375375 0.06715700075075082
25 0.41847316066066065 0.5285930461711712 0.04281625375375375 0.06715700075075082
25 0.4615826764264264 0.5271267361111112 0.04281625375375375 0.06715700075075082
25 0.5035191441441441 0.524780640015015 0.03929710960960969 0.0677435247747748
25 0.5422297297297297 0.5234609609609611 0.03812406156156167 0.06569069069069072
25 0.5826998873873874 0.5199418168168168 0.04164320570570579 0.06569069069069072
25 0.6249296171171171 0.5170091966966968 0.039883633633633675 0.06275807057057065
25 0.6612941066066066 0.5164226726726727 0.03460491741741745 0.06334459459459457
25 0.6975119650900901 0.5131967905405407 0.03665775150150152 0.0633445945945949
25 0.7341697165915917 0.5129035285285287 0.03665775150150152 0.06334459459459502
9 0.2600010463169643 0.66021728515625 0.057111467633928575 0.1355852399553571
8 0.3182024274553572 0.6567295619419644 0.05667550223214285 0.1355852399553571
3 0.3757498604910714 0.6506260463169643 0.051443917410714246 0.1320975167410714
2 0.4302455357142857 0.6467023577008929 0.0514439174107143 0.1329694475446428
2 0.48016357421875 0.6416887555803572 0.04752022879464296 0.1255580357142856
2 0.5311715262276786 0.6382010323660714 0.0518798828125 0.1246861049107143
2 0.5806535993303572 0.6340593610491072 0.0453404017857143 0.1259940011160714
19 0.6292637416294643 0.6286097935267858 0.047520228794642794 0.1203264508928571
0 0.6761300223214286 0.6244681222098214 0.047084263392857095 0.1251220703124999
25 0.2803802490234375 0.7658004760742188 0.0396728515625 0.0431060791015625
25 0.28554667597231653 0.8056474768597146 0.04085043202275812 0.035062043563179324
25 0.3232624219811481 0.8031347523564878 0.03176150114639947 0.03690304963485047
25 0.31719207763671875 0.7623672485351562 0.0308990478515625 0.0438690185546875
25 0.35152435302734375 0.7608413696289062 0.0324249267578125 0.0385284423828125
25 0.35495758056640625 0.798797607421875 0.0301361083984375 0.03509521484375
25 0.3864288330078125 0.7966995239257812 0.030517578125 0.0331878662109375
25 0.41675567626953125 0.7902145385742188 0.0270843505859375 0.0308990478515625
25 0.44651031494140625 0.7852554321289062 0.0278472900390625 0.0316619873046875
25 0.47626495361328125 0.7814407348632812 0.0278472900390625 0.0316619873046875
25 0.5046844482421875 0.7770538330078125 0.025177001953125 0.028228759765625
25 0.5323410034179688 0.7711410522460938 0.0263214111328125 0.0331878662109375
25 0.5596160888671875 0.7688522338867188 0.026702880859375 0.0347137451171875
25 0.5884170532226562 0.766754150390625 0.0278472900390625 0.0335693359375
25 0.6166458129882812 0.7625579833984375 0.0278472900390625 0.0335693359375
25 0.38509368896484375 0.7593154907226562 0.0324249267578125 0.0385284423828125
25 0.41790008544921875 0.7524490356445312 0.0308990478515625 0.0415802001953125
25 0.44918060302734375 0.7478713989257812 0.0308990478515625 0.0415802001953125
25 0.48007965087890625 0.7442474365234375 0.0293731689453125 0.040435791015625
25 0.5098342895507812 0.7413864135742188 0.0270843505859375 0.0400543212890625
25 0.5395889282226562 0.7341384887695312 0.0270843505859375 0.0400543212890625
25 0.5693435668945312 0.7307052612304688 0.0286102294921875 0.0408172607421875
25 0.5992889404296875 0.7259368896484375 0.0274658203125 0.038909912109375
25 0.6282806396484375 0.725555419921875 0.0274658203125 0.038909912109375
56 0.542449951171875 0.8428573608398438 0.0274658203125 0.0476837158203125
54 0.5107133522891323 0.8382890546802818 0.02909604358350021 0.049452649801740245
52 0.48785687990837695 0.8814217931937174 0.02275237238219896 0.03527895942408377
59 0.5115040085078535 0.8789931691753926 0.021985438481675446 0.029910422120418945
55 0.4800597185863874 0.8378343831806283 0.025564463350785327 0.05036199280104714
26 0.439208984375 0.8905433326545783 0.02392578125 0.03441971558089585
29 0.33768363620923914 0.874129585597826 0.043786090353260865 0.09712550951086962
29 0.29416291610054346 0.8831521739130435 0.04537831182065216 0.09765625000000011
41 0.5738819338322011 0.8772435810923045 0.03549027612826605 0.02783551068883605
41 0.5843137618764846 0.8496789637767221 0.03711401425178151 0.02551588479809974
41 0.5926644150831354 0.8170882200118765 0.04128934085510694 0.03920167755344417
28 0.3786833389945652 0.8933689283288043 0.03396739130434784 0.06660793138586962
28 0.4111047144741049 0.8803760889546035 0.030159796595268518 0.06875149856138107
