28 0.5303071120689655 0.1892318349753695 0.0514739839901478 0.17270243226600981
28 0.47738993226600984 0.18802917179802958 0.0514739839901478 0.1683728448275862
28 0.42826576709928005 0.18771462912087913 0.0418526785714286 0.16356219211822648
29 0.39152107657967034 0.5710952255752061 0.05062027815934067 0.19692087697458788
29 0.44348479889251374 0.5822961828210852 0.050787957160027486 0.19893302498282966
29 0.49897313379979397 0.5917029747596154 0.05678415822458793 0.19842998798076922
29 0.55450439453125 0.59967041015625 0.0494384765625 0.2008056640625
29 0.53497314453125 0.809326171875 0.0494384765625 0.177001953125
29 0.4864501953125 0.79864501953125 0.04638671875 0.1763916015625
29 0.4376220703125 0.78826904296875 0.04638671875 0.1763916015625
29 0.3900146484375 0.77728271484375 0.04638671875 0.1763916015625
