17 0.28707735655737704 0.14939805327868852 0.05122950819672123 0.12647284836065575
17 0.3391073258196721 0.15099897540983606 0.05603227459016391 0.12647284836065575
17 0.3935386782786885 0.14859759221311475 0.05283043032786883 0.1280737704918033
17 0.4471695696721311 0.15099897540983606 0.054431352459016424 0.12967469262295084
15 0.5 0.1501985143442623 0.05443135245901631 0.1280737704918033
15 0.5520299692622951 0.14859759221311475 0.05283043032786883 0.12487192622950821
15 0.6008580942622951 0.15099897540983606 0.048027663934426146 0.12647284836065575
16 0.6536885245901639 0.1501985143442623 0.05122950819672134 0.1280737704918033
16 0.7065189549180328 0.14539574795081966 0.048027663934426146 0.1248719262295082
19 0.2902792008196721 0.3295017930327868 0.054431352459016424 0.11846823770491804
19 0.3415087090163934 0.32710040983606553 0.05122950819672134 0.12006915983606559
19 0.3911372950819672 0.325499487704918 0.05122950819672123 0.12006915983606559
19 0.4391649590163934 0.32629994877049173 0.04482581967213117 0.11526639344262296
23 0.4887935450819672 0.32469902663934425 0.04802766393442626 0.12167008196721313
23 0.5376216700819672 0.32389856557377045 0.04962858606557374 0.12006915983606559
23 0.587250256147541 0.32149718237704916 0.05283043032786883 0.11846823770491804
25 0.6384797643442623 0.32309810450819665 0.04642674180327877 0.11526639344262296
25 0.6865074282786885 0.3222976434426229 0.04962858606557374 0.11366547131147542
25 0.3086898053278688 0.5008004610655737 0.05603227459016402 0.10566086065573765
24 0.3583183913934426 0.5008004610655737 0.043224897540983576 0.1088627049180328
24 0.39994236680327866 0.5 0.04642674180327866 0.1072617827868852
24 0.4471695696721311 0.49759861680327866 0.04802766393442626 0.1088627049180328
26 0.625672387295082 0.4911949282786885 0.04962858606557374 0.10245901639344263
26 0.6696977459016393 0.48719262295081966 0.04482581967213117 0.10405993852459017
34 0.576904296875 0.491455078125 0.03662109375 0.09521484375
34 0.496337890625 0.491455078125 0.041503906249999944 0.10009765625
34 0.535400390625 0.491455078125 0.04150390625 0.10009765625
