33 0.3086465371621621 0.4643686655405405 0.03431165540540537 0.10953336148648651
34 0.354835304054054 0.46304898648648646 0.0580658783783784 0.10425464527027029
34 0.41026182432432423 0.4643686655405405 0.055426520270270396 0.1068940033783784
34 0.4696473817567567 0.4670080236486486 0.055426520270270396 0.10689400337837845
34 0.526393581081081 0.46832770270270263 0.055426520270270396 0.10689400337837845
56 0.47888513513513514 0.27433488175675674 0.060705236486486513 0.13064822635135132
56 0.4129011824324324 0.2769742398648648 0.060705236486486513 0.1306482263513513
47 0.35093282456563707 0.27501357384169883 0.058178993725868655 0.13456955839768334
47 0.29808910472972966 0.2730152027027027 0.04486908783783783 0.13328758445945943
59 0.6189207367549668 0.6800367342715232 0.04656456953642385 0.1416338990066225
59 0.5677754700804163 0.6821751012594608 0.05184558301797537 0.14253100609035008
54 0.5151205504966887 0.6771264486754967 0.04979822019867547 0.14098716887417218
52 0.46370550496688745 0.6745395281456954 0.04785802980132453 0.14098716887417218
51 0.41455401490066224 0.6725993377483444 0.04527110927152317 0.14098716887417218
