28 0.4071465163934426 0.841796875 0.03522028688524592 0.06723872950819665
28 0.4479700307377049 0.8441982581967213 0.03682120901639352 0.06563780737704927
28 0.49119492827868855 0.8514024077868853 0.03682120901639341 0.06403688524590168
29 0.35991931352459017 0.8273885758196722 0.05283043032786883 0.0992571721311476
17 0.2702676741803279 0.4655801741803278 0.06243596311475408 0.07684426229508196
17 0.3262999487704918 0.46798155737704916 0.04962858606557374 0.07204149590163933
14 0.3799308401639344 0.46397925204918034 0.05763319672131151 0.07044057377049184
14 0.4367635758196721 0.4663806352459017 0.04962858606557374 0.07204149590163939
14 0.4887935450819672 0.4663806352459017 0.05122950819672123 0.07204149590163939
14 0.5432248975409836 0.46878201844262296 0.05122950819672134 0.06723872950819676
19 0.6152663934426229 0.646484375 0.038422131147541005 0.04482581967213117
19 0.6560899077868854 0.646484375 0.0400230532786886 0.038422131147541005
19 0.3319031762295082 0.7137231045081966 0.04162397540983609 0.04802766393442626
25 0.3719262295081967 0.7121221823770492 0.03522028688524592 0.04162397540983598
16 0.5960553278688525 0.4703829405737705 0.05122950819672123 0.07364241803278687
16 0.6512871413934427 0.4767866290983606 0.049628586065573854 0.07044057377049173
16 0.7009157274590163 0.47438524590163933 0.05283043032786883 0.07204149590163933
16 0.29508196721311475 0.5616355020491803 0.05122950819672134 0.06403688524590168
16 0.34310963114754095 0.5616355020491803 0.04162397540983609 0.06083504098360659
16 0.3871349897540983 0.5616355020491803 0.04642674180327866 0.06403688524590168
16 0.4351626536885246 0.5608350409836065 0.04642674180327866 0.059234118852459106
16 0.4815893954918033 0.5600345799180327 0.043224897540983576 0.05122950819672134
16 0.5264152151639344 0.5664382684426229 0.04642674180327866 0.06403688524590168
16 0.5720414959016393 0.5616355020491803 0.048027663934426146 0.06083504098360659
16 0.6200691598360656 0.5600345799180328 0.05122950819672134 0.06083504098360659
16 0.6720991290983607 0.5600345799180327 0.04642674180327855 0.06403688524590168
16 0.3182953381147541 0.636078381147541 0.04322489754098369 0.04642674180327877
16 0.3615202356557377 0.6416816086065573 0.033619364754098435 0.05122950819672134
16 0.40314421106557374 0.6416816086065573 0.04002305327868849 0.04802766393442626
16 0.4455686475409836 0.6456839139344261 0.04482581967213117 0.04642674180327877
16 0.4863921618852459 0.6432825307377049 0.04002305327868849 0.04482581967213117
16 0.5296170594262295 0.6400806864754098 0.04322489754098369 0.04802766393442626
16 0.5728419569672132 0.6424820696721312 0.03682120901639341 0.04642674180327877
26 0.40714651639344257 0.7121221823770492 0.038422131147541005 0.04482581967213117
26 0.4479700307377049 0.7113217213114754 0.03682120901639352 0.04642674180327866
26 0.5224129098360656 0.7137231045081966 0.038422131147541005 0.03522028688524592
26 0.5584336577868853 0.716124487704918 0.03682120901639352 0.04002305327868849
26 0.5968557889344261 0.7121221823770492 0.03682120901639341 0.03522028688524581
26 0.6336769979508197 0.7129226434426229 0.03041752049180335 0.033619364754098324
9 0.22624231557377047 0.23424692622950818 0.13767930327868855 0.31538165983606553
9 0.34070824795081966 0.2366483094262295 0.09765625 0.32018442622950816
9 0.43756403688524587 0.23985015368852458 0.0992571721311476 0.3169825819672131
3 0.5352202868852459 0.24865522540983606 0.08965163934426235 0.3217853483606557
2 0.6224705430327868 0.24305199795081966 0.08805071721311475 0.3169825819672131
2 0.7329341700819672 0.2478547643442623 0.12006915983606548 0.3265881147540983
26 0.48496103452558365 0.7128013614629906 0.03682120901639341 0.04642674180327866
