2 0.652482445278086 0.25832772267472415 0.06198586701958575 0.20398849404449113
8 0.285606952634891 0.25260416666666674 0.060651625033248335 0.21306818181818182
9 0.5913194241710618 0.2549408007094063 0.05716536349363888 0.20839491373270275
4 0.5322302837506805 0.25443714843041193 0.05982920522591173 0.21532077889675197
5 0.47188683712121215 0.2529000946969697 0.0597774621212121 0.22312973484848486
0 0.411813446969697 0.2517163825757576 0.05681818181818182 0.22431344696969693
3 0.3514299525948104 0.25142045454545453 0.061553030303030276 0.2189867424242424
17 0.29018702651515155 0.42483428030303033 0.03847064393939392 0.07694128787878785
17 0.3286576704545455 0.4266098484848485 0.03847064393939392 0.07694128787878785
17 0.3668323863636364 0.42513020833333337 0.035511363636363535 0.07516571969696967
17 0.401751893939394 0.4269057765151515 0.035511363636363535 0.07516571969696967
15 0.43667140151515155 0.4277935606060606 0.03432765151515149 0.07339015151515149
15 0.4721827651515152 0.4266098484848485 0.03432765151515149 0.07339015151515149
14 0.5073982007575757 0.4286813446969697 0.03373579545454536 0.07279829545454541
14 0.5429095643939392 0.4286813446969697 0.0337357954545453 0.07279829545454541
14 0.578420928030303 0.4286813446969697 0.0337357954545453 0.07279829545454541
14 0.6145241477272727 0.4292732007575758 0.0337357954545453 0.07279829545454541
14 0.6500355113636362 0.4298650568181819 0.0337357954545453 0.07279829545454541
16 0.5436013301014735 0.5072211869266054 0.03179841708368081 0.05828316131498468
16 0.5762316035932722 0.5066401906102308 0.03314936926605505 0.05705601021684742
16 0.6101275802752294 0.5075437213302753 0.03344801223241589 0.05644352064220187
16 0.6443770416319154 0.5095044481512371 0.034234257714762406 0.05737854462051689
16 0.5085107815540728 0.5088637232415902 0.035680775646371954 0.056789946483180365
16 0.4752120908048374 0.5078184728593272 0.03000655928551571 0.057685875382262886
16 0.3760626259730331 0.508415758792049 0.03179841708368081 0.05828316131498468
16 0.40884222094801226 0.508133405442035 0.032850726299694155 0.05765329614956899
16 0.44258887614678905 0.5087382931957187 0.03344801223241589 0.05644352064220187
16 0.31065981634000556 0.5069225439602447 0.03179841708368081 0.05828316131498468
16 0.34329008983180426 0.5069388335765916 0.03314936926605505 0.05825058208229067
19 0.33409129790145986 0.5974780451642336 0.029582002737226276 0.059520415145985384
19 0.3647425296532847 0.5978344548357665 0.029582002737226276 0.05666913777372251
19 0.3945027372262774 0.5985472741788322 0.029225593065693445 0.057381957116788285
19 0.42426294479927007 0.5981908645072993 0.029582002737226276 0.05666913777372251
19 0.45437956204379565 0.5983690693430659 0.029938412408759163 0.05559990875912402
18 0.48627822764598544 0.5978344548357664 0.031007641423357657 0.05595631843065696
18 0.5169294593978102 0.5992600935218979 0.031007641423357657 0.05595631843065696
18 0.5482935104927008 0.5994382983576643 0.031007641423357546 0.05631272810218979
25 0.5785883325729927 0.598903683850365 0.028156364051094895 0.04954094434306566
25 0.6072793111313869 0.5983690693430657 0.029938412408759163 0.04918453467153283
25 0.6375741332116789 0.5949831774635037 0.0313640510948906 0.050253763686131436
26 0.5220973996350364 0.6910355839416058 0.025661496350365076 0.04419479927007297
26 0.5495409443430657 0.6917484032846715 0.025661496350365076 0.04419479927007297
26 0.5766280793795622 0.6949560903284673 0.025661496350365076 0.04419479927007297
26 0.6040716240875914 0.6956689096715329 0.025661496350365076 0.04419479927007297
51 0.38863473383492475 0.6801577657306788 0.024592267335766416 0.07448962135036497
54 0.4691705634124088 0.6789176551094891 0.026017906021897852 0.079122947080292
52 0.4417270187043796 0.6792740647810219 0.023166628649635035 0.07627166970802923
52 0.4158873175182482 0.6782048357664234 0.025661496350364965 0.0727075729927007
55 0.49539679339724463 0.6801525393235326 0.024235857664233196 0.0759152600364964
59 0.3618912522810219 0.6789176551094891 0.02815636405109484 0.07769730839416067
59 0.33302206888686137 0.6806997034671534 0.02815636405109484 0.07769730839416067
28 0.4752295278284672 0.825758439781022 0.028156364051094895 0.08411268248175185
29 0.5121179288321167 0.8045520643248175 0.043481979927007364 0.12438697536496357
29 0.558094776459854 0.8045520643248175 0.04775889598540162 0.12509979470802923
