28 0.5160092213114754 0.7017161885245902 0.038422131147541005 0.12006915983606559
28 0.5504290471311475 0.6969134221311475 0.03041752049180324 0.12006915983606559
28 0.580046106557377 0.6921106557377048 0.03201844262295073 0.12006915983606559
28 0.6144659323770492 0.6905097336065573 0.03682120901639352 0.12327100409836067
28 0.6504866803278688 0.6921106557377048 0.03522028688524592 0.12006915983606559
29 0.38233222336065575 0.8794185450819672 0.05283043032786883 0.20011526639344257
29 0.4375640368852459 0.8738153176229508 0.05763319672131151 0.20171618852459017
29 0.4919953893442623 0.862608862704918 0.04802766393442626 0.18890881147540983
29 0.5376216700819672 0.862608862704918 0.0400230532786886 0.17930327868852458
29 0.5816470286885246 0.8554047131147541 0.04482581967213117 0.18090420081967218
29 0.6264728483606556 0.852202868852459 0.04802766393442626 0.17770235655737698
52 0.3571155024509804 0.5299287683823529 0.028722426470588203 0.09861366421568629
52 0.38583792892156865 0.5289713541666667 0.032552083333333315 0.09286917892156865
51 0.41551776960784315 0.5294500612745098 0.028722426470588258 0.09382659313725483
51 0.44280407475490197 0.5270565257352942 0.025850183823529438 0.08903952205882348
54 0.5280139399509804 0.5294500612745098 0.03159466911764708 0.09191176470588241
54 0.5576937806372548 0.526577818627451 0.02776501225490191 0.08808210784313719
59 0.5835439644607843 0.5241842830882353 0.023935355392156854 0.08903952205882354
59 0.6093941482843137 0.5237055759803921 0.027765012254902022 0.08999693627450983
26 0.39110370710784315 0.41982613357843135 0.03159466911764708 0.0679764093137255
26 0.35950903799019607 0.4203048406862745 0.029679840686274495 0.07276348039215685
47 0.5122166053921569 0.4159964767156863 0.024892769607843146 0.07755055147058826
47 0.5409390318627452 0.4159964767156863 0.030637254901960786 0.07755055147058826
56 0.5706188725490196 0.4169538909313726 0.02680759803921562 0.07755055147058826
56 0.5988625919117647 0.4150390625 0.03159466911764708 0.07180606617647056
24 0.655828737745098 0.3250421262254902 0.02680759803921562 0.07180606617647062
25 0.572054993872549 0.3188189338235294 0.027765012254902022 0.06701899509803921
25 0.6002987132352942 0.32121246936274506 0.02680759803921562 0.06606158088235298
25 0.6271063112745098 0.32121246936274506 0.02680759803921573 0.06797640931372545
15 0.3590303308823529 0.31307444852941174 0.032552083333333315 0.07276348039215685
17 0.390625 0.3121170343137255 0.028722426470588203 0.07276348039215685
17 0.42078354779411764 0.3149892769607843 0.029679840686274495 0.06701899509803921
17 0.4523782169117647 0.3154679840686274 0.02967984068627455 0.07180606617647062
17 0.4830154718137255 0.31786151960784315 0.02967984068627455 0.07084865196078433
17 0.5122166053921569 0.3183402267156863 0.02680759803921573 0.07180606617647062
17 0.5414177389705883 0.3192976409313726 0.029679840686274495 0.06989123774509803
16 0.35567938112745096 0.21302466299019607 0.03733915441176472 0.0756357230392157
16 0.38918887867647056 0.21015242034313725 0.029679840686274495 0.07563572303921567
19 0.4203048406862745 0.21158854166666669 0.028722426470588203 0.06893382352941177
19 0.4509420955882353 0.21302466299019607 0.028722426470588203 0.07372089460784315
19 0.4806219362745098 0.21637561274509803 0.026807598039215674 0.07276348039215685
14 0.5122166053921569 0.22116268382352938 0.032552083333333315 0.07467830882352941
14 0.5423751531862745 0.22259880514705882 0.029679840686274606 0.07755055147058823
18 0.5730124080882353 0.22259880514705882 0.03159466911764697 0.0756357230392157
23 0.6041283700980392 0.22403492647058823 0.028722426470588314 0.07084865196078433
25 0.6328507965686274 0.22786458333333334 0.02680759803921573 0.07084865196078433
25 0.6582222732843137 0.22834329044117646 0.023935355392156854 0.07372089460784315
33 0.42675781250000006 0.418212890625 0.029296875 0.07080078125
34 0.48298413825757575 0.4193596117424242 0.02515388257575757 0.06658380681818182
34 0.4533913352272727 0.4193596117424242 0.02515388257575757 0.06658380681818182
