59 0.6144935344827586 0.20342326046798032 0.02934498152709364 0.10487222906403937
59 0.6433574507389163 0.20198006465517246 0.02934498152709364 0.10487222906403942
54 0.5820216286945813 0.20173953201970446 0.030788177339901468 0.109201816502463
55 0.5507523860837439 0.2024611299261084 0.028863916256157696 0.1067964901477832
52 0.5204452740147784 0.20318272783251234 0.02790178571428581 0.10631542487684723
52 0.4901381619458128 0.20558805418719217 0.031750307881773465 0.10535329433497534
51 0.4600715825123153 0.2060691194581281 0.029344981527093583 0.1072775554187192
51 0.42856180726600984 0.20703125000000003 0.030788177339901468 0.10631542487684725
33 0.5483470597290641 0.34918603756157635 0.031750307881773354 0.07697044334975367
34 0.5781731065270936 0.3489455049261084 0.029826046798029582 0.07745150862068961
26 0.6092018165024631 0.3487049722906404 0.02934498152709364 0.0740840517241379
26 0.6390278633004927 0.3477428417487685 0.02934498152709364 0.0740840517241379
56 0.5153940886699507 0.3448564501231527 0.030307112068965525 0.08659174876847292
47 0.48220058497536944 0.34437538485221675 0.03126924261083747 0.08659174876847286
24 0.6327740147783252 0.46656596366995073 0.03126924261083741 0.07600831280788184
25 0.6010237068965517 0.4660848983990148 0.03126924261083741 0.07793257389162567
25 0.5683112684729064 0.4684902247536947 0.03126924261083741 0.07793257389162578
23 0.5382446890394088 0.4675280942118227 0.0279017857142857 0.07600831280788178
18 0.5072159790640394 0.46897129002463056 0.03126924261083752 0.07408405172413796
19 0.475706203817734 0.46824969211822665 0.029826046798029526 0.0745651169950739
14 0.4451585591133005 0.4687307573891626 0.030307112068965525 0.07264085591133013
14 0.414610914408867 0.4684902247536946 0.026939655172413812 0.07408405172413796
15 0.38189847598522164 0.4687307573891626 0.032712438423645296 0.07264085591133013
17 0.3515913639162561 0.4668064963054187 0.02597752463054187 0.07360298645320196
24 0.6363820043103449 0.5724003232758621 0.029826046798029582 0.0740840517241379
25 0.6051001799924214 0.5735482601390468 0.030813340754073493 0.07371243908151226
29 0.5651041666666667 0.8639752174908425 0.045787545787545736 0.19996279761904767
29 0.6160785828754579 0.8679100847069597 0.05329956501831501 0.19996279761904767
28 0.48461824633699635 0.8992101648351649 0.03720238095238099 0.13020833333333337
28 0.44759472298534797 0.9015353136446886 0.03684466575091577 0.13271233974358976
31 0.4093191964285714 0.9094050480769231 0.034698374542124544 0.11268028846153844
31 0.37426310668498164 0.9090473328754579 0.03398294413919417 0.11124942765567769
32 0.5221783424908425 0.8993890224358975 0.0364869505494505 0.12985061813186816
