9 0.33670594262295084 0.20863217213114754 0.07684426229508201 0.24494108606557377
1 0.4095478995901639 0.21183401639344263 0.07204149590163933 0.24494108606557377
2 0.47998847336065575 0.217437243852459 0.06563780737704916 0.24013831967213115
5 0.5456262807377049 0.22143954918032788 0.059234118852458995 0.2417392418032787
13 0.6224705430327868 0.2598616803278688 0.08805071721311475 0.17129866803278687
13 0.7137231045081966 0.2710681352459016 0.08805071721311475 0.18410604508196718
17 0.33990778688524587 0.41835297131147536 0.04162397540983609 0.08164702868852458
15 0.37832991803278687 0.41915343237704916 0.038422131147540894 0.08004610655737704
14 0.4207543545081967 0.4167520491803278 0.043224897540983576 0.08164702868852458
14 0.4663806352459016 0.41755251024590156 0.05122950819672123 0.08004610655737704
14 0.5120069159836065 0.41915343237704916 0.043224897540983576 0.0864497950819672
16 0.5552318135245902 0.42555712090163933 0.04002305327868849 0.07684426229508196
16 0.5968557889344261 0.42555712090163933 0.03682120901639341 0.07684426229508196
16 0.639280225409836 0.4279585040983606 0.04162397540983609 0.08164702868852458
19 0.6817046618852459 0.4311603483606557 0.04322489754098369 0.08805071721311475
25 0.35511654713114754 0.5256147540983607 0.043224897540983576 0.08164702868852458
25 0.39674052254098363 0.5240138319672131 0.03682120901639341 0.07524334016393447
25 0.4351626536885246 0.5232133709016393 0.04322489754098369 0.08004610655737704
25 0.47438524590163933 0.5256147540983607 0.03522028688524581 0.07524334016393441
25 0.5120069159836065 0.5304175204918032 0.03682120901639341 0.08164702868852464
25 0.5504290471311475 0.5320184426229508 0.03682120901639341 0.07524334016393441
25 0.587250256147541 0.5352202868852459 0.033619364754098324 0.07844518442622955
25 0.625672387295082 0.5360207479508197 0.03682120901639341 0.07684426229508201
24 0.6680968237704917 0.5376216700819672 0.04162397540983598 0.08644979508196726
24 0.3567174692622951 0.6112640881147541 0.03682120901639352 0.07364241803278682
24 0.39513960040983603 0.6120645491803278 0.03682120901639341 0.059234118852458995
24 0.4343621926229508 0.6136654713114753 0.03522028688524592 0.06243596311475408
24 0.47118340163934425 0.6120645491803278 0.03201844262295084 0.059234118852458995
24 0.5064036885245902 0.6160668545081966 0.03522028688524592 0.0576331967213114
24 0.5440253586065573 0.6200691598360655 0.033619364754098435 0.05603227459016391
24 0.5784451844262295 0.6136654713114753 0.03201844262295084 0.04962858606557374
26 0.6176677766393442 0.615266393442623 0.03682120901639352 0.05603227459016391
26 0.6520876024590164 0.6192686987704918 0.03201844262295084 0.0576331967213114
26 0.3671234631147541 0.6865074282786885 0.03522028688524581 0.05443135245901631
26 0.4015432889344262 0.6873078893442623 0.033619364754098435 0.05603227459016391
56 0.36632300204918034 0.7569480020491803 0.03041752049180335 0.05763319672131151
56 0.40234375 0.7569480020491803 0.03201844262295084 0.05763319672131151
29 0.3751280737704918 0.8762167008196722 0.05122950819672123 0.15208760245901642
29 0.4279585040983606 0.8810194672131147 0.04802766393442626 0.14248206967213117
28 0.471983862704918 0.9226434426229508 0.033619364754098324 0.09765625
28 0.5040023053278688 0.9018314549180327 0.03041752049180335 0.09125256147540983
52 0.5624359631147541 0.9162397540983607 0.019211065573770503 0.06243596311475408
54 0.5344198258196722 0.9162397540983607 0.027215676229508268 0.06883965163934425
59 0.618468237704918 0.9154392930327868 0.03201844262295084 0.07044057377049173
33 0.6424893465909092 0.6996034564393939 0.028705018939393923 0.05948153409090895
33 0.5063624526515151 0.6936848958333333 0.025745738636363535 0.056522253787878785
33 0.5389145359848484 0.6922052556818181 0.034623579545454475 0.05356297348484851
33 0.5744258996212122 0.6951645359848484 0.034623579545454475 0.05356297348484851
33 0.6099372632575757 0.6981238162878787 0.034623579545454475 0.05356297348484851
34 0.437115293560606 0.6893939393939393 0.03403172348484851 0.053267045454545414
34 0.47114701704545453 0.6923532196969696 0.03403172348484851 0.053267045454545414
