17 0.20033707157258066 0.40391885080645157 0.07481728830645162 0.10631930443548387
17 0.2725948210685484 0.39919354838709675 0.06576045866935482 0.10080645161290325
17 0.337370841733871 0.39801222278225806 0.06379158266129031 0.09923135080645162
14 0.4032696538524411 0.3998427453411072 0.0630040322580645 0.09765625
19 0.4658604059750733 0.4004937225073314 0.057253482404692024 0.09741855296920815
16 0.5248078377016129 0.400177986391129 0.0590662802419355 0.09489982358870969
16 0.5868274319556451 0.40234375 0.06103515625 0.09293094758064518
16 0.6480594758064515 0.4003748739919355 0.05827872983870963 0.09686869959677419
16 0.7079133064516128 0.4003748739919355 0.05827872983870963 0.09686869959677419
25 0.25078124999999996 0.525390625 0.05000000000000002 0.07109375000000007
25 0.30195312499999993 0.525390625 0.05390624999999999 0.06796875000000002
25 0.353125 0.524609375 0.04843749999999997 0.06953124999999993
25 0.405859375 0.524609375 0.05390624999999999 0.06640625000000006
25 0.45859375 0.523828125 0.04531250000000003 0.07109374999999996
25 0.5074218749999999 0.522265625 0.04921874999999998 0.06796875000000002
25 0.5601562499999999 0.521484375 0.05468750000000011 0.06640625
25 0.612109375 0.523046875 0.05078125 0.06953125000000004
25 0.665625 0.5234375 0.0546875 0.07343750000000004
25 0.290625 0.6558593749999999 0.04843749999999997 0.04921874999999998
25 0.338671875 0.650390625 0.04296875 0.04453124999999991
25 0.37987493699596775 0.649124243951613 0.04099987399193544 0.045123487903225734
25 0.4216151083669355 0.6495180191532257 0.04099987399193544 0.045123487903225734
25 0.46394594254032256 0.6474688130040323 0.04060609879032262 0.047646799395161143
25 0.5056861139112904 0.6466812626008065 0.040606098790322565 0.04685924899193539
25 0.5458511844758065 0.6462874873991935 0.04060609879032251 0.04685924899193539
26 0.5874180947580645 0.6449092741935484 0.040165070564516125 0.048040574596774244
26 0.6287644909274194 0.6462874873991935 0.03937752016129026 0.04607169858870974
29 0.5956706810631229 0.7252842088870431 0.04347487541528239 0.08273203903654491
29 0.5489514119601329 0.7269064057308969 0.04347487541528239 0.08273203903654491
29 0.5046654381229235 0.7282041632059799 0.04315043604651159 0.08143428156146182
29 0.4571350705980066 0.7275552844684385 0.04671926910299001 0.07948764534883723
29 0.4036025747508305 0.7291774813122924 0.04671926910299001 0.07948764534883723
29 0.3487723214285714 0.7312863372093024 0.05255917774086383 0.08046096345514941
