14 0.3265380859375 0.37446863511029405 0.03985236672794118 0.0876034007352941
16 0.3676470588235294 0.37572524126838236 0.03805721507352944 0.09011661305147062
16 0.4083970013786764 0.3768023322610294 0.039134306066176516 0.09083467371323528
19 0.4475313074448529 0.37698184742647056 0.03841624540441174 0.09191176470588236
19 0.4859475528492647 0.3773408777573529 0.03841624540441174 0.09191176470588236
19 0.5265179802389706 0.38021312040441174 0.03698012408088225 0.09191176470588236
25 0.5677908015123663 0.3784530739379085 0.04098878838940878 0.09130482211824115
26 0.6130442899816175 0.3809311810661764 0.03626206341911764 0.08975758272058826
26 0.6514605353860294 0.3802131204044117 0.03626206341911764 0.08975758272058826
5 0.5639031475631768 0.5200107175090253 0.04688910198555951 0.1748646209386282
0 0.512078350631769 0.5191293434115523 0.05111969765342961 0.1780375676895306
2 0.46025355370036103 0.5182479693140795 0.05111969765342961 0.18191561371841153
13 0.6206636394404332 0.5460993907942238 0.06381148465703967 0.12339237364620936
28 0.44559706125827814 0.8924875827814569 0.043330918874172175 0.12481891556291391
28 0.4029128725165563 0.8942660906456954 0.04139072847682118 0.12514228062913912
29 0.35149782698675497 0.8650015521523179 0.05820571192052981 0.19401903973509937
