29 0.31437071466244726 0.3498071598101266 0.057687236286919796 0.15740374472573837
29 0.37185192510548526 0.3570180643459916 0.05397877109704641 0.15781579641350207
29 0.42665479957805913 0.3611385812236287 0.05397877109704641 0.15781579641350207
29 0.48104562236286913 0.36979166666666663 0.053978771097046185 0.15781579641350207
28 0.2331166951379413 0.7851522524731367 0.07287674691923926 0.2844813342145659
16 0.29740767045454547 0.8375901442307693 0.05941324300699302 0.16594733391608396
25 0.3598940122377623 0.8355414117132868 0.06419361888111891 0.1645815122377623
25 0.43023382867132864 0.8355414117132868 0.06419361888111891 0.1645815122377623
25 0.49715909090909094 0.8314439466783217 0.06419361888111891 0.1645815122377623
25 0.5613527097902098 0.8300781249999999 0.06419361888111885 0.1645815122377623
25 0.6805206512237763 0.8184686407342658 0.05668159965034969 0.15365493881118886
25 0.6238390515734267 0.825980659965035 0.05941324300699302 0.15911822552447552
25 0.7368607954545455 0.813005354020979 0.05463286713286708 0.1440941870629372
25 0.794225305944056 0.8123224431818181 0.05463286713286708 0.1440941870629372
