17 0.3797419608049134 0.24831938187961344 0.024950434139659805 0.04756522751387371
15 0.4042083084725537 0.2465365826372315 0.02167549224343679 0.03962186754176608
15 0.42716568466587107 0.24700272225536996 0.02284084128878283 0.039155727923627676
15 0.4496569212410501 0.2474688618735083 0.02167549224343679 0.03962186754176608
15 0.474245786097852 0.24793500149164677 0.025637678997613378 0.03962186754176608
14 0.4989511858591885 0.24840114110978523 0.02284084128878283 0.039155727923627676
14 0.5228408412887828 0.2486342109188544 0.023540050715990524 0.03962186754176608
14 0.5468470316229117 0.2479350014916466 0.023540050715990524 0.03962186754176569
19 0.5710862917661097 0.24840114110978506 0.023540050715990524 0.03962186754176569
16 0.4181069507946511 0.3266366528619506 0.02167549224343679 0.03962186754176611
16 0.4416994442840647 0.3275319504023247 0.024132144919168597 0.04001404376809892
23 0.40799867761692654 0.3996250347995546 0.022619710467706 0.052851823496659234
18 0.3847264755011136 0.39984253201559017 0.022619710467706 0.05328681792873052
25 0.4300746450445434 0.40071252087973275 0.021097229955456542 0.05415680679287305
25 0.4518243666481069 0.4004950236636971 0.02196721881959912 0.05415680679287305
25 0.47422657989977723 0.40027752644766146 0.02196721881959912 0.05415680679287305
25 0.4957588042873051 0.4013650125278396 0.021097229955456598 0.05415680679287305
25 0.5175085258908686 0.401147515311804 0.021967218819599177 0.05415680679287305
25 0.5399107391425388 0.40093001809576834 0.021967218819599066 0.05415680679287305
25 0.5834101823496659 0.40093001809576834 0.021967218819599177 0.05415680679287305
25 0.5616604607461024 0.401147515311804 0.021097229955456598 0.05415680679287305
25 0.606029892817372 0.40027752644766146 0.022402213251670466 0.05328681792873058
25 0.6302808324053453 0.3992987889755011 0.02435968819599099 0.0539393095768374
25 0.6549667664253898 0.39842880011135856 0.023707196547884113 0.054809298440979926
25 0.39331761553452116 0.4790115186525614 0.021097229955456542 0.054156806792873324
25 0.4165898176503341 0.4718341105233853 0.02327220211581288 0.04023698496659245
25 0.43942702533407574 0.4721603563474388 0.021532224387527832 0.039584493318485514
24 0.4618292385857461 0.4728128479955456 0.021967218819599066 0.03871450445434299
26 0.48412270322939865 0.47270409938752783 0.021314727171492187 0.03762701837416482
26 0.5060899220489977 0.4732478424276169 0.020879732739420953 0.0382795100222717
26 0.5278396436525612 0.4728128479955457 0.02087973273942101 0.0382795100222717
33 0.5496981138641426 0.47161661330734966 0.022402213251670466 0.03936699610244987
33 0.5721003271158129 0.4712903674832962 0.021532224387527887 0.03871450445434299
33 0.5940675459354121 0.47150786469933187 0.021532224387527887 0.03871450445434299
33 0.6160347647550113 0.4717253619153675 0.021532224387527887 0.03871450445434299
33 0.6382194807906458 0.47107287026726063 0.021532224387527887 0.03871450445434299
33 0.6606216940423164 0.47042037861915376 0.021532224387527887 0.03871450445434299
56 0.4005673783936652 0.5463889281674208 0.0190009898190045 0.0441883484162896
47 0.4205626060520362 0.5450632777149322 0.02187323246606332 0.04639776583710409
59 0.4468546733597285 0.5403130302601811 0.01922193156108598 0.05457261029411764
59 0.4678441388574661 0.5417491515837104 0.018780048076923073 0.0565610859728507
54 0.5520229425904978 0.5406444428733032 0.01922193156108598 0.05921238687782804
52 0.573564762443439 0.5399816176470589 0.02121040723981904 0.059654270361991
51 0.5952170531674208 0.5404235011312217 0.020326640271493224 0.060096153846153855
51 0.6153227516968325 0.540644442873303 0.020326640271493224 0.060096153846153855
51 0.6379404716346735 0.540644442873303 0.020326640271493224 0.060096153846153855
51 0.6597320418552035 0.5402025593891402 0.020326640271493224 0.060096153846153855
55 0.5305915936085972 0.5405339720022624 0.02054758201357465 0.05899144513574661
28 0.39013671875 0.8106886340725806 0.029139364919354815 0.1039566532258065
28 0.4212449596774194 0.80517578125 0.028351814516129004 0.09923135080645162
28 0.4482823150681643 0.8067508820564516 0.024680329541090618 0.10080645161290325
28 0.4750140258976574 0.8072159118183564 0.027920536914362526 0.09987639208909371
29 0.5318957913306451 0.786865234375 0.0385899697580645 0.1523910030241935
29 0.5728484122983871 0.7833212575604839 0.0385899697580645 0.1523910030241935
29 0.6130134828629032 0.7833212575604839 0.0385899697580645 0.1523910030241935
29 0.6546015522246642 0.7810033919424062 0.037802419354838745 0.1480594758064515
0 0.4725583360817942 0.6387543288258575 0.03092018469656993 0.10255194591029027
1 0.4389326352242744 0.6388831629287599 0.03272386213720313 0.10332495052770452
2 0.5033822910141151 0.6391802664659585 0.030235612071148665 0.10316605868298989
5 0.5360549023674424 0.6380421780525484 0.03452593915419788 0.10389150049574725
3 0.4042762615435356 0.638238992414248 0.032981530343007937 0.10512862796833777
11 0.5729334543594595 0.6382378593250599 0.035217767088017715 0.10463424869303839
13 0.6101531579815304 0.652281909630607 0.040711576517150405 0.07652745712401055
19 0.5943752855004177 0.24884747585315992 0.02272852345323728 0.04017604049471998
19 0.6170545532647159 0.24884747585315992 0.02272852345323728 0.04017604049471998
19 0.639056827961423 0.24910134825350655 0.020697544250464106 0.039329799160231244
19 0.661736095725721 0.24876285171971108 0.02272852345323717 0.04000679222782225
16 0.39315469291201355 0.3355043748890022 0.023191776026729838 0.05295838141568926
11 0.3981394059929594 0.7366775414389641 0.032507563675456874 0.05036401144935698
11 0.4337320685387469 0.7343523926294404 0.032507563675456874 0.05036401144935698
16 0.46584163358646635 0.32804309510837487 0.021537340344549794 0.041589358923043385
16 0.4899434281707755 0.32875951564493533 0.02325169462826432 0.04233928915700347
16 0.5171610920113374 0.3271904949827443 0.024132144919168486 0.04001404376809892
16 0.5413032813137391 0.32770163968879445 0.021537340344549794 0.041589358923043385
16 0.5664130791083917 0.32790646853146854 0.025267701048951152 0.041316105769230727
16 0.5923636909965035 0.32790646853146854 0.025267701048951152 0.041316105769230727
16 0.6162655703671329 0.3287601070804196 0.021853146853146987 0.04234047202797203
16 0.63846017263986 0.32841865166083917 0.021853146853146987 0.04234047202797203
16 0.6609962303321677 0.3287601070804196 0.021853146853146987 0.04234047202797203
