17 0.2570657169117647 0.06558287377450979 0.06414675245098037 0.129250919117647
17 0.3212124693627451 0.06462545955882348 0.06414675245098034 0.12925091911764697
17 0.3824869791666667 0.06513288909313726 0.0584022671568627 0.1320657169117647
17 0.44088924632352944 0.06609030330882351 0.0584022671568627 0.13206571691176466
17 0.49929151348039225 0.06704771752450978 0.05840226715686275 0.1320657169117646
17 0.5557789522058825 0.06522863051470584 0.05840226715686292 0.1320657169117646
17 0.6113089767156863 0.06709558823529413 0.05265778186274506 0.13196997549019607
17 0.6649241727941175 0.06805300245098041 0.05265778186274506 0.13196997549019604
17 0.7204541973039216 0.06901041666666669 0.05265778186274506 0.13196997549019607
17 0.282437193627451 0.21398207720588236 0.05744485294117646 0.09669883578431371
15 0.33844592524509803 0.2144607843137255 0.05265778186274506 0.10148590686274508
15 0.3891888786764706 0.2182904411764706 0.05265778186274506 0.10148590686274511
14 0.4413679534313726 0.2182904411764706 0.05170036764705882 0.10148590686274511
14 0.49402573529411764 0.2187691482843137 0.05170036764705882 0.09861366421568626
16 0.5490770526960784 0.2187691482843137 0.05457261029411764 0.09286917892156862
16 0.6007774203431373 0.21781173406862744 0.05074295343137247 0.0928691789215686
16 0.6519990808823529 0.21637561274509803 0.04978553921568629 0.09191176470588233
16 0.7036994485294117 0.21637561274509803 0.04978553921568629 0.09191176470588233
16 0.29515508395522383 0.390625 0.05392957089552236 0.11660447761194032
16 0.34908465485074625 0.37604944029850745 0.05247201492537312 0.08162313432835822
16 0.40009911380597013 0.3749562733208955 0.04809934701492535 0.08235191231343286
16 0.4496560167910447 0.3764138292910448 0.04809934701492535 0.08235191231343286
19 0.4984841417910447 0.3742274953358209 0.04664179104477606 0.08526702425373134
19 0.5451259328358208 0.3764138292910448 0.04664179104477606 0.08526702425373134
25 0.5928608908582089 0.37349871735074625 0.04591301305970141 0.08089435634328357
25 0.6373163479477612 0.37349871735074625 0.04591301305970141 0.08089435634328357
25 0.6850513059701493 0.3731343283582089 0.043726679104477584 0.08162313432835822
25 0.6573577425373134 0.5163392024253731 0.0422691231343284 0.09546991604477612
25 0.6143598414179103 0.516339202425373 0.0422691231343284 0.095469916044776
25 0.5720907182835819 0.5207118703358209 0.0422691231343284 0.09546991604477612
25 0.529092817164179 0.5199830923507462 0.0422691231343284 0.09546991604477612
25 0.4864593050373133 0.523262593283582 0.04445545708955223 0.09911380597014935
25 0.44163945895522383 0.524355760261194 0.042269123134328346 0.09546991604477612
25 0.39791277985074613 0.5258133162313432 0.042269123134328346 0.09546991604477612
25 0.35418610074626855 0.5243557602611939 0.042269123134328346 0.09546991604477612
25 0.31191697761194015 0.5236269822761193 0.042269123134328346 0.09546991604477612
26 0.32612814832089554 0.6788566930970149 0.0415403451492537 0.07506413246268662
26 0.36839727145522383 0.6752128031716418 0.0415403451492537 0.07506413246268662
59 0.408115671641791 0.6573577425373134 0.03643889925373134 0.10931669776119401
59 0.4474696828358209 0.6537138526119401 0.03643889925373134 0.10931669776119401
54 0.5564219916044776 0.6456972947761194 0.037167677238805874 0.11660447761194037
25 0.6413246268656717 0.7553783815298507 0.0422691231343284 0.07069146455223885
25 0.6008774486940298 0.7593866604477613 0.04008278917910457 0.0714202425373135
25 0.5622522154850746 0.7593866604477613 0.0357101212686568 0.0699626865671642
25 0.5236269822761195 0.7604798274253731 0.03571012126865669 0.07214902052238803
25 0.4864593050373135 0.7633949393656716 0.035710121268656636 0.07214902052238803
25 0.44929162779850745 0.768496385261194 0.03571012126865658 0.07214902052238803
25 0.4113951725746269 0.7714114972014926 0.03571012126865658 0.07214902052238803
25 0.37204116138059695 0.7732334421641791 0.03862523320895522 0.07433535447761175
25 0.33122959421641784 0.775419776119403 0.03862523320895522 0.07433535447761175
29 0.633672458022388 0.8774486940298507 0.051743236940298476 0.16324626865671643
29 0.5764633861940298 0.8792706389925373 0.053929570895522305 0.1610599347014926
29 0.51816114738806 0.8829145289179103 0.053929570895522805 0.1610599347014926
29 0.45913013059701513 0.8872871968283582 0.053929570895522805 0.1610599347014926
29 0.40082789179104494 0.8894735307835819 0.053929570895522805 0.1610599347014926
28 0.35236415578358204 0.9098793143656716 0.0415403451492537 0.1333663712686567
52 0.5957319889162562 0.6433574507389163 0.04089054802955672 0.11497459975369462
55 0.5196311257102273 0.646695223721591 0.03606622869318177 0.11818625710227282
