14 0.3742145040760869 0.13109290081521738 0.03609035326086957 0.07324218749999999
16 0.4087126358695652 0.13321586277173914 0.03290591032608697 0.07324218750000001
19 0.44161854619565216 0.13958474864130432 0.02865998641304346 0.06687330163043478
25 0.47240149456521735 0.14276919157608695 0.03290591032608692 0.0668733016304348
26 0.42728855298913043 0.4973038383152174 0.03396739130434778 0.06899626358695654
54 0.45541779891304346 0.4813816236413043 0.022291100543478326 0.09234884510869562
51 0.4798318614130435 0.47607421875 0.0244140625 0.09447180706521735
51 0.5058381453804348 0.47395125679347827 0.02759850543478265 0.09022588315217389
25 0.5037151834239131 0.14595363451086954 0.029721467391304435 0.0668733016304348
25 0.5339673913043479 0.1496688179347826 0.02865998641304346 0.06581182065217396
25 0.5626273777173914 0.15338400135869562 0.02653702445652173 0.06475033967391307
25 0.5891644021739131 0.15762992527173908 0.0244140625 0.060504415760869595
25 0.3588230298913043 0.2414869225543478 0.0244140625 0.06687330163043476
25 0.38589079483695654 0.24201766304347824 0.03184442934782611 0.07005774456521735
25 0.4161430027173913 0.2446713654891304 0.02865998641304346 0.06475033967391303
25 0.4458644701086956 0.2457328464673913 0.03078294836956519 0.06050441576086954
25 0.47770889945652173 0.24626358695652173 0.0307829483695653 0.061565896739130405
25 0.5090225883152174 0.2489172894021739 0.02759850543478265 0.06262737771739132
25 0.537682574728261 0.24944802989130432 0.025475543478260865 0.06156589673913046
25 0.5626273777173914 0.25157099184782605 0.0244140625 0.0594429347826087
25 0.5896951426630435 0.25210173233695654 0.025475543478260865 0.05838145380434784
25 0.36466117527173914 0.36833389945652173 0.014860733695652217 0.0764266304347826
25 0.3885444972826087 0.36674167798913043 0.03290591032608692 0.07536514945652173
25 0.4198581861413043 0.36674167798913043 0.02972146739130438 0.07536514945652173
25 0.4506411345108696 0.36674167798913043 0.02972146739130438 0.07111922554347827
25 0.47983186141304346 0.3651494565217391 0.02865998641304357 0.06793478260869568
25 0.5355596127717392 0.3635572350543478 0.027598505434782594 0.06687330163043476
25 0.5636888586956522 0.3635572350543478 0.02865998641304346 0.06687330163043476
25 0.590225883152174 0.3624957540760869 0.02229110054347827 0.06899626358695649
25 0.39438264266304346 0.49995754076086957 0.03184442934782611 0.0700577445652174
25 0.3694378396739131 0.5020805027173914 0.013799252717391297 0.07218070652173914
25 0.5074303668478262 0.3635572350543478 0.026537024456521785 0.06687330163043476
28 0.39055765086206895 0.8662109375 0.026939655172413812 0.13469827586206895
