17 0.1773012222782258 0.412385017641129 0.08072391633064516 0.13270224294354832
17 0.26078156502016125 0.410219254032258 0.08308656754032262 0.12758316532258068
14 0.3409148185483871 0.4090379284274194 0.07796748991935482 0.12600806451612906
16 0.41829164566532256 0.41179435483870963 0.0752110635080645 0.11576990927419356
16 0.49488092237903225 0.4100223664314516 0.07402973790322581 0.12246408770161293
19 0.571076423891129 0.40746282762096775 0.07442351310483875 0.12443296370967744
19 0.6470750378024193 0.4043126260080645 0.07363596270161288 0.1149823588709678
19 0.725830078125 0.4039188508064516 0.08072391633064513 0.11892011088709681
18 0.808719758064516 0.40096553679435476 0.07166708669354838 0.12167653729838707
25 0.2846955460963455 0.6573141611295681 0.0561280107973422 0.05904796511627908
25 0.3416346553156146 0.6537453280730896 0.05710132890365449 0.04931478405315615
25 0.3945182724252491 0.6516364721760797 0.04931478405315615 0.058074647009966784
25 0.444157495847176 0.6503387147009967 0.050612541528239186 0.06067016196013297
25 0.4939589389534883 0.6480676391196012 0.050288102159468495 0.06391455564784054
25 0.545220359219269 0.6487165178571428 0.05028810215946833 0.06391455564784054
25 0.5956706810631229 0.6490409572259136 0.05061254152823913 0.06067016196013286
26 0.6479054194352158 0.6451476848006644 0.051910299003322335 0.061319040697674465
26 0.6986801806478404 0.6459587832225914 0.05028810215946844 0.060994601328903775
26 0.34974147041062803 0.7792874396135265 0.03915685386473433 0.04245923913043481
26 0.39220070954106284 0.7788156702898551 0.03915685386473433 0.04245923913043481
26 0.43182933272946866 0.7788156702898551 0.03915685386473433 0.04245923913043481
26 0.4726373792270532 0.7792874396135265 0.038685084541062786 0.04245923913043481
26 0.5122660024154589 0.7792874396135265 0.03868508454106273 0.04245923913043481
26 0.5523663949275361 0.7792874396135265 0.038685084541062675 0.04245923913043481
26 0.5910514794685989 0.7802309782608695 0.038685084541062675 0.04245923913043481
26 0.6306801026570047 0.7792874396135264 0.038685084541062675 0.04245923913043481
26 0.6712522644927534 0.7792874396135264 0.038685084541062675 0.04245923913043481
28 0.465365523465704 0.9005880527978339 0.04019065884476536 0.0567604918772564
28 0.42711388763537905 0.9064051218411553 0.034902414259927794 0.05922833935018057
28 0.3888622518050541 0.9023508009927799 0.03666516245487361 0.05887578971119145
