25 0.42155481557377045 0.5720414959016393 0.054431352459016424 0.10085809426229508
25 0.4327612704918033 0.6592917520491803 0.04802766393442626 0.07364241803278693
25 0.4839907786885246 0.6536885245901639 0.048027663934426146 0.0784451844262295
25 0.47598616803278687 0.5632364241803278 0.05122950819672123 0.09285348360655732
25 0.528016137295082 0.5536308913934427 0.04962858606557374 0.0992571721311476
25 0.5304175204918034 0.6432825307377049 0.04162397540983609 0.07684426229508201
25 0.576844262295082 0.6376793032786885 0.04482581967213106 0.08484887295081966
25 0.5808465676229508 0.5448258196721312 0.04962858606557374 0.09765625000000006
25 0.6280737704918034 0.6320760758196722 0.04162397540983609 0.0800461065573771
25 0.6368788422131147 0.5416239754098361 0.049628586065573854 0.09765625000000006
16 0.37832991803278687 0.6656954405737705 0.05122950819672123 0.0800461065573771
16 0.36472207991803274 0.5760438012295082 0.059234118852458995 0.09285348360655732
