17 0.2214740207967306 0.15538018724696354 0.045467484817813764 0.11307565789473682
16 0.26944426872469635 0.1543917636639676 0.045467484817813736 0.11188954959514168
14 0.3129349063765182 0.1559732413967611 0.03914157388663969 0.11426176619433197
19 0.3536579579959514 0.15610565285787942 0.04230452935222673 0.11228491902834008
18 0.3981370192307692 0.1585431427125506 0.04428137651821862 0.11465713562753034
23 0.4416276568825911 0.15814777327935223 0.04349063765182187 0.1138663967611336
25 0.4872549196699253 0.15917136787780378 0.045391671323656346 0.11023772983143695
26 0.532629220971564 0.1593601895734597 0.03980302132701419 0.11061537322274881
28 0.29172313456632654 0.8096500318877551 0.04235092474489799 0.12256855867346939
29 0.3378109056122449 0.7842394770408163 0.048828125 0.18435108418367352
13 0.39486009247448983 0.8288325095663265 0.05929129464285715 0.09616151147959184
2 0.4551478794642857 0.8069096779336735 0.05630181760204084 0.14897560586734693
