17 0.3383068647540983 0.2230404713114754 0.04482581967213117 0.1072617827868852
14 0.3863345286885246 0.22464139344262293 0.05443135245901631 0.11366547131147536
16 0.4367635758196721 0.22704277663934425 0.04642674180327877 0.1024590163934426
19 0.47918801229508196 0.23024462090163933 0.04162397540983609 0.1024590163934426
25 0.5256147540983607 0.23104508196721307 0.04482581967213117 0.10405993852459014
25 0.5728419569672131 0.23104508196721307 0.04642674180327866 0.10085809426229506
25 0.618468237704918 0.2366483094262295 0.04162397540983609 0.1024590163934426
25 0.6616931352459017 0.23504738729508196 0.04482581967213117 0.1024590163934426
25 0.7105212602459017 0.23985015368852458 0.049628586065573854 0.1024590163934426
25 0.35191470286885246 0.3503137807377049 0.04642674180327877 0.09285348360655737
25 0.3951396004098361 0.3503137807377049 0.04002305327868849 0.08965163934426229
25 0.4391649590163934 0.3551165471311475 0.04482581967213117 0.09285348360655737
25 0.4775870901639344 0.3567174692622951 0.038422131147541005 0.09285348360655737
25 0.5216124487704918 0.35911885245901637 0.0400230532786886 0.09125256147540983
25 0.5632364241803278 0.3567174692622951 0.043224897540983576 0.08965163934426229
25 0.6064613217213115 0.3575179303278688 0.03682120901639341 0.09125256147540983
25 0.6480852971311475 0.36152023565573765 0.0400230532786886 0.08965163934426229
25 0.6937115778688524 0.3607197745901639 0.04162397540983598 0.08164702868852458
25 0.35991931352459017 0.46317879098360654 0.04002305327868849 0.08164702868852458
25 0.39994236680327866 0.4647797131147541 0.04002305327868849 0.0784451844262295
25 0.44076588114754095 0.47118340163934425 0.03522028688524592 0.0784451844262295
25 0.4783875512295082 0.47038294057377045 0.03682120901639341 0.0768442622950819
25 0.5152087602459017 0.47438524590163933 0.0400230532786886 0.08164702868852453
25 0.5568327356557377 0.47358478483606553 0.0400230532786886 0.0768442622950819
25 0.5952548668032787 0.4759861680327868 0.03682120901639341 0.07204149590163927
25 0.6304751536885246 0.4807889344262295 0.04002305327868849 0.07524334016393436
25 0.6737000512295082 0.4799884733606557 0.043224897540983465 0.0768442622950819
25 0.37672899590163933 0.5920530225409836 0.03522028688524581 0.06403688524590168
25 0.41355020491803274 0.5936539446721312 0.03201844262295084 0.06083504098360659
25 0.45197233606557374 0.5920530225409836 0.038422131147541005 0.06083504098360648
26 0.48719262295081966 0.5920530225409836 0.03201844262295084 0.06083504098360648
26 0.5224129098360656 0.59765625 0.03201844262295084 0.05603227459016391
26 0.5560322745901639 0.6008580942622951 0.03201844262295084 0.06563780737704916
26 0.5928534836065573 0.6040599385245902 0.03522028688524592 0.06563780737704916
26 0.625672387295082 0.6032594774590163 0.033619364754098435 0.06403688524590156
26 0.6624935963114754 0.6016585553278688 0.033619364754098324 0.06403688524590168
29 0.5296170594262295 0.8465996413934427 0.05603227459016402 0.14728483606557374
28 0.5752433401639345 0.873014856557377 0.04162397540983587 0.09445440573770492
