13 0.29008265904017855 0.31057303292410715 0.09983607700892858 0.16610281808035712
13 0.38054547991071425 0.3134068080357143 0.0810895647321429 0.164794921875
13 0.4603271484375 0.3142787388392857 0.07585797991071436 0.16392299107142855
13 0.54119873046875 0.31558663504464285 0.0806535993303572 0.16217912946428567
13 0.6253400530133928 0.31602260044642855 0.0806535993303572 0.16217912946428567
13 0.7086094447544642 0.31384277343749994 0.0806535993303572 0.16217912946428567
17 0.29566147748161764 0.4480698529411764 0.04559685202205882 0.07467830882352938
17 0.3362319048713235 0.4493264590992646 0.03626206341911764 0.0736012178308823
17 0.3750071806066176 0.44824936810661764 0.03626206341911764 0.0736012178308823
17 0.4125258501838235 0.4486083984375 0.03805721507352944 0.07216509650735292
14 0.4530962775735294 0.44842888327205876 0.040211397058823484 0.07252412683823534
14 0.49205106847426466 0.4489674287683823 0.03626206341911764 0.0750373391544118
14 0.529031192555147 0.4504035500919117 0.03626206341911764 0.0750373391544118
14 0.567626953125 0.4500445197610293 0.03805721507352944 0.07431927849264713
14 0.6074793198529412 0.44896742876838236 0.03805721507352944 0.07431927849264713
14 0.6466136259191176 0.44824936810661764 0.03805721507352944 0.07431927849264713
14 0.6843118106617647 0.4496854894301471 0.03805721507352944 0.07431927849264713
14 0.3179941006633632 0.5409100506756757 0.03805107232192234 0.06308065878378377
14 0.3560368916562754 0.541623413666483 0.03645089479903724 0.06270967604541244
14 0.49926143283841784 0.5432744449381102 0.03351984797297303 0.05970213414941494
14 0.535268453936002 0.5436703486543263 0.03593570442645333 0.06049394158184729
14 0.5710454599415671 0.5447416510193133 0.03561830758467699 0.06224014216738205
14 0.391965295499362 0.542017068328668 0.03351984797297303 0.05970213414941494
14 0.42797231659694607 0.5424129720448843 0.03593570442645333 0.06049394158184729
14 0.4637493226025112 0.5434842744098713 0.03561830758467699 0.06224014216738205
16 0.6073197508169935 0.5454069648692811 0.03638174019607843 0.061912785947712434
16 0.6443397671568628 0.5462579997276689 0.03638174019607843 0.061912785947712434
16 0.681785300925926 0.5460452410130718 0.03638174019607843 0.061912785947712434
16 0.33101964368479764 0.615810296474359 0.03591493939322521 0.05414913862179482
16 0.36654523463031047 0.6150277944711539 0.03560193859194316 0.05321013621794868
16 0.4020708255758233 0.6153407952724359 0.03278493138040467 0.051958133012820484
16 0.4344664085085156 0.6150277944711539 0.03121992737399437 0.05321013621794868
16 0.46607948943800276 0.6147147936698718 0.03121992737399437 0.05321013621794868
16 0.49800557116877203 0.6153407952724359 0.03184592897655858 0.05133213141025639
19 0.530361077724359 0.6164362980769231 0.030987079326923128 0.051645132211538436
19 0.5616611578525642 0.6164362980769231 0.030987079326923128 0.051645132211538436
19 0.5926482371794872 0.6164362980769231 0.030987079326923128 0.051645132211538436
19 0.6253568209134616 0.6172188000801282 0.03255208333333326 0.050080128205128194
19 0.658847906650641 0.6175318008814102 0.03255208333333326 0.050080128205128194
19 0.3452209769028212 0.6812186253017665 0.030987079326923128 0.051645132211538436
19 0.37663712792898807 0.680760145254818 0.030987079326923128 0.051645132211538436
19 0.4077605905610159 0.680760145254818 0.030987079326923128 0.051645132211538436
19 0.438380380088156 0.6803667845854758 0.03011555838908886 0.05124212684611651
19 0.46862061573100733 0.6800002963054936 0.030618736892415788 0.04961940984043012
25 0.49848243104460094 0.679582049589202 0.02911348298122063 0.05066204518779338
25 0.52805439407277 0.6798112896126762 0.02911348298122063 0.05066204518779338
25 0.5573971170774648 0.680728249706573 0.02911348298122063 0.05066204518779338
25 0.5876568001760565 0.680728249706573 0.02911348298122063 0.05066204518779338
25 0.6172287632042255 0.6802697696596245 0.02911348298122063 0.05066204518779338
25 0.647488446302817 0.6802697696596245 0.02911348298122063 0.05066204518779338
25 0.3576067633134932 0.7470994710636554 0.032567429945783544 0.039416814914942866
25 0.3871787263416622 0.7472140910753924 0.025659536016657714 0.039187574891468624
25 0.4150313891937749 0.7483602911927634 0.028639656321822082 0.039646054938417
25 0.4444887322102069 0.7487041512279746 0.030244336486141388 0.0403337750088395
25 0.4722344483568075 0.747901811145815 0.025674882629107942 0.039646054938417
25 0.4990555311032864 0.7483540566314555 0.027050322769953172 0.040117004107981136
25 0.5270228139671362 0.7485832966549295 0.027050322769953117 0.040117004107981136
25 0.5570532570422535 0.7501879768192488 0.027050322769953117 0.040117004107981136
25 0.5854790199530517 0.750417216842723 0.027050322769953117 0.040117004107981136
26 0.6130771229216152 0.7498190691805225 0.02829943586698347 0.04012952790973867
26 0.6423044091448931 0.7491231814133017 0.02829943586698347 0.04012952790973867
28 0.39776611328125 0.8611637995793269 0.03685584435096151 0.07723294771634615
28 0.3632577749399038 0.8609290489783654 0.032160832331730727 0.07676344651442313
