17 0.23275320870535715 0.07624162946428574 0.06103515624999997 0.15084402901785712
17 0.2972760881696429 0.05993652343750005 0.06452287946428575 0.12067522321428571
15 0.3617989676339286 0.06447056361607147 0.05929129464285715 0.12555803571428567
15 0.4228341238839286 0.06795828683035719 0.05929129464285715 0.12207031249999999
14 0.4821254185267857 0.07318987165178574 0.05754743303571419 0.12032645089285711
14 0.5414167131696428 0.07667759486607144 0.05405970982142849 0.11858258928571422
14 0.6011439732142857 0.07754952566964288 0.05841936383928559 0.1150948660714285
19 0.65869140625 0.08278111049107147 0.04970005580357151 0.11160714285714284
19 0.7083914620535714 0.08626883370535716 0.04970005580357151 0.11160714285714282
25 0.2510637555803572 0.2589111328125 0.06975446428571425 0.10986328125
25 0.31776646205357145 0.25760323660714285 0.056675502232142794 0.1020159040178572
25 0.3740059988839286 0.26109095982142855 0.05057198660714285 0.1020159040178572
25 0.42719377790178575 0.2615269252232143 0.0540597098214286 0.09765625000000006
25 0.4834333147321429 0.26370675223214285 0.05667550223214285 0.1020159040178572
25 0.5357491629464286 0.2623988560267857 0.04272460937499989 0.09242466517857151
25 0.5845772879464286 0.2650146484375 0.0514439174107143 0.09242466517857145
25 0.6351492745535714 0.26414271763392855 0.04272460937499989 0.09242466517857151
25 0.6817975725446428 0.26414271763392855 0.047084263392857095 0.0871930803571429
16 0.2724260602678572 0.4359130859375 0.05667550223214285 0.1220703125
16 0.3282296316964286 0.4180385044642857 0.054931640625 0.091552734375
16 0.3818533761160714 0.4176025390625 0.05057198660714285 0.08719308035714285
16 0.43155343191964285 0.41934640066964285 0.047084263392857206 0.0819614955357143
23 0.4825613839285714 0.4180385044642857 0.04621233258928564 0.08108956473214285
23 0.5313895089285713 0.4162946428571429 0.04621233258928559 0.08108956473214285
18 0.579345703125 0.4149867466517857 0.0392368861607143 0.08544921875
18 0.6286097935267856 0.4149867466517857 0.047084263392857095 0.08370535714285715
24 0.6735142299107142 0.4141148158482143 0.0357491629464286 0.08370535714285715
24 0.5546725837895656 0.5849273310981782 0.042761360760949496 0.06677394357287458
24 0.510342745633273 0.5884537215713974 0.042483761355831706 0.06791609269636611
25 0.46710900183800574 0.5895725978123438 0.04358739405126122 0.06909289441027733
25 0.4223981584821429 0.5889369419642857 0.040980747767857206 0.07411411830357162
25 0.3774937220982143 0.5906808035714286 0.045340401785714246 0.0758579799107143
25 0.3308454241071429 0.5941685267857142 0.042724609374999944 0.07934570312500011
25 0.2837611607142857 0.6002720424107142 0.042724609374999944 0.07934570312500011
54 0.5983884096401717 0.5675495938506981 0.037560096153846145 0.09765625
55 0.6372090887848054 0.5665033172302322 0.035291643858960664 0.09937538084565811
26 0.29593795158959535 0.7269237716763006 0.05023934248554912 0.08354407514450868
59 0.3416613981213873 0.7672845917630058 0.0389496026011561 0.10555906791907521
25 0.2989390216854467 0.8037851068037976 0.045366176282285786 0.06613429588607589
55 0.3785144914552666 0.7667089978586974 0.032981855239755775 0.10783922971613114
52 0.415326950867052 0.7619219653179191 0.03499819364161849 0.10725252890173409
5 0.4988710260115607 0.7257947976878613 0.0587066473988439 0.1580563583815029
5 0.5582779230994366 0.7217290622484818 0.05897817278846851 0.14925321943367242
4 0.618736981072108 0.71679694645405 0.05796709798236621 0.14556976316126435
28 0.6066880419075145 0.9374774205202312 0.04177203757225434 0.11402637283236994
28 0.5666094653179191 0.9357839595375723 0.03838511560693636 0.11628432080924855
29 0.5172311441336798 0.9147906882225433 0.05419075144508678 0.17138954118497085
29 0.4568167449421965 0.9199162301300577 0.06265805635838156 0.16131909320809235
29 0.3906041845420881 0.919379967485549 0.06265805635838156 0.16131909320809212
29 0.3264202492774566 0.9200178377890172 0.06265805635838156 0.16131909320809235
