8 0.23984375 0.163671875 0.09843750000000001 0.32578124999999997
8 0.335546875 0.164453125 0.09453125000000001 0.32421874999999994
2 0.431640625 0.162890625 0.09296875000000004 0.32578125
13 0.61640625 0.221875 0.11093750000000002 0.2109375
13 0.7339843749999999 0.2234375 0.11953124999999998 0.20468750000000002
17 0.269921875 0.409765625 0.052343749999999994 0.09453125000000001
15 0.321875 0.40859375 0.05312500000000003 0.09062500000000001
14 0.37578124999999996 0.409765625 0.04999999999999999 0.09140624999999997
16 0.43085937500000004 0.40937500000000004 0.05390624999999999 0.08906249999999999
16 0.48359375000000004 0.41250000000000003 0.046875 0.09218749999999998
16 0.534765625 0.413671875 0.053906250000000044 0.08828125000000003
16 0.5902343750000001 0.41523437500000004 0.053906250000000044 0.08828125000000003
16 0.6449218750000001 0.41523437500000004 0.053906250000000044 0.08828125000000003
16 0.700390625 0.417578125 0.05234375000000002 0.09140625000000002
16 0.294921875 0.5375 0.055468749999999956 0.07343750000000004
16 0.345703125 0.541796875 0.04453125000000002 0.07265624999999998
16 0.39296875 0.5437500000000001 0.04531250000000003 0.07968749999999991
16 0.44062500000000004 0.5437500000000001 0.04531250000000003 0.07968749999999991
16 0.48750000000000004 0.5460937500000002 0.04531250000000009 0.07968749999999991
16 0.5335937500000001 0.5476562500000002 0.0453125000000002 0.07968749999999991
19 0.581640625 0.54921875 0.046093750000000044 0.078125
19 0.6277343750000001 0.5539062499999999 0.046093750000000044 0.078125
19 0.6777343750000001 0.553125 0.046093750000000044 0.078125
25 0.6753906249999999 0.66328125 0.04453125000000002 0.07500000000000007
25 0.62890625 0.662109375 0.043749999999999956 0.07109375000000007
25 0.58828125 0.6589843750000001 0.03749999999999987 0.07265625000000009
25 0.5457031250000001 0.6589843750000001 0.04453124999999991 0.07265625000000009
23 0.500390625 0.65859375 0.04140625000000003 0.078125
23 0.45664062500000013 0.65703125 0.041406250000000144 0.078125
23 0.4128906250000002 0.6554687499999999 0.041406250000000144 0.078125
23 0.37072230747767854 0.6521170479910714 0.04144461495535717 0.07767159598214302
19 0.32499999999999996 0.648046875 0.04375000000000001 0.07734375000000004
25 0.6109374999999999 0.7421874999999998 0.03906250000000011 0.05468750000000011
25 0.57109375 0.7382812499999998 0.03906250000000011 0.05468750000000011
25 0.53046875 0.7367187499999999 0.03906250000000011 0.05468750000000011
25 0.49140624999999993 0.7374999999999998 0.03906250000000017 0.05468750000000011
25 0.4515625 0.73515625 0.03906250000000022 0.05468750000000011
25 0.4125 0.7320312499999999 0.03906250000000022 0.05468750000000011
25 0.37421875 0.7304687499999998 0.03906250000000022 0.05468750000000011
25 0.33359374999999997 0.7296874999999998 0.03906250000000022 0.05468750000000011
26 0.6515625 0.740234375 0.04375000000000007 0.05234374999999991
29 0.369140625 0.876953125 0.05859375 0.1585937500000001
29 0.42695312500000004 0.878515625 0.058593750000000056 0.1585937500000001
29 0.484375 0.8812500000000001 0.0546875 0.15781250000000013
28 0.533984375 0.9113281249999999 0.04140624999999998 0.10546875
28 0.576953125 0.908984375 0.04140624999999998 0.10546875
28 0.6207031250000001 0.916015625 0.04140624999999998 0.10546875
2 0.5215089709504925 0.16194661458333331 0.07578125000000002 0.3248869243421053
