16 0.19139662869458132 0.0908395551108375 0.05965209359605911 0.14720597290640391
16 0.2539351139162561 0.09229718288177345 0.05965209359605905 0.14720597290640394
16 0.3183978602216748 0.09614570504926112 0.05965209359605911 0.14720597290640391
16 0.37901208435960587 0.09951316194581286 0.05965209359605922 0.14335745073891626
25 0.4408289716748768 0.10071582512315276 0.06013315886699505 0.14864916871921183
25 0.49951893472906406 0.10167795566502467 0.05724676724137939 0.14576277709359606
25 0.5603736915024631 0.0990320966748769 0.05772783251231517 0.14913023399014777
25 0.6200257850985222 0.09903209667487692 0.05772783251231517 0.1491302339901478
28 0.38495017224409445 0.7539831446850394 0.06459153543307089 0.24606299212598426
29 0.46751968503937 0.6955124261811023 0.09073572834645666 0.36986343503937
41 0.5597029558316928 0.8380559485728347 0.10085122416338577 0.12076310285433067
46 0.5774886964812992 0.6919868048720472 0.12920229453740162 0.15545798474409456
