42 0.36232069672131145 0.1117763831967213 0.06403688524590156 0.05122950819672131
42 0.4311603483606557 0.11657914959016392 0.054431352459016424 0.0544313524590164
42 0.3631211577868852 0.1654072745901639 0.06243596311475408 0.05923411885245902
42 0.3647220799180328 0.21983862704918034 0.06243596311475408 0.04642674180327869
42 0.43436219262295084 0.21343493852459017 0.06403688524590168 0.027215676229508184
42 0.43356173155737704 0.1694095799180328 0.06243596311475408 0.0544313524590164
43 0.4967981557377049 0.11818007172131147 0.06723872950819665 0.05122950819672131
43 0.49759861680327866 0.17181096311475408 0.059234118852458995 0.04962858606557377
43 0.5008004610655737 0.21103355532786883 0.059234118852458995 0.03201844262295081
43 0.559234118852459 0.217437243852459 0.06083504098360648 0.03201844262295081
43 0.5608350409836065 0.17501280737704916 0.06083504098360659 0.062435963114754106
43 0.625672387295082 0.12298283811475409 0.06563780737704927 0.0544313524590164
43 0.5600345799180327 0.11497822745901638 0.05283043032786883 0.05122950819672131
44 0.6264728483606558 0.1774141905737705 0.06403688524590168 0.05122950819672131
44 0.6248719262295082 0.21663678278688525 0.06723872950819676 0.030417520491803268
61 0.3687243852459016 0.335905481557377 0.0576331967213114 0.08324795081967212
61 0.37112576844262296 0.40874743852459017 0.05603227459016391 0.062435963114754134
61 0.3687243852459016 0.471983862704918 0.05122950819672123 0.06723872950819665
61 0.3719262295081967 0.5280161372950819 0.05122950819672123 0.038422131147541005
61 0.4319608094262295 0.3375064036885246 0.059234118852458995 0.07684426229508196
61 0.43276127049180324 0.40794697745901637 0.05763319672131151 0.06403688524590168
61 0.4343621926229508 0.47438524590163933 0.054431352459016424 0.056032274590163966
61 0.43276127049180324 0.5272156762295082 0.05122950819672134 0.04322489754098369
61 0.48959400614754095 0.5240138319672132 0.05603227459016391 0.04962858606557374
61 0.49039446721311475 0.47278432377049184 0.05443135245901631 0.05923411885245905
61 0.4919953893442623 0.40794697745901637 0.0576331967213114 0.07044057377049184
61 0.49359631147540983 0.3367059426229508 0.05763319672131151 0.07204149590163933
41 0.5584336577868853 0.3375064036885246 0.05283043032786883 0.07044057377049179
41 0.5536308913934427 0.40794697745901637 0.05283043032786894 0.05763319672131151
41 0.618468237704918 0.33990778688524587 0.05763319672131151 0.07204149590163933
41 0.6104636270491803 0.40714651639344257 0.05763319672131151 0.0688396516393443
41 0.5536308913934427 0.47118340163934425 0.05283043032786894 0.059234118852458995
41 0.6104636270491803 0.4703829405737705 0.05122950819672134 0.060835040983606536
41 0.5480276639344261 0.5216124487704918 0.054431352459016424 0.04802766393442626
41 0.6048603995901639 0.5248142930327868 0.05283043032786883 0.04482581967213106
41 0.3679239241803278 0.6817046618852458 0.05283043032786883 0.0576331967213114
41 0.3687243852459016 0.7409387807377049 0.05122950819672123 0.04482581967213117
41 0.37032530737704916 0.7905673668032787 0.05443135245901631 0.05122950819672134
41 0.37112576844262296 0.8385950307377049 0.04962858606557374 0.04482581967213117
41 0.42795850409836067 0.6841060450819672 0.05122950819672134 0.06243596311475408
41 0.42955942622950816 0.7433401639344261 0.04482581967213117 0.04962858606557374
41 0.4311603483606557 0.7953701331967213 0.04802766393442626 0.04802766393442626
41 0.42795850409836067 0.8441982581967213 0.05122950819672134 0.04642674180327877
41 0.48799308401639346 0.6753009733606556 0.05603227459016391 0.06083504098360659
41 0.489594006147541 0.7393378586065573 0.05283043032786883 0.05122950819672134
41 0.4847912397540983 0.7905673668032787 0.05283043032786883 0.05443135245901631
41 0.4855917008196721 0.8401959528688524 0.04482581967213106 0.04482581967213117
41 0.5472272028688525 0.6785028176229508 0.05603227459016391 0.054431352459016424
41 0.5504290471311475 0.7377369364754098 0.04962858606557374 0.054431352459016424
41 0.5432248975409837 0.7897669057377048 0.054431352459016424 0.04962858606557374
41 0.5392225922131147 0.8401959528688524 0.05283043032786883 0.05122950819672134
41 0.6056608606557377 0.6801037397540983 0.05122950819672123 0.054431352459016424
41 0.5992571721311475 0.733734631147541 0.04482581967213106 0.05283043032786883
41 0.59765625 0.7849641393442622 0.05122950819672134 0.05283043032786883
41 0.5952548668032787 0.8385950307377048 0.04962858606557374 0.04802766393442626
