3 0.2087751116071429 0.23188127790178575 0.08632114955357142 0.2912248883928571
1 0.30076381138392855 0.22882952008928573 0.0871930803571429 0.28686523437499994
2 0.3866489955357143 0.22577776227678575 0.08108956473214285 0.2982003348214285
0 0.4747866675967262 0.2324833407393629 0.08297874813988104 0.28653303950341713
0 0.5559408197958002 0.23341985900986553 0.07209575996197082 0.28117227974812614
5 0.6325523201540454 0.2282259502108135 0.0758203038883376 0.2828407893105159
4 0.715138161203428 0.23003439928488756 0.0893513782104276 0.2792238911623678
17 0.2529729833743843 0.4939866841133005 0.047144396551724116 0.07985683497536944
17 0.3025227062807882 0.49350561884236455 0.04714439655172409 0.07985683497536944
17 0.3518318965517242 0.49470828201970446 0.04858759236453197 0.07552724753694584
17 0.39945735837438423 0.4944677493842365 0.04473907019704432 0.07600831280788178
17 0.44371536330049266 0.49230295566502463 0.04570120073891615 0.07648937807881773
17 0.488694966133005 0.4911002924876847 0.04329587438423638 0.07504618226600995
17 0.5346366995073893 0.486770705049261 0.04473907019704426 0.07312192118226624
15 0.5802600696200209 0.4893148394427136 0.04297047036586965 0.06803365239536102
14 0.6274822967980296 0.48484644396551724 0.04473907019704426 0.07504618226600995
14 0.6746266933497538 0.4814789870689656 0.04473907019704426 0.07504618226601012
14 0.25922683189655177 0.6361414716748768 0.04329587438423632 0.0697544642857143
14 0.305409097906404 0.6306092210591132 0.04425800492610826 0.06350061576354682
16 0.34846443965517243 0.6279633620689655 0.03992841748768472 0.06109528940886699
16 0.39127924876847286 0.6255580357142857 0.04185267857142855 0.06205741995073888
16 0.43409405788177335 0.622190578817734 0.04185267857142855 0.06205741995073888
16 0.47666833435960587 0.6193041871921183 0.03944735221674878 0.06109528940886688
16 0.5180399476600985 0.6149745997536946 0.03848522167487678 0.06398168103448276
19 0.5601331588669951 0.6135314039408867 0.038004156403940836 0.06109528940886699
19 0.5986183805418719 0.6130503386699507 0.038004156403940836 0.06109528940886699
19 0.6375846674876847 0.610163947044335 0.038004156403940836 0.06109528940886699
18 0.6751077586206897 0.6084802185960592 0.03800415640394095 0.06061422413793105
26 0.6686133774630543 0.7063770012315271 0.03271243842364535 0.05917102832512311
26 0.6322929495073892 0.7054148706896551 0.03511776477832518 0.05436037561576357
26 0.6013357492344562 0.7046266387423445 0.025834505225669102 0.05689897005225664
26 0.560614224137931 0.7121497844827587 0.03511776477832507 0.04858759236453214
24 0.5233316656403941 0.7143145782019704 0.034636699507389235 0.045220135467980316
25 0.48725177032019706 0.7174415024630543 0.03559883004926112 0.04762546182266003
25 0.4487665486453203 0.719846828817734 0.035598830049261176 0.04762546182266003
25 0.4102813269704434 0.7217710899014778 0.035598830049261176 0.04762546182266003
25 0.3717961052955665 0.7227332204433496 0.035598830049261176 0.04762546182266003
25 0.3352351447044335 0.7251385467980296 0.035598830049261176 0.04762546182266003
25 0.2967499230295567 0.7270628078817734 0.035598830049261176 0.04762546182266003
47 0.6289254926108374 0.7871959667487685 0.029344981527093528 0.05917102832512322
56 0.5952509236453203 0.7893607604679802 0.03607989532019695 0.05772783251231528
54 0.5295855141625616 0.7896012931034483 0.03559883004926112 0.06783020320197042
55 0.49615147783251234 0.79296875 0.02934498152709364 0.06398168103448265
52 0.4668064963054187 0.7948930110837438 0.02934498152709364 0.06301955049261088
52 0.43601831896551724 0.7972983374384237 0.02934498152709364 0.06301955049261088
51 0.40282481527093594 0.7982604679802956 0.03126924261083741 0.06301955049261088
51 0.3696313115763547 0.8011468596059113 0.03126924261083741 0.06301955049261088
59 0.3376404710591133 0.8016279248768472 0.026939655172413757 0.07071659482758619
59 0.30685229371921185 0.804995381773399 0.026939655172413757 0.07071659482758619
13 0.6212284482758621 0.9230969057881773 0.057246767241379226 0.06157635467980305
13 0.5673491379310345 0.9262238300492611 0.0505118534482758 0.06783020320197053
9 0.5209263392857144 0.9163619919950738 0.04040948275862066 0.1029479679802956
29 0.47354141009852213 0.9175646551724137 0.0466633312807882 0.12652016625615758
29 0.42110529556650245 0.9267048953201971 0.0466633312807882 0.12652016625615758
28 0.3691502463054187 0.9579741379310345 0.03992841748768472 0.07648937807881773
28 0.32825969827586204 0.961793796182266 0.03992841748768472 0.07648937807881773
