17 0.2161714901477833 0.195245150862069 0.048587592364532 0.12122844827586202
17 0.2674049415024631 0.20246112992610843 0.05195504926108374 0.12026631773399013
15 0.31719519704433496 0.21424722906403942 0.04473907019704432 0.11882312192118225
15 0.36049107142857145 0.22603332820197047 0.04185267857142849 0.12219057881773399
14 0.40258428263546797 0.23830049261083747 0.042333743842364546 0.11689886083743839
14 0.4485260160098522 0.2464786022167488 0.0466633312807882 0.12170951354679799
14 0.4966325431034483 0.256099907635468 0.049549722906403915 0.11689886083743842
16 0.5413716133004927 0.267886006773399 0.038966286945812834 0.1116071428571428
16 0.585629618226601 0.2724561268472906 0.04473907019704437 0.10823968596059097
16 0.21451297883064516 0.3588315902217742 0.048828125 0.0996251260080645
19 0.2631442162298387 0.3692666330645161 0.04528414818548385 0.10789440524193555
19 0.3092159148185484 0.373991935483871 0.04528414818548382 0.10789440524193555
19 0.3578471522177419 0.38285187752016125 0.05040322580645157 0.10828818044354838
23 0.40667527721774194 0.3932869203629032 0.04410282258064513 0.09923135080645162
23 0.4497936617943548 0.39919354838709675 0.03898374495967738 0.10238155241935487
25 0.48922096962481454 0.40040882013000556 0.03951783086531341 0.10164378968529852
25 0.5295331401209677 0.4078566028225806 0.0385899697580645 0.10316910282258063
25 0.5673355594758065 0.4117943548387097 0.03701486895161288 0.10001890120967738
26 0.19772160749027237 0.5026598978599222 0.042178380350194555 0.09347641050583655
26 0.2433198565175097 0.5028498905642024 0.04293835116731512 0.09157648346303521
26 0.28567075897848737 0.5051549169937163 0.04252342457176084 0.09000631387249003
26 0.32881657344357973 0.509879620622568 0.03989846789883267 0.08359678988326846
26 0.36985499756809337 0.5125395184824902 0.03837852626459143 0.08207684824902728
59 0.4099434581712062 0.5015199416342413 0.0387585116731517 0.10563594357976658
59 0.45022191147859925 0.5081696862840467 0.03723857003891046 0.10829584143968868
54 0.5197689150448411 0.5167826888780804 0.041911953799364854 0.0986695444228276
54 0.2037199079966544 0.6104445701434598 0.03703302279173784 0.10796599989999633
54 0.24250860542656108 0.6099882325266373 0.03703302279173809 0.10796599989999633
52 0.3574349239930099 0.6169684579439252 0.03148729556074764 0.10769567757009346
56 0.39176584404205606 0.628376898364486 0.03331264602803741 0.09126752336448596
47 0.4307624956553642 0.6268174305582375 0.0392046057967097 0.08449788681740944
3 0.19245319538288286 0.758375563063063 0.06818341779279277 0.15924127252252251
2 0.25601773648648646 0.7584506346260182 0.05718609234234237 0.15792159346846846
0 0.3132038288288288 0.7599151886261261 0.055426520270270285 0.15616202139639634
0 0.36731067004504503 0.7605750281531531 0.051907376126126115 0.1583614864864864
5 0.4178756140299782 0.7628179991461241 0.045308980855855885 0.15132319819819817
11 0.46606665259009006 0.7612348676801801 0.048828125 0.1456045889639639
28 0.40855614953909575 0.9507718046484157 0.044232834792477305 0.09629807358254594
28 0.3680985602533815 0.9511438284579398 0.03772241812581062 0.09890224024921301
28 0.32996611977719104 0.9508648106007966 0.03772241812581062 0.09890224024921268
28 0.28671835192004813 0.9506322957198445 0.03772241812581062 0.0989022402492129
29 0.17531622023809523 0.9279668898809523 0.05952380952380951 0.14183407738095244
29 0.236235119047619 0.9292224702380949 0.05952380952380951 0.14183407738095177
51 0.31903004398972756 0.6165172870652105 0.03605067172897192 0.10723933995327106
51 0.28029037456823996 0.6157102106189296 0.03605067172897192 0.10723933995327106
