17 0.3162405831473214 0.20332554408482145 0.04752022879464285 0.12337820870535712
17 0.36703055245535715 0.2050694056919643 0.0497000558035714 0.12425013950892858
14 0.4141148158482143 0.20463344029017858 0.04446847098214285 0.11814662388392855
19 0.46010916573660715 0.20419747488839285 0.0457763671875 0.11901855468749997
16 0.5039236886160714 0.20703125 0.040108816964285754 0.11596679687499997
16 0.5449044363839286 0.20724923270089285 0.04272460937500011 0.11640276227678567
16 0.5880650111607142 0.20877511160714285 0.04359654017857151 0.11335100446428567
16 0.6288277762276786 0.20855712890624994 0.03967285156250011 0.11204310825892846
16 0.6674107142857144 0.20986502511160715 0.034877232142857095 0.1076834542410714
25 0.3282296316964286 0.3382568359375 0.045340401785714246 0.10986328125
25 0.3731340680803571 0.3382568359375 0.04446847098214285 0.1089913504464286
25 0.4169485909598214 0.3365129743303571 0.0422886439732143 0.10811941964285715
25 0.4976021902901786 0.3341151646205357 0.03705705915178581 0.1007080078125
25 0.45792933872767855 0.3358590262276786 0.0396728515625 0.10506766183035715
25 0.5374930245535714 0.33193533761160715 0.038364955357142905 0.0980922154017857
25 0.57476806640625 0.3280116489955357 0.03618512834821441 0.09286063058035715
25 0.6092093331473214 0.32779366629464285 0.03444126674107151 0.0985281808035714
25 0.6460484095982142 0.32670375279017855 0.038364955357142905 0.0980922154017857
25 0.3349870954241072 0.46010916573660715 0.045776367187499944 0.0963483537946429
25 0.3792375837053572 0.4574933733258929 0.040108816964285754 0.0937325613839286
25 0.4189104352678572 0.4533517020089285 0.039236886160714246 0.09329659598214285
25 0.4568394252232143 0.44964599609375 0.036621093749999944 0.09809221540178575
25 0.4925885881696429 0.4476841517857143 0.03487723214285715 0.09678431919642849
25 0.5281197684151787 0.4424525669642857 0.03705705915178581 0.09504045758928564
25 0.5638689313616072 0.443324497767857 0.03444126674107151 0.09852818080357123
25 0.59765625 0.4370029994419643 0.0313895089285714 0.09111676897321425
29 0.3530796595982143 0.7308436802455358 0.05667550223214285 0.2419607979910715
29 0.4123709542410714 0.7216884068080358 0.05667550223214285 0.2419607979910715
29 0.47100830078125 0.7079554966517858 0.05711146763392866 0.2362932477678571
29 0.5283377511160714 0.697056361607143 0.053187779017857206 0.2249581473214285
28 0.5770113065645294 0.7173287527901786 0.035313197544642794 0.1434326171875
2 0.6268659319196429 0.7096993582589286 0.059291294642857206 0.1726422991071428
26 0.6314049848178138 0.4289758350202429 0.033211032388663964 0.08381831983805665
