41 0.25349672379032256 0.5370148689516128 0.08190524193548385 0.07087953629032262
46 0.6076834542410716 0.5231061662946428 0.0767299107142857 0.0906808035714286
46 0.6850673130580358 0.5231061662946428 0.0771658761160714 0.0871930803571429
33 0.24324087078651685 0.7422204178370787 0.054314431179775274 0.0866836376404494
42 0.5857788257521841 0.36204421233538103 0.041577518104015665 0.08389629793449638
42 0.5943791831248628 0.44400795222322803 0.046892143954355814 0.05798749691408822
41 0.24877045702353523 0.45197721225586995 0.07245270840190912 0.0961312952600391
41 0.2481061287922427 0.34834200817423727 0.07643867778966426 0.10941785988588948
41 0.34783133263386 0.5410008383393677 0.08190524193548382 0.07087953629032273
41 0.3431050658670727 0.4559631816436249 0.0724527084019091 0.09613129526003888
41 0.34244073763578015 0.35232797756199236 0.07643867778966429 0.10941785988588948
41 0.44415892617127517 0.5383435254141976 0.0819052419354841 0.07087953629032273
41 0.4394326594044877 0.4533058687184548 0.0724527084019092 0.09613129526003883
41 0.43876833117319525 0.3496706646368223 0.07643867778966451 0.10941785988588948
41 0.5358362220896424 0.5443224794958302 0.08190524193548399 0.07087953629032273
41 0.531109955322855 0.4592848228000874 0.0724527084019091 0.09613129526003877
41 0.5304456270915625 0.35564961871845496 0.0764386777896644 0.10941785988588948
