9 0.32462565104166663 0.232666015625 0.06510416666666669 0.224609375
3 0.388916015625 0.23022460937499997 0.056966145833333315 0.21158854166666669
1 0.45361328125 0.23225911458333331 0.06266276041666669 0.21565755208333337
2 0.5142415364583333 0.23429361979166663 0.05859375 0.21484374999999997
2 0.5748697916666666 0.23388671875 0.05940755208333348 0.21240234375000003
0 0.6338704427083334 0.23429361979166669 0.05859375 0.21158854166666666
13 0.7044968377976191 0.27213541666666663 0.07893880208333337 0.14241536458333331
17 0.3304578993055556 0.40030924479166663 0.039785879629629595 0.0637478298611111
17 0.3691134982638889 0.4012134693287037 0.03481264467592593 0.06103515625
17 0.40663881655092593 0.40279586226851855 0.03662109375 0.06148726851851849
17 0.44552047164351855 0.4037000868055556 0.03662109375 0.06148726851851849
17 0.48259367766203703 0.4041521990740741 0.03662109374999989 0.06148726851851849
17 0.5189887152777779 0.4052824797453704 0.03616898148148151 0.06284360532407396
15 0.5558358651620371 0.40483036747685186 0.03571686921296302 0.06103515625
15 0.5931351273148149 0.4057345920138889 0.03797743055555558 0.05741825810185186
14 0.6302083333333334 0.40460431134259256 0.0361689814814814 0.06329571759259262
14 0.6672815393518519 0.40460431134259256 0.0361689814814814 0.06329571759259262
14 0.7061631944444444 0.41364655671296297 0.03888165509259267 0.07776331018518523
19 0.4789767795138889 0.49593098958333337 0.03481264467592593 0.056966145833333315
19 0.5126591435185186 0.4963831018518519 0.03345630787037035 0.05696614583333337
18 0.5472457320601852 0.49502676504629634 0.03300419560185186 0.05696614583333337
18 0.5825104890046297 0.49457465277777785 0.03300419560185186 0.05696614583333337
18 0.6164189091435185 0.49638310185185197 0.03300419560185186 0.05696614583333348
18 0.6521357783564815 0.4963831018518519 0.03300419560185186 0.05696614583333337
18 0.6874005353009259 0.49615704571759256 0.03571686921296302 0.056514033564814825
16 0.4428077980324074 0.4945746527777778 0.03300419560185186 0.059678819444444475
16 0.4079951533564815 0.4941225405092593 0.034812644675925875 0.057870370370370516
16 0.371826171875 0.49367042824074087 0.034812644675925875 0.057870370370370794
16 0.3345269097222222 0.5020345052083333 0.035264756944444475 0.07369429976851871
25 0.3424388744212963 0.5764069733796297 0.03300419560185186 0.05334924768518512
25 0.3758951822916667 0.5782154224537037 0.03300419560185186 0.05334924768518512
25 0.41025571469907407 0.5786675347222222 0.03300419560185186 0.05334924768518512
25 0.44258174189814814 0.578441478587963 0.03164785879629628 0.05380135995370361
25 0.5395598234953705 0.5775372540509259 0.02938729745370372 0.05108868634259256
25 0.5083640769675926 0.5779893663194444 0.031195746527777846 0.05108868634259267
25 0.4749077690972222 0.5786675347222222 0.03300419560185186 0.05334924768518512
25 0.6033076533564815 0.5773111979166666 0.03300419560185186 0.05334924768518512
25 0.5709816261574074 0.5770851417824074 0.03164785879629628 0.05380135995370361
25 0.6367639612268519 0.5766330295138888 0.03119574652777779 0.05108868634259267
25 0.6679597077546298 0.5761809172453703 0.02938729745370372 0.05108868634259256
25 0.35170717592592593 0.6530400028935186 0.03345630787037035 0.05199291087962965
26 0.3847113715277778 0.6537181712962963 0.03345630787037035 0.04973234953703709
26 0.41703739872685186 0.653492115162037 0.02938729745370372 0.04656756365740755
26 0.4473289207175926 0.6548484519675926 0.02938729745370372 0.04656756365740755
26 0.4785246672453704 0.6548484519675926 0.03209997106481488 0.04656756365740744
26 0.5101725260416667 0.6571090133101851 0.02938729745370372 0.04656756365740755
26 0.540916160300926 0.6557526765046295 0.02938729745370372 0.04656756365740755
26 0.5703034577546298 0.653492115162037 0.02938729745370372 0.04656756365740755
28 0.43512188946759256 0.742332175925926 0.03571686921296291 0.08138020833333337
28 0.39850079571759256 0.7427842881944444 0.03571686921296291 0.08138020833333337
32 0.3584888599537037 0.7421061197916667 0.04159432870370372 0.08544921875
29 0.49367042824074076 0.882713035300926 0.04249855324074081 0.1469364872685185
29 0.5395598234953705 0.8829390914351853 0.04837601273148151 0.1464843749999999
29 0.5879358362268519 0.8815827546296297 0.04747178819444453 0.14377170138888884
29 0.6372160734953705 0.8820348668981481 0.04837601273148151 0.1464843749999999
51 0.624712775735294 0.7448084214154411 0.025850183823529438 0.07216509650735303
33 0.6010167738970589 0.6534352022058822 0.02944048713235292 0.05026424632352933
33 0.632790958180147 0.6537942325367647 0.030517578125 0.048828125
34 0.6624109604779411 0.6527171415441175 0.028004365808823595 0.052418428308823484
52 0.6532556870404411 0.7439108455882353 0.03123563878676472 0.07467830882352933
