14 0.2669500721355015 0.3109700717577526 0.08169499904109906 0.17901527049723376
14 0.35154546221614513 0.3078600001017016 0.08376369513292714 0.17528318450997257
16 0.4345540056378034 0.2882104244222327 0.07810482656223094 0.16360237750688586
16 0.5142563868613139 0.2975593065693431 0.06914347627737222 0.16751254562043796
17 0.5944485629562044 0.300054174270073 0.07413321167883202 0.16679972627737227
17 0.6660869069343066 0.2957772582116789 0.06629219890510951 0.1667997262773723
17 0.7345175638686132 0.2900747034671533 0.06486656021897808 0.16394844890510948
17 0.8040174498175183 0.28579778740875916 0.06985629562043794 0.15967153284671534
25 0.3923313623802827 0.5243005562351806 0.06208111648031056 0.1431472908143102
25 0.45760427502731416 0.5233970463672184 0.0648869913466456 0.14229826395346135
25 0.3028203219437212 0.49670264300699707 0.06717527764540426 0.12278426690571392
25 0.23160081608280259 0.4977718720215957 0.06779956210191088 0.12492272493491113
