41 0.3391073258196721 0.25746029713114754 0.06563780737704927 0.08644979508196718
41 0.40874743852459017 0.2606621413934426 0.06403688524590168 0.08644979508196718
41 0.34791239754098363 0.40234375 0.04802766393442626 0.05923411885245905
41 0.35111424180327866 0.47918801229508196 0.06723872950819665 0.07524334016393441
41 0.3487128586065574 0.6096631659836065 0.059234118852459106 0.06723872950819676
41 0.3503137807377049 0.6889088114754098 0.059234118852458995 0.07524334016393441
41 0.41915343237704916 0.6120645491803278 0.05603227459016402 0.06883965163934425
41 0.41915343237704916 0.6833055840163934 0.06243596311475419 0.06723872950819665
41 0.48319031762295084 0.6769018954918032 0.059234118852458995 0.06403688524590168
41 0.48319031762295084 0.6032594774590163 0.05283043032786883 0.07364241803278693
41 0.5456262807377049 0.600858094262295 0.05603227459016402 0.07524334016393441
41 0.5464267418032787 0.6737000512295082 0.05763319672131151 0.07044057377049184
41 0.6096631659836066 0.5992571721311475 0.05283043032786883 0.07204149590163933
41 0.47838755122950816 0.2638639856557377 0.059234118852458995 0.08004610655737701
41 0.5464267418032787 0.26466444672131145 0.06083504098360659 0.07524334016393441
41 0.6056608606557377 0.26786629098360654 0.054431352459016424 0.08164702868852458
41 0.6648949795081966 0.266265368852459 0.048027663934426146 0.06883965163934425
41 0.4135502049180328 0.40314421106557374 0.054431352459016424 0.07364241803278693
41 0.4207543545081967 0.48158939549180324 0.06243596311475408 0.06723872950819665
41 0.4831903176229508 0.47598616803278687 0.05603227459016391 0.06883965163934425
41 0.48158939549180324 0.4015432889344262 0.059234118852458995 0.07364241803278693
41 0.5464267418032787 0.4047451331967213 0.054431352459016424 0.07364241803278693
41 0.5448258196721312 0.4759861680327868 0.05763319672131151 0.0656378073770491
41 0.608062243852459 0.4055455942622951 0.05283043032786883 0.0688396516393443
41 0.6056608606557377 0.4751857069672131 0.0576331967213114 0.06403688524590162
41 0.6632940573770492 0.47118340163934425 0.05763319672131151 0.06883965163934419
41 0.6640945184426229 0.40234375 0.059234118852458995 0.0688396516393443
41 0.6104636270491803 0.6704982069672131 0.05122950819672134 0.05763319672131151
41 0.6624935963114753 0.6616931352459017 0.052830430327868716 0.06243596311475408
41 0.6624935963114753 0.5936539446721312 0.04962858606557374 0.06403688524590156
43 0.3487128586065574 0.8081775102459017 0.05283043032786894 0.04802766393442626
43 0.412749743852459 0.8041752049180327 0.059234118852458995 0.04642674180327866
43 0.41355020491803274 0.8546042520491803 0.05763319672131151 0.05122950819672134
43 0.41515112704918034 0.901030993852459 0.06083504098360648 0.04162397540983609
43 0.3527151639344262 0.8570056352459017 0.054431352459016424 0.03682120901639341
43 0.35271516393442626 0.9034323770491803 0.05763319672131151 0.04642674180327866
44 0.47598616803278687 0.7977715163934427 0.04802766393442626 0.04962858606557374
44 0.5360207479508197 0.7905673668032787 0.05283043032786883 0.04802766393442626
44 0.59765625 0.7833632172131147 0.05443135245901631 0.04642674180327866
44 0.6512871413934427 0.7769595286885246 0.05283043032786894 0.05603227459016402
44 0.47518570696721313 0.8401959528688524 0.04962858606557374 0.038422131147541005
44 0.47438524590163933 0.8882236168032787 0.05122950819672134 0.04162397540983609
44 0.5368212090163934 0.8786180840163934 0.05763319672131151 0.04482581967213117
44 0.5352202868852459 0.834592725409836 0.05122950819672134 0.033619364754098435
44 0.5968557889344261 0.869813012295082 0.04962858606557374 0.043224897540983576
44 0.5960553278688525 0.8273885758196722 0.054431352459016424 0.03522028688524592
44 0.6520876024590163 0.862608862704918 0.0576331967213114 0.04162397540983609
44 0.6536885245901639 0.8217853483606556 0.05443135245901631 0.03682120901639341
