17 0.2696575209599732 0.08577088270142179 0.06496887395683082 0.158749259478673
15 0.32958984375 0.08916440217391304 0.054135529891304324 0.15709918478260868
15 0.3847868546195652 0.09553328804347826 0.05625849184782611 0.14966881793478262
14 0.4391877547554348 0.09951384171195651 0.04935886548913043 0.14595363451086957
16 0.49040421195652173 0.10269828464673914 0.05201256793478254 0.14701511548913043
16 0.5434782608695652 0.10986328125 0.052012567934782594 0.146484375
16 0.5954908288043478 0.11331309442934782 0.048828125 0.14170771059782608
16 0.6416652513586956 0.11649753736413043 0.043520720108695676 0.13640030570652173
16 0.6881050441576086 0.11888586956521738 0.04829738451086962 0.1326851222826087
16 0.2876613451086956 0.24785580842391303 0.05307404891304346 0.12950067934782605
16 0.341796875 0.24865191915760868 0.053074048913043514 0.12790845788043476
16 0.39434018342391297 0.2507748811141304 0.048828125000000056 0.12578549592391303
16 0.44316830842391297 0.2534285835597826 0.048828125000000056 0.12578549592391303
16 0.49252717391304346 0.2566130264945652 0.04670516304347827 0.12472401494565222
16 0.5416206691576086 0.25900135869565216 0.04723590353260865 0.11994735054347827
16 0.5880604619565217 0.2592667289402174 0.045643682065217406 0.11835512907608697
16 0.6321119225543478 0.26059358016304346 0.04245923913043481 0.1188858695652174
16 0.6748365319293478 0.2597974694293478 0.04298997961956519 0.11410920516304351
16 0.29813478943391913 0.3861831485232121 0.04990448655272245 0.10836530342086553
19 0.3475010952102804 0.38400810455607476 0.047915449766355145 0.10450131425233644
19 0.3940475321261682 0.38469261098130836 0.04426474883177567 0.10678300233644861
19 0.4380841121495327 0.38377993574766356 0.0419830607476635 0.10678300233644861
19 0.480523510514019 0.38377993574766356 0.041983060747664114 0.10678300233644861
19 0.5243319217289719 0.3830954293224299 0.04198306074766356 0.1054139894859813
19 0.5633487879672897 0.38149824766355134 0.03605067172897192 0.10130695093457948
19 0.6037346670560747 0.3799010660046729 0.04380841121495327 0.0981125876168224
19 0.6450332213785046 0.3794447283878504 0.03605067172897192 0.09628723714953269
25 0.29274058119158874 0.5104136244158879 0.042439398364486014 0.09446188668224298
25 0.3374616676401869 0.5081319363317757 0.043352073598130814 0.09354921144859807
25 0.3819545852803738 0.5065347546728971 0.04380841121495327 0.09309287383177567
25 0.4262193341121495 0.5035685601635516 0.041070385514018704 0.09263653621495355
25 0.4684305636682242 0.4996896904205608 0.03787602219626168 0.08852949766355139
25 0.5090446115654206 0.49695166471962615 0.03970137266355139 0.08852949766355139
25 0.5494304906542056 0.4917037821261682 0.03650700934579443 0.08716048481308414
25 0.5875346816588785 0.491475613317757 0.03696334696261694 0.08579147196261677
26 0.6233571845794392 0.48805308119158874 0.034681658878504606 0.08442245911214957
28 0.46592070677570085 0.8378358644859811 0.041070385514018704 0.11956045560747663
28 0.424622152453271 0.8446809287383177 0.03878869742990654 0.11864778037383172
29 0.3796728971962616 0.8131936331775701 0.050197137850467255 0.1651942172897196
29 0.32468421436915884 0.8152471524532711 0.055216851635513986 0.17021393107476634
