3 0.39556594122023814 0.20810081845238096 0.05405970982142855 0.18717447916666669
1 0.45136951264880953 0.20926339285714285 0.0575474330357143 0.18949962797619047
2 0.5097888764880952 0.21071661086309518 0.05929129464285715 0.19008091517857129
0 0.5696614583333334 0.21100725446428573 0.05812872023809512 0.18949962797619052
13 0.6859188988095238 0.2554757254464286 0.06859188988095233 0.15404110863095238
17 0.39609829215116277 0.37054869186046513 0.03889216933139533 0.06103515625
17 0.4334290970203488 0.3702648074127907 0.03463390261627913 0.06160292514534882
17 0.46863076853197677 0.37097451853197677 0.03406613372093026 0.060751271802325535
17 0.5035485555959303 0.37338753633720934 0.03576944040697683 0.05819631177325579
15 0.5398857648982558 0.37211005632267447 0.03349836482558133 0.06131904069767441
15 0.5740938408430233 0.37338753633720934 0.0343500181686045 0.061035156249999944
15 0.6087277434593024 0.37338753633720934 0.0343500181686045 0.061035156249999944
15 0.6439294149709304 0.3728197674418605 0.0343500181686045 0.061035156249999944
15 0.6785633175872094 0.3728197674418605 0.0343500181686045 0.061035156249999944
14 0.3977314407276995 0.458709286971831 0.03667840375586856 0.054559125586854496
14 0.4341806044600939 0.4589385269953052 0.03438600352112681 0.05685152582159625
14 0.46673268779342725 0.45916776701877937 0.03071816314553988 0.05731000586854462
14 0.4987116710680751 0.45905314700704225 0.032322843309859184 0.057080765845070436
16 0.5322953345070423 0.4595116270539906 0.03301056338028163 0.05753924589201875
16 0.5662228579812207 0.459970107100939 0.03301056338028163 0.05753924589201875
16 0.600150381455399 0.4597408670774648 0.03301056338028163 0.05753924589201875
16 0.6343071449530517 0.4601993471244132 0.03301056338028163 0.05753924589201875
16 0.6675469483568075 0.46111630721830993 0.03301056338028163 0.05753924589201875
16 0.40346420469935007 0.5451486462847599 0.03301056338028163 0.05753924589201864
16 0.4364483173076923 0.5427486795774648 0.030799278846153855 0.052573554306608816
16 0.4681865985576923 0.5426340595657276 0.03117487980769229 0.051300390483929315
16 0.50048828125 0.5422584586041891 0.031174879807692457 0.051300390483929315
19 0.5320387620192308 0.5434945913461537 0.031926081730769273 0.051081730769230727
19 0.5635892427884615 0.5438701923076923 0.031926081730769273 0.051081730769230727
19 0.5962665264423077 0.5438701923076923 0.031926081730769273 0.051081730769230727
19 0.6280048076923077 0.5442457932692307 0.031550480769230727 0.05258413461538458
19 0.6595552884615383 0.543682391826923 0.030048076923076983 0.04995492788461542
18 0.40564903846153844 0.6199293870192308 0.030048076923076927 0.052208533653846145
18 0.43738731971153844 0.61767578125 0.03192608173076922 0.04845252403846145
18 0.4693134014423077 0.6182391826923077 0.030423677884615363 0.04807692307692302
18 0.499737079326923 0.6197415865384615 0.030423677884615252 0.04807692307692302
18 0.5309119591346152 0.6201171875 0.030423677884615308 0.04807692307692302
18 0.5618990384615384 0.6199293870192307 0.029296875 0.04995492788461542
25 0.5917593149038461 0.6203049879807692 0.03042367788461542 0.04995492788461531
25 0.6233097956730769 0.6206805889423077 0.03042367788461542 0.04995492788461531
25 0.6541090745192308 0.6197415865384615 0.029672475961538436 0.050330528846153744
24 0.40320763221153844 0.693359375 0.03117487980769229 0.0458233173076924
24 0.43325570913461536 0.6916691706730769 0.028921274038461564 0.04319411057692313
24 0.463115985576923 0.6916691706730769 0.029296875000000056 0.042442908653846145
24 0.49278846153846156 0.6926081730769231 0.030048076923076927 0.040564903846153855
24 0.5232121394230769 0.6920447716346154 0.02929687500000011 0.042442908653846145
26 0.5538236177884615 0.6892277644230769 0.028921274038461675 0.047325721153846145
26 0.5840594951923076 0.6884765625 0.030048076923077094 0.04582331730769229
59 0.5827448918269231 0.8554311899038461 0.022911658653846145 0.07624699519230771
47 0.5572040264423077 0.86181640625 0.02741887019230771 0.05671574519230771
56 0.5303485576923077 0.8640700120192307 0.024789663461538436 0.05972055288461542
28 0.5003004807692308 0.8546799879807692 0.031550480769230727 0.10404146634615385
32 0.4633568601066053 0.854855540604097 0.04029545098244147 0.10369036109949836
29 0.4163536658653846 0.8298903245192307 0.045447716346153855 0.1611328125
55 0.6076978600543479 0.8542268172554348 0.02441406249999989 0.07589588994565222
52 0.6339695142663043 0.8489194123641304 0.028129245923913082 0.08014181385869568
33 0.6132706351902173 0.6878396739130435 0.027067764945652217 0.047766644021739135
33 0.6424613620923911 0.6878396739130435 0.027067764945652217 0.047766644021739135
11 0.6230736301369864 0.21037564212328766 0.0508347602739726 0.19397474315068491
