25 0.30628842213114754 0.5456262807377049 0.04802766393442626 0.09285348360655732
25 0.3543160860655738 0.5424244364754098 0.04802766393442626 0.08965163934426235
25 0.40234375 0.5432248975409836 0.04482581967213117 0.09125256147540983
25 0.4479700307377049 0.5408235143442622 0.04322489754098369 0.08965163934426229
25 0.2902792008196721 0.3991419057377049 0.054431352459016424 0.11686731557377045
25 0.34391009221311475 0.3967405225409836 0.05283043032786883 0.11846823770491799
25 0.3943391393442623 0.3943391393442623 0.04802766393442626 0.10085809426229508
25 0.4431672643442623 0.3951396004098361 0.04962858606557374 0.09925717213114754
25 0.4943967725409836 0.3903368340163934 0.04642674180327866 0.09925717213114754
25 0.5400230532786885 0.3903368340163934 0.04162397540983609 0.09925717213114754
25 0.5880507172131147 0.3911372950819672 0.04162397540983598 0.09125256147540983
25 0.6344774590163934 0.3887359118852459 0.04482581967213117 0.09285348360655737
25 0.6809042008196722 0.3871349897540983 0.04482581967213117 0.09285348360655737
13 0.39594006147540983 0.824186731557377 0.08324795081967218 0.14408299180327877
13 0.4767866290983606 0.8153816598360656 0.07524334016393441 0.14248206967213117
2 0.32149718237704916 0.7945696721311475 0.06883965163934436 0.20331711065573776
16 0.45357325819672134 0.2598616803278688 0.05763319672131151 0.13607838114754098
16 0.5080046106557377 0.25665983606557374 0.04802766393442626 0.12327100409836064
16 0.5576331967213115 0.2590612192622951 0.05122950819672134 0.13127561475409835
16 0.5864497950819672 0.1934234118852459 0.0 0.0
16 0.6592917520491803 0.2598616803278688 0.04642674180327877 0.12327100409836064
16 0.7089203381147541 0.255859375 0.04962858606557363 0.12487192622950818
17 0.28467597336065575 0.25425845286885246 0.06563780737704916 0.13447745901639344
14 0.34391009221311475 0.255859375 0.059234118852458995 0.13127561475409835
19 0.3991419057377049 0.25665983606557374 0.048027663934426146 0.13607838114754098
26 0.4927958504098361 0.5392225922131147 0.04642674180327866 0.08965163934426235
26 0.538422131147541 0.5368212090163934 0.04162397540983609 0.0880507172131148
26 0.5832479508196722 0.538422131147541 0.04162397540983609 0.08484887295081972
26 0.6264728483606556 0.5336193647540983 0.04162397540983609 0.08484887295081966
26 0.6704982069672132 0.5336193647540983 0.0400230532786886 0.08484887295081966
29 0.548828125 0.7537461577868851 0.06883965163934436 0.24974385245901642
28 0.6040599385245902 0.7761590676229508 0.048027663934426146 0.14728483606557374
28 0.6528880635245902 0.7729572233606558 0.04642674180327877 0.156890368852459
16 0.6113441342213115 0.2566198130122951 0.05122950819672134 0.13127561475409835
