17 0.17154413661339857 0.3539032881634514 0.07663545865726076 0.11669523526730013
17 0.24769764072847683 0.349557636589404 0.07372723509933776 0.11317777317880795
14 0.3230417011589404 0.34858754139072845 0.07049358443708609 0.10606374172185434
14 0.3996792218543046 0.34535389072847683 0.07243377483443708 0.10606374172185429
14 0.4737298220198676 0.3443837955298013 0.07437396523178808 0.10929739238410596
16 0.5539243584437086 0.343737065397351 0.07696088576158944 0.10153663079470199
16 0.6315573046012692 0.3318981912634903 0.07054424496412792 0.12133399826772134
19 0.7178704470198676 0.33823985927152317 0.09183567880794696 0.10606374172185429
19 0.8077659354304636 0.334036113410596 0.08278145695364236 0.10929739238410596
25 0.2885567801339286 0.5414167131696429 0.05405970982142855 0.0688825334821428
25 0.3432704380580357 0.541416713169643 0.0518798828125 0.0714983258928571
25 0.39471435546875 0.5431605747767858 0.04839215959821436 0.06888253348214302
25 0.44615827287946425 0.5435965401785714 0.0510079520089286 0.0706263950892857
25 0.4991280691964286 0.5422886439732144 0.052315848214285865 0.0714983258928571
25 0.553623744419643 0.5409807477678572 0.05231584821428592 0.0714983258928571
25 0.6076834542410716 0.5392368861607142 0.05231584821428592 0.0714983258928571
25 0.67242431640625 0.5359671456473214 0.056239536830357206 0.07280622209821419
25 0.7314976283482143 0.5379289899553571 0.05841936383928581 0.07237025669642838
25 0.5497000558035714 0.6211983816964286 0.044468470982142905 0.047084263392857206
25 0.5052315848214285 0.6170567103794643 0.04446847098214274 0.0518798828125
25 0.51373291015625 0.6619611467633928 0.03618512834821436 0.0370570591517857
25 0.47493198939732134 0.6654488699776786 0.03618512834821419 0.0370570591517857
25 0.4651227678571429 0.6188005719866072 0.03836495535714285 0.0553676060267857
25 0.4197823660714286 0.6170567103794643 0.0479561941964286 0.05536760602678559
25 0.43569510323660704 0.6641409737723214 0.03618512834821419 0.0370570591517857
25 0.3744419642857143 0.6172746930803572 0.0401088169642857 0.053187779017856984
25 0.3982020786830356 0.664576939174107 0.03618512834821419 0.0370570591517857
25 0.3321533203125 0.6172746930803572 0.0401088169642857 0.053187779017856984
25 0.36027308872767844 0.6628330775669642 0.03618512834821419 0.0370570591517857
26 0.5529697963169644 0.6606532505580358 0.037928989955357095 0.037928989955357095
26 0.5939505440848214 0.6595633370535714 0.0361851283482143 0.0392368861607143
26 0.5943865094866072 0.6166207449776786 0.0370570591517857 0.0457763671875
26 0.6371111188616072 0.6591273716517858 0.037928989955357095 0.038364955357142905
26 0.6390729631696429 0.6161847795758929 0.0418526785714286 0.0449044363839286
26 0.6804896763392858 0.6569475446428572 0.0401088169642857 0.042724609375
26 0.6852852957589286 0.6122610909598214 0.0435965401785714 0.04664829799107151
13 0.3992919921875 0.7332414899553572 0.06888253348214285 0.0627790178571429
13 0.4655587332589286 0.7345493861607143 0.0653948102678571 0.0619070870535714
13 0.535313197544643 0.7352033342633929 0.06365094866071441 0.0640869140625
28 0.673828125 0.7436009457236842 0.04111842105263164 0.0830078125
29 0.6133069490131579 0.7356342516447367 0.06604646381578938 0.09688527960526316
