2 0.24865522540983603 0.48719262295081966 0.04802766393442626 0.12967469262295084
2 0.29428150614754095 0.48879354508196715 0.043224897540983576 0.12967469262295078
2 0.33510502049180324 0.48879354508196715 0.038422131147541005 0.12967469262295078
13 0.4591764856557377 0.5024013831967213 0.04962858606557374 0.09285348360655743
25 0.3190957991803279 0.384733606557377 0.028816598360655754 0.05923411885245905
25 0.34471055327868855 0.38393314549180324 0.022412909836065587 0.05763319672131151
25 0.3687243852459016 0.3831326844262295 0.022412909836065587 0.056032274590163966
25 0.3967405225409836 0.38393314549180324 0.027215676229508157 0.06083504098360659
25 0.42555712090163933 0.3823322233606557 0.024013831967213184 0.054431352459016424
28 0.2786812160326087 0.8460003396739131 0.029721467391304324 0.0764266304347826
