17 0.5116315136476426 0.3289198200992556 0.026413228908188535 0.06373100186104219
17 0.5115321611352357 0.3858173076923077 0.025613562344913188 0.04627403846153849
16 0.5390625 0.3311298076923077 0.027644230769230838 0.0625
16 0.5389122596153846 0.38626802884615385 0.02734375 0.04777644230769229
14 0.5665564903846154 0.33203125 0.026742788461538436 0.06490384615384615
14 0.5659555288461539 0.3879206730769231 0.02554086538461542 0.04567307692307698
19 0.5945012019230769 0.3342848557692308 0.0243389423076924 0.06340144230769229
18 0.6207932692307692 0.33413461538461536 0.025240384615384692 0.060096153846153855
19 0.59375 0.38912259615384615 0.025841346153846256 0.04567307692307693
18 0.6213942307692307 0.3907752403846154 0.02644230769230771 0.0453725961538462
25 0.6745793269230769 0.3359375 0.025240384615384692 0.0625
24 0.6992717760180996 0.3360789027149321 0.024639423076923128 0.0600961538461538
25 0.6714154411764706 0.38936121323529416 0.024356617647058876 0.04434742647058826
26 0.7227888150452488 0.33664451357466063 0.01956660067873306 0.059707296380090535
26 0.726111778846154 0.39393028846153844 0.028545673076923017 0.04326923076923078
23 0.644875919117647 0.3337545955882353 0.02182904411764708 0.0618106617647059
23 0.6463694852941176 0.3902803308823529 0.022518382352941124 0.0461856617647059
34 0.6981847426470589 0.3916590073529412 0.02550551470588236 0.04480698529411764
59 0.3459144129287599 0.6338586329155673 0.02499381596306066 0.07214709762532989
50 0.3229819426121372 0.6325702918865435 0.020355788258575203 0.0731777704485489
54 0.3000494722955145 0.6326991259894459 0.02447847955145116 0.07395077506596315
47 0.27131946734828494 0.6395273334432718 0.026797493403693917 0.05874835092348285
56 0.24439313984168864 0.6390119970316623 0.02550915237467019 0.060294360158311355
46 0.30970883200354604 0.7469110150709222 0.07029864804964542 0.06579676418439717
41 0.25430103058510634 0.7147052304964538 0.03843916223404251 0.04848182624113473
41 0.2539547318262411 0.7604166666666667 0.03705396719858153 0.04363364361702127
41 0.20755069813829785 0.7150515292553192 0.03843916223404251 0.04848182624113473
41 0.20824329565602837 0.761628712322695 0.03774656471631205 0.04397994237588654
8 0.330486757535461 0.8416237256205674 0.04328734485815605 0.11046930407801425
2 0.28737256205673756 0.8400653812056738 0.040170656028368834 0.1087378102836879
29 0.6760629507211539 0.8432053786057693 0.04632411858974361 0.1452323717948718
28 0.5932742387820513 0.7284905849358975 0.033491085737179516 0.09358723958333326
52 0.3181454284452297 0.5017253754416962 0.02553555653710249 0.08143772084805645
55 0.29157464664310956 0.4987922371908127 0.02553555653710249 0.08109264575971731
51 0.3715049342105263 0.6327278444272446 0.022977941176470618 0.07377128482972128
