17 0.39364975110619466 0.36556277654867253 0.02506222345132747 0.060495022123893794
15 0.41871197455752207 0.36037748893805305 0.023333794247787587 0.0449391592920354
15 0.44377419800884954 0.3595132743362831 0.023333794247787643 0.043210730088495575
15 0.47013274336283184 0.36080959623893805 0.029383296460176955 0.04407494469026546
15 0.49865182522123885 0.36037748893805305 0.029383296460176955 0.0449391592920354
16 0.527170907079646 0.361241703539823 0.025926438053097356 0.043210730088495575
16 0.5530973451327432 0.3599453816371681 0.025926438053097356 0.04234651548672563
16 0.5790237831858407 0.36037748893805305 0.027654867256637128 0.04148230088495575
16 0.605382328539823 0.3599453816371681 0.02506222345132747 0.03888965707964598
14 0.3953781803097345 0.44723105641592914 0.025062223451327414 0.04580337389380529
19 0.4204404037610619 0.4480952710176991 0.023333794247787587 0.04407494469026546
18 0.44507051991150437 0.44895948561946897 0.025926438053097356 0.04234651548672563
25 0.47142906526548667 0.4502558075221238 0.025062223451327414 0.043210730088495575
25 0.4960591814159292 0.44982370022123885 0.02419800884955753 0.04407494469026546
25 0.5206892975663716 0.45112002212389374 0.02506222345132736 0.0449391592920354
25 0.5422946626106194 0.45025580752212385 0.021605365044247815 0.0449391592920354
24 0.566492671460177 0.4506879148230088 0.02506222345132747 0.04580337389380529
24 0.5924191095132743 0.4519842367256637 0.02506222345132747 0.0449391592920354
26 0.46840431415929196 0.525874585176991 0.02419800884955753 0.044074944690265405
26 0.4921702157079646 0.5245782632743362 0.023333794247787643 0.04321073008849563
26 0.5159361172566371 0.5263066924778761 0.0224695796460177 0.04321073008849552
47 0.546183628318584 0.5215535121681415 0.0224695796460177 0.05098866150442477
47 0.5716779590707963 0.5232819413716814 0.026790652654867242 0.054445519911504425
56 0.5980365044247786 0.5224177267699115 0.024198008849557584 0.05963080752212396
52 0.3953781803097345 0.6161850110619469 0.023333794247787587 0.07777931415929207
54 0.4627869192477876 0.6140244745575221 0.023333794247787643 0.07172981194690264
54 0.48439228429203535 0.6131602599557522 0.019876935840707932 0.07000138274336287
51 0.507726078539823 0.6131602599557522 0.023333794247787643 0.07000138274336287
50 0.595443860619469 0.613592367256637 0.024198008849557473 0.07259402654867253
46 0.40790929203539816 0.6861863938053097 0.04666758849557523 0.039753871681415864
46 0.45803373893805305 0.6879148230088494 0.05012444690265483 0.0293832964601769
41 0.4035882190265486 0.8145222621681415 0.03975387168141592 0.057902378318584136
41 0.448527378318584 0.8145222621681415 0.039753871681415975 0.057902378318584136
41 0.40142768252212385 0.8663751382743362 0.037161227876106206 0.04580337389380529
41 0.4022918971238938 0.9117464048672566 0.03716122787610615 0.0449391592920354
41 0.44636684181415925 0.9100179756637168 0.04061808628318586 0.0518528761061946
41 0.4480952710176991 0.8646467090707963 0.04061808628318586 0.04061808628318586
41 0.49217021570796454 0.9048326880530972 0.035432798672566324 0.05012444690265494
41 0.5349488384955752 0.9069932245575221 0.03456858407079655 0.0527170907079646
41 0.5375414823008849 0.8603256360619469 0.03802544247787609 0.04753180309734517
41 0.575999032079646 0.9018079369469025 0.035432798672566435 0.04753180309734517
41 0.5794558904867255 0.8560045630530972 0.035432798672566324 0.044074944690265516
41 0.5798879977876106 0.809769081858407 0.039753871681415864 0.046667588495575174
41 0.4930344303097345 0.8594614214601769 0.038889657079646034 0.03888965707964598
41 0.4930344303097345 0.8136580475663716 0.038889657079646034 0.0527170907079646
41 0.5362451603982301 0.8119296183628317 0.04061808628318586 0.04926023230088494
34 0.44226526331018523 0.5262225115740742 0.02016420717592604 0.04701967592592593
34 0.41875542534722227 0.5262225115740742 0.02016420717592604 0.04701967592592593
33 0.39366319444444453 0.5231481481481481 0.020616319444444475 0.04593460648148151
