59 0.6701899509803921 0.1708984375 0.028722426470588314 0.07946537990196079
59 0.7013059129901961 0.1699410232843137 0.029679840686274606 0.07755055147058823
26 0.33940333946078427 0.544289981617647 0.027765012254901966 0.06414675245098034
26 0.37004059436274506 0.5423751531862745 0.027765012254901966 0.048828125
26 0.3968481924019608 0.5418964460784313 0.029679840686274495 0.04978553921568629
26 0.4246132046568627 0.5423751531862745 0.027765012254901966 0.05265778186274517
26 0.45285692401960786 0.5433325674019608 0.028722426470588258 0.05265778186274517
26 0.47966452205882354 0.5433325674019608 0.030637254901960786 0.050742953431372584
26 0.5074295343137255 0.5447686887254901 0.024892769607843146 0.051700367647058765
26 0.5366306678921569 0.5452473958333334 0.027765012254902022 0.048828125
26 0.5634382659313726 0.5462048100490196 0.02776501225490191 0.04691329656862753
25 0.3355736825980392 0.453335631127451 0.025850183823529438 0.05840226715686275
25 0.3633386948529412 0.45429304534313725 0.029679840686274495 0.056487438725490224
25 0.39301853553921573 0.4547717524509804 0.027765012254901966 0.05553002450980393
25 0.42078354779411764 0.4552504595588235 0.027765012254901966 0.05648743872549017
25 0.4485485600490196 0.4566865808823529 0.025850183823529438 0.05361519607843135
25 0.477749693627451 0.45716528799019607 0.026807598039215674 0.05457261029411764
25 0.5050359987745098 0.4590801164215686 0.025850183823529382 0.05457261029411764
25 0.5323223039215685 0.46051623774509803 0.030637254901960786 0.05553002450980393
25 0.5629595588235294 0.46051623774509803 0.02680759803921562 0.05361519607843135
24 0.5916819852941176 0.4609949448529412 0.02680759803921573 0.05457261029411764
24 0.6194469975490196 0.4600375306372549 0.028722426470588203 0.05457261029411764
24 0.6491268382352942 0.4609949448529411 0.02680759803921562 0.05840226715686275
24 0.6773705575980391 0.46817555147058826 0.029679840686274495 0.0689338235294118
19 0.3379672181372549 0.3733915441176471 0.030637254901960786 0.06893382352941174
19 0.36764705882352944 0.36764705882352944 0.028722426470588258 0.049785539215686236
19 0.39636948529411764 0.3671683517156863 0.02680759803921573 0.048828125
19 0.42413449754901955 0.3681257659313726 0.026807598039215674 0.05265778186274511
15 0.45285692401960786 0.36860447303921573 0.028722426470588258 0.05170036764705882
15 0.48014322916666663 0.37099800857843135 0.025850183823529382 0.048828125
15 0.5107804840686274 0.37195542279411764 0.027765012254901966 0.050742953431372584
15 0.5399816176470588 0.3724341299019608 0.024892769607843146 0.04978553921568629
16 0.5672679227941176 0.37291283700980393 0.027765012254902022 0.05265778186274511
16 0.5969477634803921 0.3738702512254902 0.029679840686274495 0.05265778186274511
16 0.6271063112745099 0.3743489583333333 0.028722426470588203 0.05361519607843135
16 0.6539139093137255 0.37482766544117646 0.022977941176470562 0.050742953431372584
16 0.680242800245098 0.3733915441176471 0.025850183823529327 0.05170036764705882
18 0.6395526960784313 0.2838733149509804 0.03446691176470584 0.056487438725490224
18 0.6711473651960784 0.28483072916666663 0.028722426470588314 0.05840226715686275
14 0.5136527267156863 0.2810010723039216 0.029679840686274495 0.056487438725490224
14 0.5433325674019607 0.2805223651960784 0.029679840686274495 0.05553002450980393
14 0.5749272365196079 0.28243719362745096 0.03159466911764708 0.05553002450980393
14 0.6065219056372548 0.2829159007352941 0.029679840686274495 0.05457261029411764
17 0.3293504901960784 0.279086243872549 0.030637254901960786 0.07180606617647062
17 0.36238128063725494 0.2709482230392157 0.03350949754901961 0.05553002450980393
17 0.3944546568627451 0.27334175857843135 0.030637254901960786 0.05457261029411761
17 0.42604932598039214 0.2757352941176471 0.030637254901960786 0.053615196078431376
17 0.4562078737745098 0.27717141544117646 0.027765012254901966 0.05457261029411764
17 0.48349417892156865 0.2786075367647059 0.028722426470588258 0.05553002450980393
56 0.4073797487745098 0.17041973039215685 0.02967984068627455 0.05935968137254902
56 0.44088924632352944 0.1699410232843137 0.03733915441176466 0.06606158088235295
47 0.34754136029411764 0.16898360906862744 0.02680759803921573 0.06989123774509803
47 0.3743489583333333 0.16802619485294118 0.030637254901960786 0.06606158088235295
51 0.5246629901960784 0.1646752450980392 0.030637254901960786 0.0785079656862745
51 0.5562576593137255 0.16611136642156862 0.024892769607843146 0.07755055147058826
52 0.49594056372549017 0.16515395220588236 0.02680759803921562 0.07755055147058823
54 0.5854587928921569 0.16659007352941174 0.029679840686274606 0.07850796568627452
50 0.6395526960784313 0.16898360906862744 0.02680759803921573 0.07563572303921567
41 0.5466835171568627 0.6519990808823529 0.04212622549019607 0.06127450980392157
41 0.5481196384803921 0.7060929840686274 0.04499846813725483 0.04499846813725494
41 0.5993412990196079 0.7056142769607843 0.045955882352941235 0.04787071078431371
41 0.5988625919117647 0.6519990808823529 0.04499846813725494 0.05935968137254899
41 0.6505629595588235 0.7056142769607843 0.048828125 0.04787071078431371
41 0.6553500306372548 0.6505629595588236 0.05074295343137247 0.056487438725490224
42 0.49498314950980393 0.6438610600490196 0.047870710784313764 0.04499846813725494
42 0.49498314950980393 0.6807215073529411 0.047870710784313764 0.03255208333333337
42 0.4935470281862745 0.7142310049019608 0.048828125 0.03446691176470584
27 0.3887101715686274 0.6898169424019608 0.06701899509803927 0.07180606617647056
13 0.33748851102941174 0.8870442708333333 0.05457261029411764 0.10627297794117652
12 0.3930185355392157 0.8856081495098039 0.05457261029411764 0.11106004901960786
3 0.44328278186274506 0.8559283088235294 0.044041053921568596 0.14935661764705876
2 0.5710975796568627 0.8592792585784315 0.04308363970588236 0.15222886029411764
2 0.613702512254902 0.8540134803921569 0.04212622549019607 0.14935661764705888
5 0.6582222732843137 0.8549708946078431 0.04499846813725483 0.1474417892156863
1 0.48684512867647056 0.8549708946078431 0.04116881127450983 0.15127144607843135
1 0.5284926470588236 0.8544921875 0.04212622549019607 0.15031403186274517
42 0.44615502450980393 0.6821576286764706 0.04212622549019612 0.0392539828431373
33 0.6772768862612613 0.5519073761261262 0.022874436936936915 0.06950309684684686
33 0.5936972128378378 0.5461887668918919 0.028153153153153143 0.05278716216216217
33 0.6517630912162162 0.5461887668918919 0.028153153153153143 0.05278716216216217
33 0.620090793918919 0.5461887668918919 0.028153153153153143 0.05278716216216217
