17 0.24960552647783255 0.1112992610837439 0.06350061576354676 0.11112607758620688
17 0.3123845443349754 0.1125019242610838 0.06013315886699505 0.11449353448275862
17 0.3708339747536946 0.11202085899014784 0.054841440886699455 0.11064501231527094
17 0.4275996767241379 0.11105872844827591 0.054841440886699455 0.11064501231527095
17 0.4831627155172414 0.1125019242610838 0.052436114532019684 0.11064501231527092
15 0.5377636237684729 0.11178032635467985 0.05387931034482751 0.1111260775862069
15 0.5930861299261083 0.1137045874384237 0.05387931034482751 0.11112607758620688
14 0.6491302339901478 0.11514778325123157 0.05436037561576357 0.10823968596059112
14 0.7051743380541873 0.1149072506157636 0.05195504926108374 0.11353140394088669
16 0.27654518165024633 0.2813558343596059 0.0509929187192118 0.11353140394088668
16 0.3323487530788177 0.2717345289408867 0.0558035714285714 0.09428879310344823
16 0.3864685960591133 0.27125346366995073 0.05243611453201974 0.09621305418719214
16 0.43938577586206895 0.2722155942118227 0.05243611453201974 0.09621305418719214
16 0.4930245535714286 0.2731777247536946 0.0558035714285714 0.09428879310344823
16 0.5464227986453203 0.2734182573891626 0.050992918719211855 0.09765625000000003
16 0.597896782635468 0.2746209205665025 0.04906865763546797 0.09621305418719209
16 0.6450411791871922 0.2734182573891626 0.050992918719211855 0.09765625000000003
16 0.6967556958128078 0.2753425184729064 0.049549722906404026 0.0947698583743842
19 0.2909771397783251 0.4186591240473092 0.05291717980295563 0.10535329433497537
25 0.341488993226601 0.42038369766009853 0.04714439655172409 0.10872075123152708
25 0.38911445504926107 0.42278902401477825 0.04714439655172409 0.10872075123152708
25 0.4355372536945813 0.42447275246305416 0.04377693965517243 0.11208820812807885
25 0.48027632389162556 0.4239916871921182 0.043776939655172376 0.11208820812807885
25 0.5266991225369457 0.425675415640394 0.04329587438423654 0.11064501231527096
33 0.5724003232758621 0.42495381773399016 0.0471443965517242 0.1072775554187192
34 0.6195447198275863 0.4242322198275862 0.045220135467980316 0.10583435960591131
26 0.6645980708738033 0.4251758338948787 0.0439244360825819 0.10779565363881399
25 0.35375615763546786 0.5562846366995075 0.04185267857142844 0.08899707512315258
25 0.3963304341133004 0.5570062346059114 0.041371613300492494 0.09140240147783252
25 0.4367399168719211 0.5579683651477833 0.039447352216748666 0.09140240147783252
25 0.4781115301724137 0.5567657019704433 0.043295874384236266 0.0880349445812808
25 0.5204452740147782 0.5555630387931034 0.041371613300492494 0.08755387931034497
25 0.30949815270935954 0.5586899630541872 0.04185267857142844 0.08899707512315258
25 0.5603736915024629 0.5579683651477833 0.039447352216748666 0.09140240147783252
25 0.6034290332512314 0.5558035714285714 0.03992841748768439 0.08611068349753703
25 0.6452817118226599 0.5548414408866995 0.03896628694581261 0.08611068349753703
3 0.33375110372711214 0.6926666410098522 0.06350061576354676 0.1664485837438423
2 0.39151978140394084 0.6929071736453203 0.05003078817733991 0.17462669334975367
13 0.4526184745765173 0.7240557868702946 0.06830446094548748 0.11040520581606106
59 0.5086591748768473 0.6505734298029557 0.03126924261083747 0.08611068349753703
25 0.5021647937192119 0.7467864839901478 0.034636699507389235 0.06205741995073888
25 0.5377636237684729 0.7472675492610839 0.034636699507389235 0.06205741995073888
25 0.572400323275862 0.745824353448276 0.034636699507389235 0.06205741995073888
24 0.6082396859605912 0.7453432881773399 0.03415563423645318 0.06590594211822653
24 0.6433574507389164 0.7477486145320196 0.03415563423645318 0.06590594211822653
55 0.6541814193349753 0.6517760929802956 0.03367456896551724 0.09044027093596063
54 0.6144935344827587 0.6510544950738917 0.03223137315270941 0.08995920566502458
52 0.5781731065270936 0.6517760929802956 0.03271243842364535 0.08947814039408863
55 0.6302471627727414 0.8268177366095608 0.03654962659260308 0.07239528594318212
28 0.6201529777486912 0.9108209260471204 0.036812827225130906 0.09867882853403143
28 0.5805232360713228 0.9087275341425466 0.03425638089005234 0.10532558900523559
29 0.5281209096858639 0.8711960078534031 0.051128926701570654 0.1625899869109948
29 0.4749468259162303 0.8722185863874345 0.0511289267015706 0.1625899869109948
29 0.4184493619109947 0.8701734293193718 0.054707951570680535 0.16156740837696337
29 0.36016238547120416 0.8704290739528796 0.05777568717277487 0.15594322643979064
