17 0.4951972336065574 0.32469902663934425 0.028816598360655754 0.054431352459016424
15 0.5246629901960784 0.32647824754901955 0.028722426470588314 0.05744485294117646
14 0.5543428308823529 0.32647824754901955 0.028722426470588314 0.05744485294117646
14 0.5821078431372548 0.32839307598039214 0.02680759803921562 0.06127450980392157
19 0.6117876838235294 0.32839307598039214 0.030637254901960786 0.059359681372549045
26 0.6424249387254901 0.3288717830882353 0.028722426470588203 0.0641467524509804
26 0.6304572610294117 0.41456035539215685 0.025850183823529327 0.06701899509803921
26 0.6429036458333333 0.4767922794117647 0.02776501225490191 0.051700367647058876
16 0.404507506127451 0.41073069852941174 0.027765012254901966 0.06127450980392157
16 0.43275122549019607 0.41025199142156865 0.028722426470588203 0.06606158088235298
16 0.4614736519607843 0.41168811274509803 0.030637254901960786 0.06510416666666663
16 0.4916321997549019 0.4121668198529411 0.027765012254901966 0.0641467524509804
16 0.5203546262254901 0.4121668198529412 0.02776501225490191 0.06606158088235292
16 0.4049862132352941 0.4834941789215686 0.030637254901960786 0.06701899509803921
16 0.43705958946078427 0.4758348651960784 0.03159466911764702 0.053615196078431404
16 0.46769684436274506 0.4763135723039216 0.027765012254901966 0.05265778186274517
16 0.49594056372549017 0.4772709865196078 0.030637254901960786 0.05265778186274506
16 0.5256204044117647 0.4767922794117647 0.02680759803921573 0.051700367647058876
23 0.5557789522058822 0.4763135723039216 0.029679840686274495 0.054572610294117585
25 0.5854587928921569 0.4767922794117647 0.025850183823529438 0.04978553921568629
25 0.6132238051470589 0.4763135723039216 0.025850183823529327 0.050742953431372584
25 0.5500344669117647 0.41264552696078427 0.025850183823529438 0.06510416666666669
25 0.5763633578431373 0.4150390625 0.02680759803921562 0.0679764093137255
25 0.6017348345588236 0.4150390625 0.02776501225490191 0.06606158088235292
56 0.43610217524509803 0.6146599264705883 0.03159466911764708 0.06510416666666663
47 0.4662607230392157 0.6151386335784313 0.028722426470588203 0.06031709558823528
13 0.41839001225490197 0.8616727941176471 0.04978553921568629 0.09765625
54 0.6165747549019608 0.6084367340686274 0.02680759803921573 0.07563572303921573
52 0.5323223039215685 0.6074793198529411 0.028722426470588203 0.0775505514705882
51 0.5629595588235294 0.6074793198529411 0.028722426470588203 0.0775505514705882
