28 0.8390913872792495 0.5392371171357616 0.05489014210816778 0.1865471509381899
25 0.7865845554338344 0.4812311170291867 0.0442990777550859 0.09817518316016971
25 0.7841602855960266 0.5797935637417219 0.03815707781456945 0.09636278973509937
25 0.7427695571192053 0.4834307740066226 0.03815707781456945 0.09636278973509943
25 0.7447097475165564 0.5794701986754967 0.03945053807947008 0.09183567880794707
16 0.7038302069288576 0.4879869297002023 0.03788599332791376 0.08595701808303918
16 0.7049358443708609 0.576236548013245 0.03492342715231789 0.08924875827814571
16 0.666132036423841 0.49022144039735094 0.03492342715231789 0.08666183774834435
16 0.6687189569536424 0.5768832781456954 0.03362996688741715 0.08795529801324509
29 0.5806051587301587 0.07604786706349206 0.06820436507936489 0.1457093253968254
