16 0.35514322916666663 0.6311848958333333 0.057942708333333315 0.14127604166666663
16 0.4329427083333333 0.6370442708333333 0.04296875 0.13736979166666663
16 0.482421875 0.6302083333333334 0.05338541666666674 0.14453125
16 0.5436197916666667 0.6217447916666667 0.06249999999999989 0.14973958333333337
16 0.6201171875 0.6158854166666666 0.068359375 0.15494791666666674
25 0.3505859375 0.7861328125 0.06575520833333337 0.16731770833333326
25 0.42415364583333337 0.8020833333333333 0.039713541666666685 0.1718749999999999
25 0.47265625 0.7998046875 0.055989583333333315 0.17643229166666663
25 0.53125 0.7965494791666665 0.05598958333333348 0.17643229166666663
25 0.6266276041666666 0.7858072916666666 0.064453125 0.17317708333333326
