25 0.5434412016832918 0.40645456670822944 0.02021313902743138 0.04724516832917708
25 0.5615843204488777 0.40560220542394015 0.01704722568578554 0.04700163653366585
25 0.5788750779301746 0.4053586736284289 0.01704722568578554 0.04700163653366585
25 0.595678771820449 0.40535867362842887 0.01704722568578554 0.04700163653366585
16 0.3152845888981636 0.47065421535893154 0.016303213689482454 0.030323977462437424
17 0.3307726419031719 0.47089876356427374 0.013368635225375625 0.030813073873121877
26 0.3451841320204282 0.4710429588799463 0.014217503905721185 0.029145078861729068
14 0.36199329611853087 0.47187695638564275 0.017444438647746252 0.0327694595158598
19 0.3950616111664148 0.4719136386164441 0.016411828342846213 0.03171790223288806
2 0.3278791196555819 0.6826658996437055 0.01971682007125891 0.09232111045130642
0 0.34968360302850354 0.6848695442399051 0.02110859560570072 0.08837774643705465
44 0.5988827776344052 0.7135797907282282 0.04403614226205366 0.016569303678678704
