17 0.3216198336693548 0.26688508064516125 0.0669417842741935 0.13073336693548382
17 0.38423009072580644 0.26767263104838707 0.05827872983870963 0.126008064516129
15 0.44172127016129026 0.2696415070564516 0.053553427419354815 0.12364541330645157
16 0.495668472782258 0.26806640625 0.052765877016129004 0.1283707157258064
25 0.5507970010080645 0.2692477318548387 0.05434097782258074 0.126008064516129
25 0.6051379788306451 0.2684601814516129 0.052765877016129004 0.12600806451612898
25 0.6555412046370968 0.26688508064516125 0.048040574596774244 0.12758316532258063
25 0.7067319808467742 0.26609753024193544 0.048040574596774244 0.12758316532258063
25 0.7608038789482527 0.26427960139448925 0.055377919186827884 0.12019331737231179
25 0.7106697328629032 0.39683089717741926 0.04646547379032262 0.07875504032258068
17 0.3237446979215365 0.40234375 0.05512852822580644 0.08505544354838707
14 0.3771421370967742 0.4027375252016129 0.050403225806451624 0.07796748991935487
14 0.42805708043575663 0.4019975321898862 0.04670135845215834 0.07806260470235321
14 0.4759797127016129 0.3984059979838709 0.044890372983870996 0.07717993951612906
19 0.5232327368951613 0.3968308971774193 0.04646547379032251 0.07875504032258063
16 0.568910660282258 0.39958732358870963 0.044890372983870996 0.07639238911290319
16 0.6145885836693548 0.3964371219758064 0.044890372983870996 0.07639238911290319
16 0.6618416078629031 0.39722467237903225 0.044890372983870996 0.07639238911290319
59 0.35075919858870963 0.5338646673387096 0.04331527217741932 0.12128276209677419
59 0.3959777175739247 0.5339740493391576 0.044234080981182755 0.11948889728942647
59 0.4404524389560932 0.5347032626754779 0.04314026097670248 0.12275577303614088
59 0.48417607060185186 0.5336896561379928 0.039785879629629706 0.12163278449820775
59 0.5247859613015233 0.533405262936828 0.03813785748954612 0.12196822263291529
54 0.6043514701607571 0.5280528370482377 0.03982963242980897 0.12030561622610508
52 0.6444717461917562 0.5244140625 0.037802419354838634 0.11340725806451607
51 0.6886547822393967 0.5236046356966846 0.04496329431750301 0.1150261116711469
24 0.3527280745967742 0.6267956149193548 0.047253024193548376 0.06615423387096764
24 0.39958732358870963 0.6267956149193548 0.041740171370967694 0.05670362903225812
24 0.442902595766129 0.6283707157258064 0.04016507056451607 0.06457913306451624
24 0.48267389112903225 0.6279769405241935 0.03622731854838701 0.06379158266129037
24 0.520476310483871 0.6264018397177418 0.0362273185483869 0.06379158266129037
24 0.5592070501207729 0.626668161110137 0.04010039251207731 0.06274912463962912
24 0.6004637213448327 0.6236089526396356 0.03869205962514943 0.0629311109244326
24 0.6386088709677418 0.6208889868951613 0.0362273185483869 0.06379158266129037
24 0.6766471749844163 0.6189296223653965 0.03827418867851029 0.06613521091436803
25 0.3539094002016129 0.7161825856854839 0.040165070564516125 0.052765877016129004
25 0.3913180443548387 0.7197265625 0.0346522177419355 0.055128528225806495
25 0.4275453629032258 0.715788810483871 0.0346522177419355 0.055128528225806495
25 0.4621975806451613 0.7142137096774194 0.0346522177419355 0.055128528225806495
25 0.4976373487903228 0.7150012600806451 0.03465221774193583 0.055128528225806495
25 0.5315020161290325 0.7150012600806451 0.03465221774193594 0.055128528225806495
25 0.564579133064516 0.711851058467742 0.029926915322580627 0.047253024193548376
25 0.5968686995967742 0.7106697328629032 0.033077116935483875 0.04646547379032251
25 0.6307333669354838 0.711851058467742 0.029926915322580627 0.047253024193548376
56 0.6116071428571429 0.8302437918526786 0.032261439732142794 0.0684465680803572
47 0.6087491474454365 0.8882271902901786 0.0331333705357143 0.0466482979910714
6 0.5675907841435186 0.8630219313202712 0.04475911458333337 0.11669340587797628
5 0.5177068673196972 0.8640640135402629 0.04796259201154918 0.12360030428739888
1 0.4699183872767858 0.8662109375 0.046212332589285754 0.1299176897321429
0 0.4215262276785714 0.8703526088169643 0.04795619419642855 0.1268659319196428
2 0.3709542410714286 0.8758021763392857 0.04970005580357145 0.12642996651785698
