25 0.5100265688259109 0.6683720268218623 0.027675860323886692 0.0739340840080972
25 0.5400746457489878 0.6671859185222673 0.027675860323886692 0.0739340840080972
25 0.569331983805668 0.6671859185222672 0.02609438259109309 0.07314334514170029
25 0.5970078441295547 0.6683720268218624 0.02609438259109309 0.07314334514170029
25 0.624288335020243 0.669162765688259 0.02609438259109309 0.07314334514170029
25 0.6523595647773279 0.669162765688259 0.02609438259109309 0.07314334514170029
25 0.6792446862348178 0.6695581351214573 0.02609438259109309 0.07314334514170029
25 0.7049436993927125 0.666988233805668 0.0237221659919028 0.07037575910931171
25 0.7298519736842106 0.6658021255060728 0.0237221659919028 0.07037575910931171
25 0.7294566042510121 0.7393408400809716 0.02372216599190291 0.06563132591093124
25 0.7049436993927125 0.7405269483805668 0.02451290485829949 0.06563132591093113
25 0.6782562626518218 0.7425037955465587 0.02490827429149789 0.06721280364372473
25 0.6517665106275303 0.7432945344129555 0.02569901315789469 0.06958502024291491
25 0.6247190696061364 0.7429560601510916 0.027605130018496404 0.07263418536583266
25 0.5970337025207726 0.7437467990174884 0.026936838239925764 0.07421566309862626
25 0.5696592624578392 0.7432228086937163 0.027539678761832276 0.07289142714698016
25 0.5394815915991902 0.7450736968623481 0.02807122975708498 0.07788777834008087
25 0.5098288841093117 0.7460621204453441 0.028071229757085092 0.07749240890688258
25 0.7588682012013008 0.7368435311857038 0.02427179431870974 0.06960187205482171
16 0.7597976434426229 0.663422131147541 0.026255122950819665 0.06915983606557374
