17 0.2437452555668016 0.23880313765182182 0.04783970141700403 0.10674974696356274
17 0.2909919028340081 0.24157072368421048 0.04586285425101211 0.10754048582995951
17 0.33823855010121456 0.24611747216599186 0.04546748481781371 0.1103080718623482
15 0.3815956055458877 0.24696305683006503 0.04195911473760855 0.1062446859350116
14 0.42482445597165985 0.24848968876518218 0.04388600708502027 0.10793585526315788
14 0.4702919407894737 0.2508619053643724 0.04388600708502027 0.10793585526315783
16 0.5161547950404858 0.25244338309716596 0.045467484817813764 0.10556363866396762
16 0.5618199645748987 0.25422254554655865 0.04428137651821862 0.10674974696356271
16 0.6072874493927125 0.25422254554655865 0.04428137651821862 0.10674974696356271
19 0.26011090039577833 0.3544174637203166 0.04509193601583111 0.09147221306068604
19 0.3031414907651715 0.3541597955145118 0.0414845811345646 0.09095687664907653
19 0.3453520612284135 0.35537303419918964 0.04106327530042886 0.08977599913716566
19 0.38717918232377546 0.35624861762839344 0.04140886820205325 0.08895048393752586
18 0.428927537545799 0.35714801399604845 0.03881997438069751 0.09177994949605472
18 0.4690822576560917 0.35910433847803525 0.04044902360602226 0.0915699071671523
25 0.511337401055409 0.36253401220316617 0.040969244722955156 0.08915319920844328
25 0.5521778116754618 0.36356468502638517 0.0391655672823219 0.08915319920844328
25 0.5922452176781003 0.3651106942612137 0.03993857189973615 0.08966853562005278
25 0.3196464053468208 0.46189712789017345 0.0389496026011561 0.07846369219653182
25 0.35916049494219654 0.4630261018786127 0.0389496026011561 0.07846369219653176
25 0.39726336705202314 0.4638728323699422 0.03499819364161849 0.07789920520231208
25 0.43564848265895956 0.4650018063583815 0.03838511560693636 0.07677023121387289
25 0.4762915462427746 0.4647195628612717 0.040643063583814976 0.07394779624277459
25 0.5132654443641619 0.4664130238439307 0.034433706647398754 0.0750767702312139
25 0.5508038294797688 0.4666952673410405 0.03838511560693636 0.07451228323699427
25 0.5891889450867052 0.46641302384393063 0.036127167630057744 0.07168984826589597
25 0.32726697976878616 0.5508038294797688 0.03386921965317918 0.0643515173410405
25 0.3628296604046243 0.5510860729768786 0.03499819364161849 0.06604497832369938
25 0.3989568280346821 0.5524972904624277 0.032740245664739875 0.06435151734104061
25 0.43254380419075145 0.551932803468208 0.031046784682080886 0.06660946531791911
25 0.4672597543352601 0.5516505599710982 0.034998193641618436 0.06491600433526012
25 0.2904783457438429 0.5526343992702655 0.03684013343081388 0.06315164806659723
25 0.534151463150289 0.5508038294797688 0.031046784682080886 0.06660946531791911
25 0.5005644869942196 0.5513683164739884 0.032740245664739875 0.06435151734104061
25 0.5688674132947977 0.5505215859826589 0.03499819364161838 0.06491600433526012
24 0.5019757044797688 0.6447909140173411 0.03104678468208094 0.0547552384393063
24 0.534151463150289 0.6439441835260116 0.03217575867052025 0.05419075144508667
24 0.5674561958092486 0.643379696531792 0.03217575867052025 0.05419075144508667
47 0.4704200634057971 0.6435122282608696 0.028306159420289856 0.06425498188405798
47 0.4411538670467873 0.6315962350517299 0.022300508660048568 0.06759690850925693
52 0.4071394351595879 0.6281475467558851 0.028224349710982644 0.08072164017341033
54 0.37581286127167635 0.6289852781791908 0.030482297687861315 0.0841085621387283
55 0.3437422280776158 0.6281970416300159 0.030272046734941827 0.07778221731800294
28 0.5589888908959537 0.8350230310693642 0.034433706647398865 0.09314035404624277
28 0.5245551842485547 0.8344585440751445 0.03443370664739853 0.09314035404624277
28 0.4932261560693639 0.8333295700867053 0.02935332369942134 0.09314035404624277
6 0.45680324724580335 0.8286595754324595 0.04010557198238168 0.11202471444873408
9 0.4158914378612717 0.8310716221098267 0.041772037572254284 0.12249367774566478
8 0.37171047807840796 0.8319975474185739 0.04433193401659452 0.11951285313973081
2 0.3278314667630058 0.8367164920520231 0.04290101156069365 0.12023572976878616
25 0.27753774708994006 0.46234509233971466 0.0389496026011561 0.07846369219653176
