25 0.3455110143442623 0.3287013319672131 0.04962858606557374 0.1168673155737705
25 0.39273821721311475 0.3295017930327868 0.04162397540983598 0.11526639344262296
25 0.43836449795081966 0.3343045594262295 0.049628586065573854 0.11526639344262296
25 0.4855917008196721 0.335905481557377 0.04162397540983609 0.1088627049180328
25 0.531217981557377 0.3367059426229508 0.043224897540983576 0.1168673155737705
25 0.5776447233606558 0.33990778688524587 0.04642674180327866 0.11046362704918034
25 0.6240714651639344 0.34310963114754095 0.04322489754098369 0.11046362704918034
25 0.667296362704918 0.34631147540983603 0.043224897540983465 0.11046362704918034
25 0.7113217213114754 0.34711193647540983 0.04802766393442637 0.1088627049180328
16 0.14779713114754098 0.3174948770491803 0.04482581967213112 0.1168673155737705
16 0.19662525614754098 0.3182953381147541 0.05283043032786888 0.11206454918032788
16 0.2478547643442623 0.32149718237704916 0.04642674180327877 0.11526639344262296
16 0.2974833504098361 0.325499487704918 0.04642674180327866 0.11366547131147542
