16 0.39726390735613415 0.4928666464065464 0.01897967963162317 0.05976303071631878
16 0.41553521925403225 0.4933058215725806 0.016932333669354815 0.05670362903225806
16 0.4161258820564516 0.5519783266129032 0.017326108870967694 0.05906628024193561
16 0.3986028855846774 0.5511907762096774 0.016932333669354815 0.057491179435483986
25 0.43423954133064513 0.49921244959677413 0.018901209677419373 0.055916078629032195
25 0.43502709173387094 0.5555223034274194 0.018901209677419373 0.05591607862903225
25 0.4535345262096774 0.5569005166330645 0.01732610887096775 0.05394720262096775
25 0.45274697580645157 0.5029533140120968 0.01732610887096775 0.05394720262096775
29 0.6880965209359606 0.26836707204433496 0.03126924261083741 0.11834205665024627
29 0.7188846982758621 0.26067002770935965 0.03126924261083741 0.11834205665024625
29 0.7506350061576356 0.24816233066502474 0.03126924261083741 0.11834205665024633
29 0.7843095751231528 0.23132504618226635 0.03126924261083741 0.11834205665024666
29 0.8206300030788178 0.21689308805418728 0.036560960591132896 0.12026631773398999
