17 0.17628389246323528 0.23785759420955876 0.03662109375 0.08006376378676469
17 0.20949419806985292 0.2383961397058823 0.03123563878676469 0.078268612132353
17 0.2419864430147059 0.23875517003676466 0.03303079044117643 0.078268612132353
15 0.27429917279411764 0.23983226102941174 0.03231272977941174 0.0775505514705882
15 0.3062528722426471 0.23911420036764697 0.03231272977941174 0.07755055147058809
15 0.3374885110294118 0.23947323069852933 0.03159466911764702 0.07611443014705868
15 0.37016027113970584 0.23983226102941163 0.03231272977941174 0.07755055147058801
14 0.4021139705882353 0.24270450367647056 0.03015854779411764 0.07611443014705885
14 0.4326315487132353 0.24270450367647056 0.03015854779411764 0.07611443014705885
16 0.4638671875 0.2432430491727941 0.028722426470588258 0.07719152113970587
16 0.20542144775390625 0.325775146484375 0.0362396240234375 0.0640869140625
16 0.23956298828125 0.32825469970703125 0.029754638671875 0.0682830810546875
16 0.26912689208984375 0.33016204833984375 0.0263214111328125 0.0675201416015625
19 0.29888153076171875 0.3284454345703125 0.0308990478515625 0.066375732421875
19 0.327301025390625 0.32901763916015625 0.02593994140625 0.0659942626953125
19 0.356292724609375 0.3299713134765625 0.030517578125 0.064849853515625
18 0.3856658935546875 0.32978057861328125 0.02593994140625 0.0659942626953125
18 0.41446685791015625 0.3292083740234375 0.0286102294921875 0.064849853515625
18 0.44307708740234375 0.32958984375 0.0286102294921875 0.064849853515625
18 0.4695892333984375 0.33245086669921875 0.022125244140625 0.0667572021484375
18 0.469970703125 0.40569305419921875 0.0213623046875 0.0629425048828125
18 0.44384002685546875 0.40531158447265625 0.0263214111328125 0.0652313232421875
18 0.41637420654296875 0.40531158447265625 0.0263214111328125 0.0637054443359375
18 0.38509368896484375 0.40454864501953125 0.0324249267578125 0.0629425048828125
19 0.35410375470157274 0.4029393758315707 0.029954335575020474 0.06277572431939138
19 0.32493464707287123 0.402855252594927 0.027310700395742404 0.06337041729922899
19 0.2981051649068641 0.40279361774827716 0.02553161887622818 0.06477302651217931
16 0.2094268798828125 0.3993988037109375 0.031280517578125 0.0640869140625
16 0.2410888671875 0.3997802734375 0.029754638671875 0.0640869140625
16 0.2704620361328125 0.400543212890625 0.026702880859375 0.06103515625
23 0.23529592455734855 0.46046301162919623 0.02961284520844709 0.04800708221035749
23 0.26354800561630054 0.46172642603711794 0.02598804990277015 0.050107464519650646
23 0.2622686660966499 0.5197231509279476 0.030252514968272304 0.04115208788209601
23 0.2326180403930131 0.5182305881550218 0.028145469432314385 0.04328432041484709
25 0.28986848389737996 0.4626859306768559 0.02494712063318777 0.04776200873362446
25 0.3147089929039302 0.4627925423034935 0.023028111353711744 0.048828125
25 0.3397627251637555 0.46407188182314413 0.02537356713973793 0.050107464519650646
25 0.36556273881004364 0.46289915393013104 0.02494712063318777 0.04776200873362446
25 0.3916825873362446 0.4643917167030568 0.02473389737991266 0.05074713427947597
25 0.41758921260917037 0.4642851050764193 0.02665290665938863 0.05096035753275102
25 0.44477517740174677 0.4642851050764193 0.026439683406113468 0.05138680403930124
25 0.470575191048035 0.4638586585698691 0.02473389737991255 0.05223969705240167
25 0.47078841430131 0.5210024904475983 0.02473389737991266 0.04243142740174666
25 0.4448817890283843 0.5213223253275109 0.02622646015283836 0.04136531113537112
25 0.4182288823689957 0.521322325327511 0.027505799672489062 0.04093886462882079
25 0.39210903384279483 0.5213223253275109 0.025160343886462877 0.04051241812227069
25 0.3134296533842795 0.5208958788209607 0.025160343886462877 0.04051241812227069
25 0.3393362786572053 0.521535548580786 0.027505799672489062 0.04093886462882079
25 0.36598918531659397 0.521535548580786 0.02622646015283836 0.04136531113537112
25 0.288908979257642 0.5190834811681222 0.023028111353711744 0.04029919486899558
9 0.26314312845303867 0.6022423169889503 0.038576916436464076 0.09522833218232041
8 0.30037120165745856 0.603726044544199 0.03480015538674036 0.09280041436464093
3 0.33705973756906077 0.6045353504834254 0.03587922997237569 0.09603763812154698
6 0.37253431457182323 0.6046702348066298 0.03453038674033149 0.09684694406077354
1 0.40908796616022103 0.606963268301105 0.033721080801104975 0.0938794889502762
2 0.44618115504143646 0.6073679212707183 0.035609461325966874 0.09522833218232041
2 0.4738324412983425 0.6075028055939227 0.019693111187845336 0.09549810082872923
11 0.38372971339779005 0.7320010359116023 0.031023394337016563 0.09576786947513816
29 0.4219019768646409 0.7252568197513812 0.03776761049723759 0.11141445096685088
29 0.46074866194751385 0.7249870511049724 0.03776761049723759 0.11141445096685088
4 0.35108770718232046 0.733214994820442 0.03318154350828728 0.09441902624309395
5 0.3176363950276243 0.7328103418508287 0.031023394337016563 0.09576786947513805
0 0.28202693370165743 0.7306521926795579 0.036418767265193386 0.09576786947513816
25 0.5575888439973615 0.23846677110817943 0.02319013852242746 0.0584906827176781
25 0.5854170102242744 0.23898210751978893 0.02988951187335087 0.0579753463060686
25 0.6156930244063324 0.23923977572559366 0.03169318931398424 0.05746000989445904
25 0.6486745547493404 0.23872443931398415 0.03169318931398424 0.05746000989445904
25 0.6806254122691292 0.23975511213720316 0.03169318931398424 0.05746000989445904
25 0.7146376154353562 0.23936860982849603 0.03375453496042213 0.05720234168865429
24 0.7481344821899736 0.23769376649076518 0.031177852902374736 0.05539866424802109
24 0.7813736807387862 0.23820910290237468 0.03169318931398424 0.057460009894459096
24 0.8135822064643798 0.23640542546174143 0.03169318931398424 0.057460009894459096
33 0.8457907321899736 0.2360189231530343 0.03323919854881274 0.059263687335092324
33 0.5579760950854701 0.3512478904795158 0.02976985398860399 0.051454114292365016
34 0.58929013534331 0.35151092099471837 0.029743893045774628 0.05209479533450706
34 0.6204954335387325 0.35108109595070425 0.03129126320422537 0.052610585387323994
51 0.7087476325757576 0.33809777462121204 0.02840909090909094 0.07427793560606061
52 0.7371567234848484 0.3370620265151515 0.027225378787878785 0.07694128787878785
54 0.7651219223484848 0.33794981060606055 0.028113162878787845 0.07516571969696967
54 0.7950106534090908 0.33780184659090906 0.029888731060606077 0.07605350378787878
55 0.8241595643939393 0.3386896306818181 0.026633522727272707 0.0766453598484848
56 0.7411517518939393 0.46460700757575757 0.02515388257575757 0.06510416666666669
47 0.7698567708333333 0.4656427556818181 0.026337594696969724 0.06599195075757575
47 0.8012251420454544 0.46593868371212127 0.026337594696969724 0.06599195075757591
59 0.7154583697552448 0.4569766171328671 0.025609156468531458 0.08229075611888109
59 0.6891663024475525 0.45834243881118886 0.025609156468531458 0.08229075611888109
59 0.661849868881119 0.4588546219405595 0.026974978146853235 0.08331512237762234
59 0.6341919798951049 0.45800098339160844 0.025609156468531458 0.08229075611888109
59 0.6075584571678322 0.45800098339160844 0.025609156468531458 0.08229075611888109
59 0.5809249344405595 0.45800098339160844 0.025609156468531458 0.08229075611888109
50 0.5549743225524476 0.45987898819930073 0.022877513111888126 0.08331512237762234
26 0.5483159418706294 0.545584298513986 0.02526770104895104 0.05190122377622375
26 0.5729007320804196 0.545584298513986 0.02526770104895104 0.05190122377622375
26 0.5991927993881119 0.5459257539335665 0.02526770104895104 0.05190122377622375
26 0.6258263221153846 0.5449013876748252 0.02526770104895104 0.05190122377622375
26 0.651435478583916 0.545584298513986 0.02526770104895104 0.05190122377622375
26 0.6780690013111889 0.5452428430944056 0.02526770104895104 0.05190122377622375
26 0.7033367023601399 0.5459257539335665 0.02526770104895104 0.05190122377622375
26 0.7308238636363636 0.5460964816433567 0.026974978146853124 0.05155976835664333
26 0.7583110249125874 0.5459257539335665 0.02526770104895104 0.05190122377622375
26 0.7846030922202797 0.5452428430944056 0.02526770104895104 0.05190122377622375
13 0.5559986888111887 0.6150704763986015 0.040633194930069894 0.07546164772727271
13 0.600421940212064 0.6199322686661244 0.0475303970325196 0.07051843906635269
12 0.6446927209125773 0.619538509381695 0.03875321639162865 0.07198886847437247
46 0.6941174060314685 0.6036317198426574 0.051218312937062915 0.044389204545454586
46 0.7513111888111889 0.6015829873251748 0.057023055069929995 0.04370629370629364
