16 0.3909494393687707 0.19482584094684385 0.030497300664451832 0.05547913205980068
16 0.4232311565614617 0.19579915905315615 0.030821740033222633 0.05677688953488372
16 0.4556750934385382 0.19482584094684385 0.030821740033222633 0.05677688953488372
16 0.4870170691678196 0.19546298808626275 0.031079026116187902 0.05680035273112899
25 0.5187785506644518 0.19547471968438535 0.03244393687707636 0.05483025332225913
25 0.5504113891196013 0.1951502803156146 0.030172861295681086 0.05547913205980065
25 0.5822064472591362 0.19579915905315615 0.03147061877076407 0.05483025332225913
25 0.6146503841362125 0.1961235984219269 0.03147061877076407 0.0561280107973422
13 0.4100975724248927 0.47401421673819744 0.05239069206008584 0.09891362660944208
29 0.4030618106617647 0.8346162683823529 0.0509823069852941 0.19459443933823528
13 0.629615467724038 0.6593106910971719 0.05239069206008595 0.09891362660944214
