0 0.6694462776184082 0.26650729179382326 0.11196403503417962 0.39127016067504883
3 0.4463751673698425 0.2732700824737549 0.1019708871841431 0.3662436485290527
19 0.6647548675537109 0.6168052673339843 0.07044696807861328 0.1277936935424805
14 0.43671607971191406 0.6180668830871582 0.06937389373779301 0.1344701766967773
25 0.2939126491546631 0.8163894653320312 0.06712150573730469 0.1414045333862305
14 0.3584288120269775 0.6209613800048828 0.07967576980590824 0.12655296325683596
19 0.5900779247283936 0.6195314407348633 0.07351236343383782 0.12376289367675775
16 0.20780282020568847 0.6193594455718994 0.06478323936462402 0.13195447921752923
14 0.7415604591369629 0.6162967205047607 0.07751893997192383 0.12680912017822266
25 0.42945433855056764 0.8280044555664062 0.06741273403167725 0.1476593017578125
25 0.3613609313964844 0.8190032958984375 0.06281065940856934 0.14464702606201174
17 0.512547779083252 0.6188027381896972 0.07566642761230474 0.12649097442626955
0 0.5539581298828125 0.2713320255279541 0.10742397308349616 0.38469095230102535
23 0.2787339210510254 0.6205769538879394 0.07318220138549805 0.12780170440673833
11 0.7903529575892857 0.27504185267857145 0.10637555803571441 0.3609793526785714
