47 0.6608619689941406 0.6414776802062988 0.04208717346191415 0.08701896667480469
15 0.45400476455688477 0.2232356786727905 0.0636388778686523 0.1181629180908203
18 0.7012384414672852 0.389599084854126 0.05536155700683587 0.0894742965698242
15 0.3880810260772705 0.22147440910339355 0.06480112075805666 0.12128028869628904
14 0.5197644710540772 0.22615752220153806 0.06169185638427732 0.11915636062622068
54 0.47260894775390627 0.636279010772705 0.043196296691894565 0.09735260009765623
16 0.2937960624694824 0.38092288970947263 0.06694974899291994 0.09608144760131837
16 0.3586836099624634 0.38216333389282225 0.059502601623535156 0.09493389129638674
16 0.7795148849487304 0.23095200061798096 0.06148509979248051 0.11792402267456054
19 0.4184860706329345 0.38396258354187013 0.05667848587036134 0.09563684463500977
19 0.5320747852325439 0.3872683048248291 0.055070686340332076 0.09298973083496098
25 0.4083643913269043 0.5197771072387696 0.05006999969482423 0.07284088134765626
16 0.7159223556518555 0.22981259822845457 0.06299514770507808 0.11628117561340331
19 0.6446643829345703 0.3886095523834229 0.053082275390625044 0.09067420959472655
25 0.46044492721557617 0.519331407546997 0.04965572357177739 0.07345619201660158
28 0.4752984046936035 0.927736473083496 0.04396343231201172 0.10495452880859368
17 0.32190427780151365 0.21543578505516053 0.061660099029541005 0.12491103410720827
23 0.35558061599731444 0.5204437255859375 0.053206348419189475 0.0720441818237304
25 0.5653926849365234 0.5190533638000489 0.049631595611572266 0.0715017318725586
24 0.6166622161865234 0.5190362930297852 0.05030736923217771 0.0734798431396484
25 0.5131452560424805 0.5197575569152832 0.05195178985595705 0.07215633392333987
19 0.5892127513885499 0.3878671646118164 0.05394754409790037 0.09276008605957031
5 0.5287338256835938 0.7724745273590088 0.056805992126464866 0.1334940910339355
19 0.4756911277770996 0.3856443643569947 0.0537687301635742 0.09357600212097167
16 0.6505302429199218 0.22928327918052674 0.06283988952636721 0.1151203274726868
16 0.584815788269043 0.22905571460723878 0.065285873413086 0.11339173316955567
17 0.2539054393768311 0.2154463529586792 0.06685552597045899 0.12439956665039065
8 0.3420726299285889 0.7761147499084473 0.06346182823181151 0.13163928985595696
59 0.517100477218628 0.6366285324096679 0.04187240600585934 0.09632625579833987
29 0.36706428527832036 0.9231941223144531 0.054491472244262706 0.12072257995605462
29 0.4244400501251221 0.9218528747558594 0.05451774597167969 0.11880912780761721
18 0.7571362495422364 0.39036438465118406 0.04953355789184566 0.08861117362976073
1 0.465993595123291 0.7756362915039062 0.057713985443115234 0.1297750473022461
31 0.5581933975219726 0.9327634811401366 0.03454647064208982 0.09146080017089842
31 0.5940938472747803 0.9343819618225098 0.034574604034423806 0.0887899398803711
56 0.6128133296966553 0.6414490699768066 0.04277801513671875 0.08661384582519527
28 0.5187442302703857 0.9283634185791015 0.04012699127197261 0.10185432434082031
26 0.7166072845458984 0.5159557342529297 0.05033531188964846 0.07518558502197259
31 0.6306553363800049 0.9331388473510742 0.03697052001953127 0.0910251617431641
23 0.30075068473815914 0.5214004516601562 0.05569915771484374 0.07987995147705074
5 0.650489616394043 0.7726052761077882 0.056662368774413996 0.12569227218627932
5 0.5889423370361329 0.7727641105651856 0.056431484222412176 0.1273891448974609
3 0.4049359321594238 0.7759860038757325 0.058636093139648404 0.1324573516845703
51 0.4259702620967742 0.6389658938172043 0.03990255376344087 0.09345598118279574
51 0.380817372311828 0.6389658938172043 0.03990255376344087 0.09345598118279574
