45 0.3478683948516845 0.8577824592590332 0.05988950729370118 0.0813806533813477
41 0.39192895889282225 0.5036881446838379 0.04173078536987307 0.045712852478027366
42 0.34580307006835936 0.3528907060623169 0.04537520408630369 0.032132577896118175
45 0.46211175918579106 0.8629668235778809 0.06066303253173827 0.08993740081787116
41 0.43520164489746094 0.45465874671936035 0.03948860168457036 0.051838588714599565
41 0.4355071067810059 0.5043151378631592 0.0406477928161621 0.04469442367553711
45 0.4049181461334228 0.8633955001831055 0.05471677780151368 0.09052753448486328
46 0.7095085681542843 0.833102304695626 0.06001855156125402 0.06582091856284955
41 0.5251131057739258 0.5058125495910644 0.04220991134643559 0.04422149658203123
61 0.4373035430908203 0.5772015571594238 0.039483070373535156 0.04806880950927728
41 0.3906400203704834 0.45441350936889646 0.04145555496215825 0.051745223999023426
61 0.43651304244995115 0.6232642173767089 0.0395191192626953 0.04233875274658205
41 0.480130386352539 0.504322624206543 0.04149532318115229 0.04528961181640628
41 0.4802762508392334 0.45485382080078124 0.03983421325683595 0.05064239501953127
41 0.5251703262329102 0.4553616523742676 0.039904785156249956 0.05131225585937499
41 0.34443011283874514 0.4542731761932373 0.04253811836242677 0.05035829544067383
41 0.3459720134735107 0.5037493228912353 0.04306335449218751 0.048002719879150335
41 0.5703523635864258 0.4559741973876953 0.03975334167480471 0.050883865356445346
46 0.7242048816568047 0.8952477810650888 0.0803208210059172 0.056051220414201186
43 0.4455410003662109 0.25402560234069826 0.045663928985595736 0.03418736457824706
41 0.5695120811462402 0.5057930946350098 0.04012727737426758 0.044875144958496094
46 0.5287035942077637 0.836764907836914 0.05760002136230469 0.05878181457519527
46 0.6529077112322024 0.8972702477810651 0.055339348245654674 0.06125184911242609
61 0.5247074604034423 0.5777849197387696 0.03946313858032224 0.048043251037597656
42 0.34601080417633057 0.3192304134368896 0.04257745742797847 0.03376550674438478
61 0.34737091064453124 0.6240784645080566 0.041347503662109375 0.044782829284668035
61 0.48055891990661626 0.6231374740600586 0.04017591476440435 0.04299602508544931
61 0.3467455625534058 0.5766646385192871 0.04083285331726072 0.04610223770141608
61 0.3913891077041626 0.5775321960449218 0.0407571315765381 0.0473910331726074
43 0.44465909004211424 0.21691522002220154 0.04335565567016603 0.03639842271804811
46 0.648084545135498 0.8393280982971192 0.0580574035644531 0.050809288024902366
61 0.39133667945861816 0.6246963024139405 0.03984823226928713 0.04399814605712893
42 0.4356147766113281 0.35389413833618166 0.041320037841796886 0.03392705917358402
61 0.5707073211669922 0.5771687507629395 0.03931350708007808 0.04877624511718748
61 0.4799388885498047 0.5766107559204101 0.03829088211059567 0.048364543914794944
61 0.5239266395568847 0.6233587265014648 0.0391716003417969 0.042658233642578036
43 0.48961901664733887 0.2524636030197144 0.04123191833496098 0.03673777580261231
46 0.5875563621520996 0.8320053100585938 0.05760841369628911 0.05665168762207029
61 0.5696595191955567 0.6237322330474854 0.04029912948608405 0.04478168487548828
44 0.3512734413146973 0.21376378536224366 0.04514436721801757 0.03415083885192871
44 0.3529867088585569 0.25059903755522606 0.04514436721801757 0.034150838851928544
44 0.40108125544430917 0.25253826191550804 0.0431849889587938 0.03117621739705398
44 0.3976547203565898 0.2182729110383151 0.0431849889587938 0.031176217397054007
44 0.3976547203565898 0.17972439130147297 0.0431849889587938 0.031176217397054007
44 0.3488265953565898 0.1814376588453326 0.0431849889587938 0.031176217397054007
43 0.44465909004211424 0.17836670028535942 0.04335565567016603 0.03639842271804811
43 0.4911555491540212 0.2158203508225752 0.04335565567016586 0.03639842271804811
43 0.4915327073925569 0.18040737649875427 0.04258372099813157 0.03186738457645594
42 0.3882358990477387 0.3185223285968487 0.038039111667836134 0.03171459062565013
42 0.389969441947147 0.35088179605247005 0.038039111667836134 0.03171459062565013
42 0.34580307006835936 0.3858280211510743 0.04537520408630369 0.032132577896118175
42 0.39089968112798834 0.385794834413472 0.040801414371242184 0.03451034190386715
42 0.4371274917788759 0.3886840725791525 0.040801414371242184 0.03451034190386715
42 0.43539394887946764 0.3193423566028211 0.040801414371242184 0.03451034190386715
42 0.4810439118972192 0.31992020423595724 0.040801414371242295 0.03451034190386715
42 0.479310368997811 0.3563246051235312 0.04080141437124235 0.03451034190386715
42 0.4800642566568048 0.3899200258875739 0.0439164201183434 0.02773668639053256
42 0.5272717225481068 0.3176088137034129 0.040801414371242295 0.03451034190386715
42 0.5717659902995861 0.31876450896968506 0.040801414371242295 0.03451034190386715
42 0.5255381796486985 0.3534353669578507 0.040801414371242295 0.03451034190386715
42 0.5243824843824263 0.38810622494601643 0.040801414371242295 0.03451034190386715
42 0.5717659902995861 0.38810622494601643 0.040801414371242295 0.03451034190386715
42 0.5734995331989943 0.3522796716915786 0.040801414371242295 0.03451034190386715
46 0.5921228183091745 0.8939678626653005 0.06000839549408843 0.057455361947505446
46 0.5259592643150917 0.8919453959493242 0.05827485259468024 0.04994334271673628
