15 0.3525654792785644 0.8201127052307129 0.028592872619628895 0.05981101989746085
24 0.4127372741699219 0.6943360328674316 0.030590534210205078 0.0640873908996582
18 0.4437686920166016 0.8126391410827636 0.03081035614013672 0.05728492736816404
14 0.22746250629425047 0.8281437873840332 0.03275647163391113 0.061808204650878884
15 0.3221787214279175 0.8232955932617188 0.02965488433837893 0.06268653869628915
26 0.3485978126525879 0.7011094093322754 0.029603004455566406 0.06372814178466801
14 0.19077759981155396 0.8351366996765137 0.03659493923187257 0.06525897979736328
25 0.3804782867431641 0.6993747711181642 0.03180084228515628 0.06227197647094729
59 0.447072172164917 0.28821420669555664 0.02948589324951173 0.09945898056030275
16 0.26006431579589845 0.825714111328125 0.030263614654541 0.06130294799804692
16 0.29131531715393066 0.8254528284072876 0.03020477294921875 0.061868238449096724
19 0.3819719791412354 0.8179589271545411 0.02807335853576659 0.05715332031249998
47 0.7263763988521736 0.3771028108999763 0.025845353704103347 0.05960835067319198
54 0.35347025394439696 0.2862200975418091 0.03192925453186035 0.10639557838439942
54 0.32070791721343994 0.287495756149292 0.03166732788085935 0.10624752044677735
55 0.28818044662475584 0.2866570472717285 0.03193626403808597 0.10169525146484373
19 0.4123082637786865 0.816505527496338 0.029551982879638672 0.0583625793457031
55 0.4161092758178711 0.2869874954223633 0.03044948577880857 0.0999209403991699
33 0.20670884125424127 0.5651893803673069 0.030583229900276593 0.07705166809750308
55 0.3850947618484497 0.28582277297973635 0.02977099418640139 0.10200376510620118
51 0.3846894264221191 0.28803791999816897 0.03031959533691403 0.10103101730346681
55 0.25467793750066825 0.2870134569432614 0.03193626403808597 0.10169525146484373
34 0.22039661268248179 0.2875798357664234 0.03314609945255473 0.11048699817518248
33 0.24003314554256247 0.5641201513527083 0.03379091694407227 0.07491321006830598
34 0.27581831660583944 0.5629063070255476 0.03492814781021897 0.0716383439781022
23 0.46875 0.8109537760416666 0.016818576388888895 0.06591796875
56 0.6945972711267606 0.3758390184859155 0.025445642605633756 0.06464568661971831
