13 0.2489555835723877 0.8095014810562133 0.041210460662841786 0.055904722213745095
0 0.6328372955322266 0.6889578342437744 0.03389453887939453 0.09923868179321294
17 0.20463378429412843 0.40379105806350707 0.02943191528320313 0.059137701988220215
3 0.23983826637268066 0.6689464569091796 0.037623214721679676 0.1045458793640136
28 0.3538835503956473 0.5673584223549758 0.02957715988159182 0.09076547622680664
47 0.25128335952758785 0.31248762607574465 0.027773666381835926 0.0697044849395752
52 0.5667841911315918 0.31319284439086914 0.025734996795654275 0.08446178436279295
19 0.3167576789855957 0.40698806047439573 0.026500701904296875 0.05633695125579835
2 0.3442538743179282 0.6762711505249182 0.03259153366088868 0.10151538848876951
26 0.5838409423828126 0.6017605781555175 0.023358726501464866 0.0485761642456054
2 0.275641393661499 0.6709088325500487 0.03417940139770509 0.10261688232421873
26 0.5861965656280517 0.49919896125793456 0.02602443695068357 0.051217937469482444
54 0.6983075618743897 0.31877756118774414 0.025943946838378973 0.08350019454956059
59 0.6204047203063965 0.3146902322769165 0.027854347229003817 0.08523364067077632
26 0.6073874473571776 0.6028332233428955 0.022660350799560525 0.04760532379150384
26 0.5605018615722657 0.4979722499847412 0.02480792999267578 0.050694179534912065
54 0.752382755279541 0.32160453796386723 0.02658147811889644 0.0836775779724121
29 0.6800914525985717 0.8055527051289877 0.03987040519714358 0.10003770192464201
26 0.512816333770752 0.5997668266296388 0.022701454162597612 0.04781951904296877
26 0.5363845825195312 0.6003792762756348 0.023392105102538974 0.04761505126953125
28 0.32339263412545344 0.5655815535476918 0.031606408431785415 0.0926640085376913
51 0.41186684370040894 0.3153826713562012 0.025325036048889138 0.08408651351928709
52 0.5385793209075928 0.31300764083862304 0.028767395019531294 0.08777627944946287
28 0.41783828735351564 0.5707647323608398 0.030743217468261697 0.09002647399902342
28 0.3853728807889498 0.5689783719869761 0.0322579310490535 0.0914761249835675
51 0.3852330207824707 0.31397333145141604 0.02622947692871097 0.08344173431396484
26 0.5140627861022948 0.4971776962280273 0.01840152740478518 0.051107597351074174
26 0.5601811408996582 0.6006505966186524 0.023208045959472567 0.04790544509887695
25 0.2639779806137085 0.4813680648803711 0.025345039367675792 0.05522727966308594
25 0.23795361518859862 0.4799156188964844 0.025761175155639637 0.055736923217773404
2 0.3785134077072143 0.6755514144897461 0.03423337936401366 0.10177783966064458
26 0.5354594707489013 0.4972895622253418 0.02508831024169922 0.05112094879150392
26 0.7276894569396972 0.609708595275879 0.02238521575927732 0.047190284729003884
29 0.566266918182373 0.7973037719726563 0.03861608505249026 0.10641899108886721
4 0.4140960698057278 0.6762472310089713 0.03394298553466796 0.09859113693237298
25 0.21114439964294435 0.4793400764465332 0.026006221771240234 0.05418453216552738
26 0.7434334754943848 0.5071728229522705 0.026432609558105558 0.047362995147705034
51 0.3322766780853271 0.3109085083007812 0.025677013397216786 0.08224220275878907
26 0.6550517082214355 0.6049237251281738 0.024017715454101474 0.0476786613464355
26 0.6650367736816406 0.5020660877227783 0.024715614318847612 0.048590183258056585
26 0.6307390689849853 0.6035544395446777 0.02334737777709961 0.047737503051757835
26 0.6127808570861817 0.4999064922332764 0.026057434082031317 0.050591564178466775
2 0.31048579216003414 0.6725859646957358 0.033930587768554676 0.10039043426513672
26 0.6794849395751953 0.6069576740264893 0.02359218597412105 0.047636318206787154
25 0.28989100456237793 0.4832179546356201 0.025964069366455123 0.05486412048339839
25 0.5204957485198975 0.41762652397155764 0.019270992279052712 0.05558595657348636
5 0.7026553153991699 0.693332290649414 0.03281421661376949 0.09972572326660156
26 0.7043282508850097 0.6087173461914063 0.02415122985839846 0.04705314636230473
19 0.3439350128173828 0.40830650329589846 0.026613807678222634 0.05658674240112305
54 0.7793712615966797 0.3247596502304077 0.02658767700195308 0.08636317253112791
29 0.6411738872528077 0.7999121983846029 0.03625402450561521 0.10633481343587248
16 0.2907448291778565 0.4057645916938782 0.024956417083740245 0.05581643581390383
26 0.6392679214477539 0.500999641418457 0.02575817108154288 0.049245929718017556
51 0.43836607933044436 0.3160917043685913 0.026340961456298828 0.08527431488037107
55 0.5933944702148437 0.3141885757446289 0.025198364257812522 0.0851322174072266
15 0.23424882888793946 0.4043092846870422 0.02801318168640135 0.057640624046325695
25 0.39359321594238283 0.4900759220123291 0.025364971160888705 0.05448770523071289
1 0.5975455284118653 0.6871181011199952 0.03394680023193364 0.09637985229492185
5 0.6676968574523926 0.6910333633422852 0.034434509277343706 0.09901084899902335
26 0.7161230087280273 0.5043968200683594 0.024958229064941384 0.04902839660644531
25 0.5433933734893799 0.4181963443756104 0.025956058502197177 0.05465192794799806
54 0.725517988204956 0.3205253124237061 0.026382637023925737 0.0825687408447266
25 0.6486191749572754 0.4246713161468506 0.02575836181640634 0.05449428558349606
28 0.2917399744800071 0.5643049834192072 0.03152906546306267 0.09252509926735497
13 0.3747386932373047 0.8158413171768188 0.04147319793701176 0.054994153976440474
25 0.570454216003418 0.4200047492980957 0.027598667144775435 0.053853225708007824
25 0.31577672958374026 0.4854985237121582 0.02497577667236328 0.0541675567626953
25 0.6748736381530762 0.4260911107063293 0.025346755981445312 0.05322282314300536
26 0.6906918525695801 0.5033086776733398 0.025044918060302734 0.049006080627441384
54 0.6715806484222412 0.31708509922027583 0.026507091522216752 0.08452038764953612
25 0.7008209228515625 0.42707576751708987 0.02532682418823251 0.05294437408447267
13 0.2905534267425537 0.8110877990722656 0.04227428436279296 0.05594215393066404
25 0.6223432540893554 0.4236810684204102 0.025635910034179754 0.054364395141601574
13 0.4162097930908203 0.8169130325317383 0.03990135192871097 0.05519371032714848
1 0.43987627029418946 0.6789454936981201 0.020083808898925803 0.09853410720825195
25 0.5965489387512207 0.4222041130065918 0.025186538696289062 0.053810787200927745
19 0.4484241962432861 0.4120304107666016 0.018595027923583973 0.06017026901245115
25 0.41953201293945314 0.49135527610778806 0.02555704116821289 0.05368833541870116
29 0.6048391819000244 0.7988000869750976 0.037803363800048784 0.10541267395019527
25 0.4436498641967773 0.4932969093322754 0.02256050109863278 0.0530885696411133
25 0.7268534183502198 0.42847518920898436 0.025516986846923828 0.05359458923339844
51 0.3064541816711426 0.31127090454101564 0.025321769714355513 0.07989368438720701
25 0.3412816047668457 0.4868114471435547 0.02525782585144043 0.05365066528320306
25 0.3672922611236572 0.48829116821289065 0.02605829238891605 0.053467750549316406
25 0.7528525352478028 0.43011960983276365 0.024884796142578103 0.054932403564453114
51 0.35885167121887207 0.31248803138732906 0.02518606185913086 0.08320016860961915
29 0.5295616149902344 0.7960000038146973 0.03531789779663086 0.10402603149414058
26 0.7236194610595703 0.5576492786407471 0.022860336303710982 0.03383512496948238
14 0.26318747997283937 0.405802583694458 0.028828239440917974 0.05705833435058594
28 0.4449855892281783 0.5719769218511749 0.020801847859432843 0.08822817384150983
26 0.6997730073474702 0.5554969641266676 0.020546758742559512 0.032197218597250665
13 0.3324369192123413 0.8139161109924317 0.041741466522216775 0.05555992126464848
26 0.5373376846313476 0.5474613189697266 0.02176609039306643 0.030804252624511697
56 0.279328441619873 0.3134154319763184 0.0273093223571777 0.07017250061035157
26 0.5607330322265625 0.548602294921875 0.022741699218750022 0.03051834106445306
19 0.4263518333435059 0.41084790229797363 0.025050926208496083 0.05860843658447268
26 0.6075079441070557 0.5506560325622558 0.0220294952392579 0.0320351600646972
26 0.5842838287353516 0.5499964237213135 0.021961975097656294 0.03131494522094724
19 0.37179884910583494 0.40948915481567383 0.028545761108398404 0.056509304046630904
26 0.6771673939215443 0.5536075975529101 0.022871907552083237 0.030485284391534417
26 0.6539159058263062 0.5521866732804233 0.02235520781663347 0.03177703373015872
26 0.630922767598793 0.5501198743386244 0.02235520781663347 0.03177703373015872
26 0.5148612461392841 0.5461695696311022 0.02176609039306643 0.030804252624511697
28 0.2600899667070623 0.5614213157118413 0.0308419227600098 0.09276437759399414
28 0.22738703244771719 0.5617024735400551 0.03319954566466507 0.09288736895511018
1 0.5653173075520934 0.6872882116017083 0.027205581852955296 0.09892602295711117
1 0.5333264670348521 0.6842479987684729 0.03249729983325078 0.09573198891625623
1 0.5048200818705442 0.6842372116784156 0.020083808898925692 0.09853410720825195
