25 0.49449486825980393 0.4155081954656863 0.03159466911764702 0.08616727941176472
25 0.5280043658088236 0.4155081954656863 0.03159466911764719 0.08616727941176472
25 0.562710631127451 0.41455078125 0.033030790441176516 0.08520986519607843
25 0.5995710784313726 0.4133540134803922 0.0349456188725491 0.08473115808823528
25 0.635952818627451 0.41287530637254904 0.0349456188725491 0.08473115808823528
25 0.6388250612745098 0.5009574142156863 0.03494561887254921 0.08473115808823534
25 0.6038794424019609 0.5014361213235294 0.03494561887254921 0.08473115808823534
25 0.5679764093137255 0.502154181985294 0.03303079044117663 0.08520986519607843
25 0.5327914368872548 0.5023935355392157 0.034466911764705954 0.0837737438725491
25 0.49617034313725494 0.5019148284313726 0.034945618872549045 0.08281632965686281
16 0.3819986979166667 0.503350949754902 0.03638174019607843 0.08281632965686275
16 0.41955879407051283 0.5033509497549019 0.03638174019607843 0.08281632965686264
16 0.4587003679571525 0.5033509497549019 0.03638174019607843 0.08281632965686264
16 0.3801855608292153 0.41609634625927805 0.039217275504584426 0.08731668037280715
16 0.41932325854494124 0.4168870851256748 0.03670140801133204 0.08573520264001366
16 0.45807333916929627 0.41668940040907565 0.03684505890539419 0.08613057207321201
