36 0.42831688596491224 0.3970497532894737 0.10450932017543857 0.07110060307017546
36 0.531969572368421 0.3927665844298245 0.10450932017543846 0.07110060307017546
36 0.429601836622807 0.46686540570175433 0.10193941885964908 0.06510416666666663
36 0.5366810581140351 0.46172560307017546 0.10193941885964908 0.06510416666666674
36 0.5375376918859649 0.5328262061403509 0.10193941885964908 0.06510416666666674
36 0.4338850054824561 0.5336828399122807 0.10193941885964913 0.06510416666666674
58 0.4378832080696203 0.6903678797468354 0.09209355221518989 0.05933544303797467
58 0.533067147943038 0.6885136471518988 0.09209355221519011 0.05933544303797467
58 0.44035551819620256 0.7614467958860759 0.09209355221518989 0.05933544303797467
58 0.5355394580696202 0.758356408227848 0.09209355221518989 0.05933544303797467
58 0.43726513053797467 0.8257268591772151 0.09209355221518989 0.05933544303797467
58 0.5336852254746836 0.8257268591772151 0.09209355221518983 0.05933544303797467
36 0.44459292763157887 0.17732319078947362 0.10450932017543857 0.07110060307017546
36 0.5494393943843985 0.17453913103070173 0.09992143444548884 0.07874911889097752
