47 0.621663849489825 0.41649401481445125 0.02572728606673691 0.062024170070797136
52 0.4894229888916015 0.41000108718872075 0.024131584167480458 0.07122821807861329
41 0.4720136642456055 0.789884376525879 0.04082965850830078 0.048768043518066406
23 0.4907917726505268 0.3270459956234998 0.02604126701125875 0.05792471295720464
34 0.36159353256225585 0.41886177062988283 0.02543053627014158 0.04716644287109378
41 0.42237300872802735 0.788357925415039 0.04066410064697268 0.04721431732177728
41 0.37264542579650883 0.7889324188232423 0.04384975433349608 0.05009040832519529
15 0.4853631019592285 0.24493541717529296 0.0273273468017578 0.07173767089843747
54 0.5142445102468267 0.40978680186801486 0.02253856959643674 0.07191945181952586
29 0.6184527397155761 0.8223601341247558 0.042476654052734375 0.16383094787597652
56 0.5942383766174316 0.4162024617195129 0.026147079467773393 0.05799176692962643
41 0.4225255012512207 0.8360228538513184 0.04044628143310547 0.04327888488769527
19 0.3543280601501465 0.3285535335540771 0.025839519500732433 0.0634203910827637
59 0.4389443874359131 0.5405561447143554 0.02313518524169922 0.0742427825927735
14 0.5400145513517363 0.2379595883257754 0.029064365764996047 0.06131336839349419
46 0.44437174797058104 0.6912401199340821 0.05810203552246096 0.04443073272705078
16 0.5684135913848877 0.23668589591979983 0.027324199676513672 0.06081008911132815
59 0.4862715244293213 0.5386995792388916 0.022962379455566395 0.07341146469116211
41 0.5219587802886962 0.8395383834838868 0.04033288955688474 0.04542884826660154
41 0.47130641937255857 0.8376825332641602 0.043024826049804676 0.04504661560058587
41 0.5228207111358643 0.7894345283508301 0.04323940277099614 0.05109691619873047
24 0.5728785514831543 0.3273218154907227 0.025185012817382835 0.059569644927978505
24 0.6009756531443323 0.32582105817021556 0.027379587104728653 0.05861501579170114
51 0.4635786056518555 0.41210983991622924 0.024392700195312533 0.07650244235992432
41 0.5212189674377441 0.8856935501098633 0.04167385101318366 0.042498207092285245
26 0.41435213088989253 0.5536060810089112 0.024257850646972667 0.05714912414550788
41 0.4709170341491699 0.8854487419128418 0.044971466064453125 0.043650245666503884
15 0.4585492134094238 0.2450423002243042 0.02579669952392577 0.06875715255737308
41 0.42278614044189455 0.8831949234008789 0.041315841674804676 0.04397087097167973
23 0.46318507194519043 0.32732439041137695 0.026344490051269487 0.05896949768066406
26 0.38956804275512696 0.554901123046875 0.023996734619140647 0.05993661880493173
41 0.3759246110916138 0.8838636398315429 0.04223275184631348 0.04302406311035156
15 0.4322220325469971 0.24564051628112793 0.026088428497314464 0.06892971992492677
23 0.43537178039550783 0.32612624168396 0.025837326049804654 0.056793975830078114
26 0.3639120101928711 0.5544488906860352 0.02538814544677731 0.061583328247070246
41 0.37347841262817383 0.8374847412109375 0.04232912063598637 0.04623680114746098
46 0.5058310508728028 0.6917969226837157 0.05887279510498045 0.044081592559814475
25 0.5190546194712321 0.32647463860096515 0.026994927724202533 0.057307854930201796
16 0.5965494155883788 0.23500771522521974 0.026471710205078103 0.059888029098510764
17 0.40572365522384646 0.2473219871520996 0.02643091678619386 0.07321972846984864
19 0.38143281936645507 0.3256884336471558 0.026409149169921875 0.05511794090270994
14 0.5122538510027591 0.23945674974997122 0.025346840036524043 0.06418428578534285
16 0.6248940467834473 0.2342103958129883 0.02759075164794922 0.06246042251586917
46 0.3841988563537597 0.6918894290924072 0.05676870346069335 0.044610023498535156
59 0.462558650970459 0.5408113479614258 0.023026275634765614 0.0758241653442383
17 0.3510993480682373 0.24816412925720216 0.02792396545410153 0.07461013793945315
34 0.38824310302734377 0.42048578262329106 0.026137638092041005 0.04872493743896483
25 0.546425222562956 0.3266451865703136 0.0265732304111973 0.058139807039553015
51 0.4386286735534668 0.4114632129669189 0.023946952819824174 0.07534141540527345
17 0.3786874055862427 0.24763283729553223 0.026880455017089855 0.07387647628784183
55 0.5406797579458884 0.40978856734685354 0.02388016153742245 0.07015634878977639
31 0.5120735168457031 0.5306421279907226 0.027248764038085904 0.08690624237060546
50 0.6286468484380223 0.3229653853911895 0.023270611290459153 0.07312422171011346
23 0.4084131121635437 0.32569093704223634 0.025550103187561013 0.055540180206298806
56 0.5944252490997315 0.416216766834259 0.02640180587768548 0.0584012746810913
46 0.5646286964416504 0.689755630493164 0.05739517211914058 0.04188051223754885
58 0.3771652810661501 0.6412444904029876 0.04613903985507245 0.030853713768115965
31 0.5399988230536965 0.529460116928699 0.028038776622099082 0.08666609782798629
31 0.5683886210123699 0.5283634821573893 0.02724876403808596 0.08690624237060546
31 0.5965385418312222 0.52796176368115 0.02690798067579081 0.08510551265641764
31 0.6260177032620299 0.5282987706801471 0.029178099538765823 0.0879337086397059
58 0.4247863674114122 0.6408282246542016 0.048864765177175584 0.028479241481070394
58 0.47489944306930687 0.6403142443910438 0.048864765177175584 0.028479241481070394
58 0.523213587806149 0.6392862838647281 0.04886476517717531 0.028479241481070394
58 0.572555693069307 0.6377443430752544 0.04886476517717531 0.028479241481070394
58 0.6204843526087807 0.6380013332068333 0.046037873729807055 0.026423320428438646
