47 0.375322961807251 0.6973845958709717 0.03399829864501952 0.07502622604370113
52 0.5364731788635254 0.6914788246154785 0.029687690734863326 0.08510036468505855
15 0.40041913986206057 0.3924146175384522 0.04257354736328128 0.0759746551513672
26 0.5918433189392089 0.5847028255462646 0.03272705078124993 0.052100849151611284
59 0.41079922914505007 0.6920087814331055 0.03481099605560306 0.08516654968261717
14 0.44504137039184566 0.31247768402099607 0.042444992065429676 0.08663072586059567
19 0.6872094631195068 0.331870436668396 0.040619850158691406 0.07922749519348149
25 0.3455486297607422 0.5053470611572266 0.03816266059875484 0.08531970977783204
26 0.5356335163116455 0.5123232841491699 0.03598079681396482 0.0720531463623047
26 0.3807739734649658 0.5781354904174805 0.03763704299926757 0.05517234802246085
26 0.6249040603637696 0.5842022895812988 0.03204460144042964 0.05344877243042001
16 0.48837528228759763 0.3159724473953247 0.04097156524658202 0.08515639305114742
16 0.6839401245117187 0.41146727800369265 0.03766689300537107 0.06931607723236083
16 0.5277185440063477 0.4024060249328614 0.038126564025878995 0.06933813095092772
16 0.6051499366760253 0.4071029782295227 0.038428115844726496 0.0713994741439819
14 0.35570950508117677 0.39110872745513914 0.04408884048461914 0.0769496440887451
16 0.6448301315307617 0.41011414527893064 0.03813152313232426 0.06972618103027345
26 0.38521733283996584 0.5078095436096192 0.038500308990478516 0.07783813476562501
26 0.5580763816833496 0.582808256149292 0.03426303863525382 0.05396699905395508
16 0.566255760192871 0.40459685325622563 0.036813545227050715 0.07173614501953124
26 0.4998184680938721 0.5113960266113281 0.03568773269653325 0.07229642868041991
26 0.6560290336608887 0.5840701103210448 0.02999954223632806 0.05357227325439451
26 0.46273040771484375 0.5095754623413086 0.037315654754638716 0.0715017318725586
16 0.4448095321655273 0.39789347648620604 0.042611503601074185 0.06868219375610352
54 0.5674681663513184 0.6918935298919677 0.030948638916015625 0.08431348800659177
16 0.48709583282470703 0.400264310836792 0.04104557037353512 0.06825113296508789
26 0.6059938430786134 0.5154797554016113 0.03358802795410154 0.06984539031982429
16 0.5667531490325928 0.32281179428100587 0.03946599960327157 0.08021488189697268
16 0.5285270690917969 0.31968212127685547 0.03758220672607415 0.08205432891845699
26 0.5225530624389649 0.5809623718261718 0.03397140502929685 0.054921531677246116
26 0.4244795799255371 0.5102612018585205 0.0374739646911621 0.07329082489013672
16 0.6451982021331788 0.328720235824585 0.04087200164794924 0.07917065620422364
26 0.4184406280517578 0.5788480281829833 0.03584632873535154 0.05570211410522463
26 0.4543596267700195 0.5797324657440186 0.03372783660888673 0.05497951507568366
56 0.33768980503082274 0.6994874954223633 0.03661952018737791 0.07249927520751953
29 0.40429063623985356 0.8300009870951155 0.05585035433811425 0.13984848967695662
16 0.6058372497558594 0.32530684471130367 0.038078594207763716 0.07954092025756837
26 0.5714124202728271 0.5137404441833495 0.034532356262207076 0.07068023681640623
26 0.6719173965200913 0.5180484265352772 0.029364383748147427 0.071826266398472
26 0.6400482297998613 0.5165078610445546 0.030052876683463015 0.07577161198168725
26 0.4883832454681396 0.5798705577850342 0.03270483016967768 0.055717754364013716
28 0.5033065694623289 0.8372526356604246 0.040325450897216786 0.11616206169128418
15 0.4011929988861084 0.306591272354126 0.04098978042602536 0.08743591308593746
41 0.33882694244384765 0.8834684371948243 0.051453018188476585 0.036629104614257835
55 0.507065725326538 0.691475009918213 0.028617572784423895 0.08365764617919924
29 0.4580034859412539 0.8272064428413863 0.048335511705516754 0.13944468878011795
25 0.3422457456588745 0.5792090415954589 0.0358123779296875 0.05994415283203125
51 0.5065972328186035 0.692048692703247 0.028272438049316395 0.08327474594116213
55 0.6000772476196289 0.6911012649536132 0.03162860870361328 0.08436660766601556
17 0.3573527378318584 0.3000985204646017 0.04234651548672569 0.09290306969026546
41 0.34444433735535207 0.8454429947169482 0.051453018188476585 0.036629104614257835
