47 0.7889205932617187 0.5616611480712891 0.030369377136230447 0.0669448852539063
29 0.41200809478759765 0.8871673583984375 0.04101715087890623 0.13212966918945312
0 0.3829469203948974 0.3439138889312744 0.04355983734130858 0.14951391220092775
54 0.6148329734802246 0.5563109397888184 0.027020645141601518 0.0761838912963867
55 0.5596837043762206 0.5568883419036865 0.02758731842041018 0.07554903030395499
3 0.18913018703460693 0.33390374183654786 0.05484318733215332 0.15292463302612302
17 0.22616658210754395 0.5123132705688477 0.029927682876586925 0.050568580627441406
2 0.42767486572265623 0.3447036504745483 0.0429426193237305 0.14919934272766117
26 0.23475141525268556 0.7770323276519775 0.025620555877685552 0.04393892288208001
18 0.21662063598632814 0.7011643409729005 0.02887248992919922 0.04725637435913088
33 0.4405641055999593 0.7795712720901571 0.02682924729617525 0.04683890113218592
52 0.6949505805969238 0.5554050922393798 0.02617511749267587 0.07936162948608405
19 0.348041582107544 0.6205650329589845 0.027270984649658214 0.0464805603027344
16 0.20659286975860597 0.6191127300262451 0.026942300796508806 0.0463154792785645
54 0.6418986797332764 0.5561254501342774 0.024970149993896462 0.0784681320190429
19 0.4026611804962158 0.6219688892364502 0.02747735977172855 0.04512662887573238
19 0.3203747272491455 0.6201671600341796 0.026815414428710938 0.04718933105468748
14 0.43539581298828123 0.5162342548370362 0.029108810424804676 0.049771690368652366
26 0.2605841636657715 0.7775477409362793 0.025126361846923823 0.04347877502441411
16 0.2919597625732422 0.6195994853973388 0.02825107574462893 0.04634656906127932
16 0.2627449750900268 0.6193319320678711 0.02817111015319823 0.046047973632812544
6 0.2416452169418335 0.33579444885253906 0.047287940979003906 0.1520182609558105
19 0.37492010593414304 0.6216740608215332 0.026815128326416027 0.04566745758056645
25 0.726478385925293 0.37769627571105957 0.05145473480224616 0.09856882095336916
15 0.28589496612548826 0.5132823944091797 0.02865314483642578 0.05015373229980469
26 0.286614990234375 0.7781264305114746 0.024856090545654297 0.04322957992553711
16 0.23427391052246094 0.619040584564209 0.027047157287597656 0.04668693542480473
17 0.2561016082763672 0.5125561714172363 0.0292717933654785 0.05012626647949214
28 0.7072841644287109 0.6695790767669678 0.032892894744873113 0.10282611846923828
14 0.37517232894897456 0.5150457382202149 0.029871177673339855 0.05067100524902346
26 0.36322698593139646 0.7795160293579102 0.024675703048706088 0.04217586517333982
14 0.4057510495185852 0.5158136367797852 0.028758788108825706 0.05018978118896478
15 0.3149327993392944 0.5140951156616211 0.028531932830810514 0.04938983917236334
31 0.31272250791139244 0.9168131236788593 0.025217563291139222 0.07586319356025018
26 0.33799445629119873 0.7791104316711426 0.02449865341186519 0.042811012268066495
26 0.41328277587890627 0.7806254863739014 0.024944114685058583 0.042465496063232466
25 0.32587490081787107 0.701899528503418 0.02655830383300778 0.047355270385742276
25 0.35346179008483886 0.7021714210510254 0.026551342010498025 0.04750900268554692
26 0.38822312355041505 0.7800693988800049 0.02408800125122068 0.04193677902221682
29 0.4516733646392822 0.8875674247741699 0.03718481063842777 0.12403202056884766
25 0.45853714942932133 0.7051657676696776 0.021625328063964833 0.04596652984619143
26 0.31223363876342775 0.7788283348083496 0.025396442413330056 0.04272537231445306
24 0.6138926506042481 0.3782972812652588 0.05485382080078127 0.0995806694030762
29 0.640207627331197 0.8389941837140906 0.04328160768578404 0.15502531074801928
25 0.7811877250671386 0.3782784938812256 0.05158042907714844 0.09704904556274419
1 0.33542375564575194 0.34212665557861327 0.04781293869018555 0.15086975097656252
15 0.3442370891571045 0.5144160747528076 0.028977489471435525 0.05036592483520508
28 0.7385765075683594 0.6683036804199218 0.029781150817871138 0.10663757324218748
25 0.380609130859375 0.7026209831237793 0.02574605941772462 0.048226451873779386
29 0.7064414978027344 0.840095615386963 0.04450035095214844 0.15033874511718748
25 0.29857559204101564 0.7018909931182862 0.026729106903076172 0.04794044494628913
25 0.6705756187438965 0.3779923439025879 0.05462570190429683 0.09936656951904299
56 0.7586033344268799 0.5611785411834717 0.029356098175048917 0.06906700134277344
25 0.4337286472320557 0.7040516376495362 0.02692689895629885 0.04662303924560551
17 0.195572829246521 0.511570930480957 0.028003168106079113 0.05101652145385738
25 0.40669727325439453 0.7034177303314209 0.025353622436523393 0.04775009155273435
23 0.4321287155151367 0.6208988666534424 0.027039527893066406 0.04654912948608403
24 0.2717176675796509 0.7013390541076661 0.02471613883972168 0.05203399658203123
34 0.4624656677246094 0.7797651767730713 0.017238235473632846 0.046154689788818426
51 0.6681440353393555 0.555909538269043 0.02513332366943366 0.07783889770507812
6 0.28892221450805666 0.33716835975646975 0.044024276733398426 0.15238122940063475
28 0.7681416034698487 0.6675321578979492 0.028858089447021507 0.10930042266845696
59 0.5363994598388672 0.5572849750518799 0.018544387817382768 0.07456893920898433
29 0.6004237256069415 0.8377152950657524 0.033495919231461 0.16353787758089755
28 0.6754280090332032 0.6689889907836915 0.030460929870605447 0.10338306427001953
14 0.46088972091674807 0.5160269737243652 0.020844268798828114 0.05043830871582028
23 0.45843811035156246 0.6194096565246583 0.023130130767822277 0.04912862777709959
29 0.5632262229919434 0.840555477142334 0.042811012268066495 0.16184272766113283
24 0.24515442848205568 0.7008891105651855 0.026496124267578136 0.05177574157714848
51 0.7254440307617187 0.5550256252288819 0.031089401245117165 0.08156423568725579
28 0.646308183670044 0.6675294399261474 0.028359699249267623 0.10521144866943355
29 0.740044116973877 0.8351173162460327 0.025732231140136674 0.15835995674133296
4 0.5626964681952663 0.3532267011834319 0.047383505917159674 0.14850684171597633
25 0.6472072685466093 0.30159852083991556 0.11703422209795777 0.05428802265840421
25 0.7692775810466093 0.30088046017815084 0.11703422209795777 0.05428802265840421
28 0.6172752444808547 0.6692890119982196 0.028359699249267623 0.10521144866943355
31 0.36844027246440847 0.9169928095362208 0.026013427811699963 0.07515007912575644
31 0.3385275472391832 0.9169928095362208 0.026013427811699963 0.07515007912575644
28 0.5850094619463613 0.6711242236189854 0.032219721765062936 0.10721963786841215
28 0.5517647810952975 0.6698775480870707 0.032219721765062936 0.10721963786841215
31 0.28565173828149143 0.9196120105212249 0.026950232892096748 0.07429457072970236
31 0.2580975980698308 0.919859241533883 0.026674661455275195 0.07281118465375291
