43 0.5727182388305664 0.26287169456481935 0.04229402542114258 0.03572568893432618
43 0.4783483505249023 0.3011926651000977 0.042588233947753906 0.0309140682220459
41 0.41497249603271485 0.5605936527252198 0.036464691162109375 0.04968681335449221
43 0.5268635749816895 0.2641058683395386 0.04456272125244132 0.036359310150146484
43 0.5732871055603027 0.29781816005706785 0.041070652008056596 0.033174991607666016
41 0.5468251228332519 0.5619749069213866 0.03811244964599603 0.04808578491210935
41 0.3706867218017578 0.561451530456543 0.038022184371948264 0.04854602813720699
41 0.5038470268249512 0.5606649398803711 0.03739643096923828 0.049531841278076194
43 0.47668805624309335 0.266246938078027 0.038605795408550025 0.03393302089289618
43 0.571418285369873 0.22463202476501465 0.03989677429199223 0.037751293182373025
43 0.5287536621093749 0.2992878437042237 0.0439018249511719 0.03351373672485353
43 0.5269124984741211 0.22657442092895508 0.0410840988159179 0.036898136138916016
41 0.545205020904541 0.4310640335083008 0.040542888641357466 0.03195705413818356
46 0.5299630641937256 0.698847484588623 0.06221551895141603 0.03992748260498047
46 0.4057429790496826 0.6980791091918945 0.05542526245117191 0.04103240966796884
41 0.45905494689941406 0.5608147621154785 0.04047813415527346 0.049027442932128906
46 0.4669158935546875 0.697331428527832 0.06149005889892578 0.0427708625793457
44 0.43344907760620116 0.30220880508422854 0.03789043426513672 0.031507015228271484
41 0.3638798475265503 0.4353606224060058 0.03882718086242676 0.03183917999267577
44 0.38969709873199465 0.2689473628997803 0.038198614120483365 0.032891273498535156
44 0.43221330642700195 0.26702742576599126 0.04098300933837895 0.034636688232421886
41 0.2728929042816162 0.4349310874938965 0.02680683135986328 0.03347969055175781
41 0.45232486724853516 0.43270149230957033 0.038667488098144576 0.03269233703613278
44 0.4296434051112125 0.2319054411168684 0.04098300933837895 0.034636688232421886
44 0.38595508274279144 0.23019217357300875 0.04098300933837895 0.034636688232421886
43 0.478401323786953 0.22855505211311472 0.038605795408550025 0.03393302089289618
