54 0.6078457832336426 0.41405553817749025 0.027054786682128906 0.07474946975708008
54 0.6297682285308839 0.5910525798797608 0.02620134353637693 0.07586822509765623
54 0.6361361026763916 0.41470932960510254 0.027265644073486306 0.07393665313720699
54 0.5749218940734864 0.5887410640716553 0.027077865600586004 0.07383909225463858
54 0.5800310611724854 0.4125818133354187 0.026819038391113326 0.07501795291900637
54 0.6578699717650542 0.5925416598448883 0.028168417956378033 0.07554995820328991
54 0.6024171829223632 0.5895363807678222 0.026602554321288996 0.07531242370605462
52 0.520184326171875 0.5852587699890137 0.026251029968261785 0.07832889556884759
52 0.547371244430542 0.5861315250396728 0.02702121734619145 0.07795104980468748
52 0.5519073963165284 0.4128125190734864 0.026209926605224587 0.07328920364379882
54 0.6643046855926513 0.4157505989074707 0.027374267578125 0.07311038970947265
52 0.4961835861206054 0.411192798614502 0.02626972198486327 0.07524757385253905
52 0.5241529941558838 0.4120744228363037 0.026832008361816317 0.07417583465576172
52 0.49330615997314453 0.5834611892700196 0.025786495208740268 0.07890205383300786
55 0.4692662521644875 0.4106897619035509 0.028553722522876912 0.07770901785956508
55 0.4144394274111147 0.4073018003393102 0.02608352943702985 0.07508100580286114
55 0.4412648483558937 0.4086787656501487 0.02596278014006448 0.07666735295896193
55 0.38804880424782084 0.40568345211170337 0.024394289652506562 0.07453241348266604
55 0.36118672335589375 0.4046855034651579 0.024081993103027333 0.07521302081920467
55 0.3330620659722222 0.4029236546269169 0.028971354166666685 0.07530622129087078
51 0.2998146422655455 0.40429488404689096 0.02748842592592593 0.07703993055555564
51 0.273411285784064 0.4032098146024464 0.02748842592592593 0.07703993055555558
51 0.24447610059887875 0.4028481247876317 0.02748842592592593 0.07703993055555547
51 0.21807274411739727 0.4019439002505946 0.025318287037037035 0.07595486111111105
51 0.19203107745073064 0.4019439002505946 0.025318287037037035 0.07595486111111105
51 0.1641809617099899 0.39941207154689096 0.027488425925925986 0.0737847222222221
56 0.6223114878542509 0.24848968876518215 0.02530364372469629 0.051793395748987836
56 0.5962171052631577 0.24908274291497973 0.022931427125506 0.05060728744939269
56 0.5681458755060727 0.24908274291497973 0.022931427125506 0.05060728744939269
47 0.5440283400809716 0.2463151568825911 0.0237221659919028 0.05060728744939272
47 0.5203061740890687 0.2443383097165991 0.0237221659919028 0.05060728744939255
47 0.49421179149797556 0.24473367914979743 0.02372216599190269 0.05060728744939244
55 0.43544131051185697 0.585624723218956 0.02596278014006448 0.07666735295896199
55 0.46344271432045075 0.5876357194723583 0.028553722522876912 0.07770901785956508
55 0.408615889567078 0.5842477579081176 0.02608352943702985 0.07508100580286114
55 0.32723852812818555 0.5798696121957242 0.028971354166666685 0.07530622129087083
51 0.2458199939475027 0.5797940823564391 0.027488425925926152 0.07703993055555547
51 0.21896867301647982 0.5788898578194019 0.025318287037037035 0.07595486111111105
51 0.19247904190027193 0.5788898578194019 0.025318287037037035 0.07595486111111105
51 0.162837068361366 0.5763580291156982 0.027488425925925986 0.07378472222222221
51 0.2729633213345226 0.5797078077217124 0.02748842592592593 0.07703993055555547
51 0.2993666778160041 0.580792877166157 0.02748842592592593 0.07703993055555569
55 0.35536318551185697 0.5816314610339652 0.024081993103027333 0.07521302081920467
55 0.3822252664037841 0.5826294096805107 0.024394289652506562 0.07453241348266604
