18 0.5757146358489991 0.30484399795532224 0.028444099426269465 0.07189149856567384
14 0.4327763557434082 0.17353042364120483 0.03234672546386719 0.06538999080657959
18 0.5463092803955079 0.30293564796447753 0.028736686706542947 0.07305393218994138
19 0.4236394882202148 0.36265201568603517 0.029210853576660145 0.056403064727783225
14 0.39907183647155764 0.16860439777374267 0.03298864364624027 0.0655052661895752
14 0.3638176918029785 0.1648115277290344 0.03618431091308594 0.06633903980255126
16 0.3921418905258178 0.3611703872680664 0.03190417289733888 0.058175086975097656
14 0.49520115852355956 0.18259775638580322 0.02813377380371096 0.0635103225708008
14 0.5830770015716553 0.19589970111846922 0.028461360931396507 0.05935463905334473
19 0.4533822059631348 0.3643849611282349 0.028618240356445335 0.055563831329345725
24 0.5889741897583007 0.473542594909668 0.02564182281494143 0.06759014129638669
16 0.3939050674438477 0.2911993026733398 0.03264598846435546 0.07874107360839844
29 0.5664963722229004 0.8089336395263672 0.0396529197692872 0.16251850128173828
16 0.3597375869750976 0.2880028486251831 0.0334609031677246 0.08247323036193846
51 0.3761684656143188 0.695343017578125 0.026407909393310558 0.09166946411132804
24 0.4758000373840332 0.5343968391418457 0.026395797729492188 0.04860477447509759
29 0.43838186264038087 0.8393272399902343 0.04936408996582031 0.17829284667968748
14 0.5545697212219238 0.19199936389923095 0.0276836395263671 0.060354566574096685
16 0.3586219310760498 0.3654368400573731 0.03348398208618164 0.0709064483642578
29 0.4841622352600098 0.8283864736557007 0.042833137512207076 0.1686615467071534
24 0.5625778198242187 0.47383975982666016 0.025812149047851562 0.06662693023681637
18 0.6038381576538085 0.30622258186340334 0.02667293548583982 0.06963043212890624
18 0.5398550510406495 0.3679617166519165 0.027149009704589777 0.05294742584228518
18 0.567962646484375 0.36991062164306643 0.026541519165039107 0.05112342834472655
54 0.5038385391235352 0.6808369636535645 0.022876548767089888 0.0803412437438965
14 0.46522793769836424 0.17877134084701538 0.030405139923095736 0.06446545124053954
29 0.5265408515930176 0.8177310943603515 0.040975761413574174 0.16358776092529304
14 0.524977731704712 0.18774287700653075 0.029160499572753906 0.06333518028259277
25 0.3577768325805664 0.5386527061462403 0.02780904769897463 0.055787849426269465
24 0.47803492546081544 0.47301244735717773 0.028127288818359353 0.067973518371582
59 0.5271355628967285 0.6777312278747558 0.021587562561035223 0.0812692642211914
16 0.32875833511352537 0.3664175748825073 0.025995254516601562 0.0792215824127197
25 0.3591888904571533 0.47189841270446775 0.030341577529907238 0.07056779861450191
17 0.33021984100341795 0.16501718759536743 0.02786626815795895 0.0827857732772827
25 0.3899018287658691 0.47148618698120115 0.029319095611572255 0.06908035278320312
25 0.3293595314025879 0.47137136459350587 0.026920318603515625 0.07128009796142576
59 0.5504923343658448 0.6765359878540039 0.021151161193847634 0.07810192108154301
25 0.41804914474487304 0.5347832679748534 0.029123306274414062 0.05123462677001955
24 0.5346050262451172 0.47423086166381834 0.02879323959350577 0.0674993515014648
25 0.3291831731796265 0.5450730323791504 0.02681412696838381 0.06714553833007808
25 0.4488677024841309 0.47225418090820315 0.028406620025634766 0.06780338287353516
24 0.5062177658081055 0.473659610748291 0.026924800872802745 0.06778488159179691
25 0.38772261142730713 0.5361862182617188 0.029869699478149436 0.0527551651000977
25 0.44728708267211914 0.5345393180847168 0.027857208251953147 0.050326538085937456
19 0.4569112777709961 0.29554266929626466 0.03063144683837893 0.07871184349060056
19 0.42621555328369143 0.2933168411254883 0.02992076873779298 0.07969331741333008
18 0.517806100845337 0.3007056474685669 0.027415657043457053 0.07428293228149413
16 0.32884852886199956 0.28426551818847656 0.027147579193115223 0.08242120742797854
41 0.33472909927368166 0.8179896354675293 0.047992324829101596 0.05997524261474607
19 0.4828378200531006 0.366373085975647 0.027950096130371083 0.05382575988769528
24 0.5555402278900147 0.5338151931762696 0.0240631103515625 0.04678325653076165
41 0.33329758644104 0.8753528594970703 0.04685783386230469 0.04957084655761723
41 0.38734993934631345 0.918403434753418 0.04435281753540038 0.05021247863769529
18 0.596001148223877 0.3710311412811279 0.027646446228027255 0.05104866027832028
24 0.5806799888610841 0.535249900817871 0.02462425231933596 0.051816368103027366
25 0.4199861526489258 0.4713751792907715 0.029158020019531217 0.06845302581787116
24 0.529636001586914 0.5335702419281005 0.025854110717773438 0.04759140014648444
24 0.5023503303527832 0.5339984893798828 0.025195693969726596 0.04855690002441415
54 0.4790169715881348 0.6836618423461913 0.024715995788574197 0.08226594924926756
41 0.390005082195088 0.8666635755765235 0.042771684517294684 0.05014719882253871
18 0.5113720893859863 0.3669895648956299 0.0280248641967773 0.05338134765625002
55 0.40261859893798824 0.6916622161865235 0.025724220275878895 0.0895797729492187
52 0.42876310348510743 0.6882164478302002 0.024263954162597634 0.08596534729003902
41 0.3335538864135742 0.9283683776855469 0.04845170974731444 0.05423431396484368
14 0.6115849027191911 0.2009905334389502 0.025340071945814113 0.06048913066978351
19 0.4862909123048945 0.2984392529827053 0.03063144683837904 0.07871184349060056
24 0.6133882522583007 0.4727149995706849 0.02564182281494143 0.06759014129638674
24 0.6055078490305754 0.533594710139905 0.02462425231933596 0.051816368103027366
56 0.5753111758474576 0.6789674920550847 0.025241657838983023 0.07117319915254239
52 0.45483235666307353 0.685733661813251 0.024263954162597634 0.08596534729003902
41 0.39013671875 0.8110077890299134 0.04386255296610175 0.05718175920389468
18 0.6232816391145652 0.3714265107143263 0.027646446228027255 0.05104866027832028
18 0.6291418013785048 0.30899016789579203 0.02667293548583982 0.06963043212890624
