18 0.2546729326248169 0.22421226501464844 0.04816689491271972 0.08469753265380858
24 0.665458869934082 0.22375054359436036 0.047842788696288996 0.08700132369995117
14 0.5878337383270265 0.050557321310043334 0.05219469070434568 0.09465142488479615
14 0.533954954147339 0.05279565453529358 0.04816808700561526 0.0911893606185913
19 0.48512129783630376 0.05652130991220474 0.0429398536682129 0.08337542712688446
24 0.7138520240783691 0.22246007323265077 0.04611606597900386 0.08955880403518679
15 0.6405215263366699 0.049460476636886595 0.05045871734619145 0.09540374279022217
18 0.34775238037109374 0.2256859540939331 0.0415367126464844 0.08081197738647461
25 0.4301894187927246 0.2259727954864502 0.042661094665527366 0.082198429107666
26 0.7629518508911133 0.22104086279869078 0.04743309020996089 0.09046288728713989
18 0.30308094024658205 0.224615615606308 0.045201778411865234 0.08333159685134886
29 0.4790374755859375 0.9152948379516601 0.0544715881347656 0.16941032409667967
18 0.388080358505249 0.22663645148277284 0.038466358184814475 0.08005925416946413
25 0.6176167488098144 0.22382012009620667 0.04501132965087895 0.0857876658439636
28 0.3496826648712158 0.9424380302429199 0.03642454147338864 0.11512393951416011
19 0.2864121437072754 0.05514827966690063 0.03480272293090819 0.08498629331588746
17 0.24286646842956544 0.05430082231760025 0.05021238327026367 0.089649698138237
19 0.32945737838745115 0.05148494392633438 0.04910364151000973 0.09497708976268769
25 0.4772342681884766 0.2256253719329834 0.045836639404296886 0.08496408462524413
19 0.38344264030456543 0.05148473381996155 0.05602769851684575 0.09446471929550171
31 0.3885489940643311 0.9477785110473633 0.04253816604614258 0.10444297790527346
41 0.510865306854248 0.549557113647461 0.06806430816650394 0.07228469848632812
15 0.6924274444580079 0.04798337221145629 0.050277423858642645 0.09562397003173828
25 0.5233528137207031 0.2243421792984009 0.04345855712890623 0.08615198135375979
25 0.5705322265625 0.22418431639671327 0.0470178604125977 0.08646394014358519
52 0.6086875915527343 0.3890493869781494 0.03886718750000007 0.11072235107421874
52 0.3320790767669678 0.3863271713256836 0.03599777221679684 0.11365375518798831
19 0.4378856658935547 0.05618903040885925 0.04852867126464844 0.0845537781715393
52 0.69178466796875 0.3880071878433228 0.04061336517333991 0.11391806602478027
28 0.30997648239135744 0.9424347877502441 0.044204807281494174 0.11513042449951172
41 0.4378649711608886 0.5430022239685058 0.062261390686035145 0.07782649993896484
0 0.3207868099212646 0.7276000022888183 0.058876705169677745 0.14448795318603513
41 0.5033662796020508 0.6187110900878907 0.06269235610961915 0.05947723388671877
15 0.7488414287567139 0.0476692795753479 0.05927610397338867 0.0953385591506958
41 0.5753877639770508 0.6166484832763672 0.06073160171508796 0.0644813537597656
41 0.36539220809936523 0.5518414974212646 0.06846914291381834 0.07053375244140625
59 0.2522995710372925 0.38736145496368407 0.04037799835205075 0.11732878684997561
41 0.29310534000396726 0.5408014774322509 0.06455712318420409 0.07806015014648438
52 0.2926955223083496 0.3857913017272949 0.03809499740600586 0.11389026641845701
51 0.41038804054260253 0.38613276481628417 0.0372744560241699 0.11006641387939453
52 0.6497604370117187 0.38860607147216797 0.038346481323242254 0.11126298904418941
41 0.3650394678115845 0.6182342529296876 0.0627476215362549 0.05766143798828127
28 0.4302121639251709 0.9455084800720215 0.04032173156738278 0.10887985229492192
51 0.44980630874633787 0.38652663230895995 0.038954734802246094 0.10958900451660158
52 0.3712585210800171 0.386766242980957 0.03871750831604004 0.11145153045654299
41 0.2989230155944824 0.6117136001586914 0.060240077972412154 0.06416206359863275
41 0.5822660446166992 0.5435989379882813 0.06486320495605469 0.0764793395996094
27 0.6886709690093995 0.7596167087554931 0.09397325515747068 0.092554759979248
15 0.8130889616514507 0.04763501422447074 0.05927610397338867 0.09533855915069586
27 0.592385457369641 0.7477427497405593 0.08951851089312812 0.0850433466727274
