54 0.6093133926391601 0.577361011505127 0.02286586761474607 0.05695390701293945
26 0.5523363113403321 0.352186632156372 0.020361328125000022 0.03010277748107909
54 0.5863200187683105 0.5778651714324952 0.020981121063232466 0.05658435821533203
54 0.5427779674530029 0.5799440383911133 0.02163906097412116 0.05707530975341801
19 0.3877006053924561 0.43228540420532224 0.020279598236083995 0.040563392639160145
25 0.37202806472778316 0.3580210685729981 0.02021961212158202 0.03367633819580079
29 0.36550321578979494 0.7189613342285156 0.04261484146118161 0.15350503921508785
16 0.4087501525878906 0.49919042587280277 0.022037887573242154 0.03802051544189455
54 0.5645081043243408 0.5787857055664063 0.020628929138183594 0.055871009826660156
16 0.3858340740203857 0.5015463829040527 0.02233009338378905 0.041356563568115234
26 0.5312127113342285 0.351750111579895 0.020895767211914107 0.02966475486755371
14 0.2567373037338257 0.43565216064453127 0.022014284133911155 0.04268941879272464
16 0.36286320686340334 0.5001218795776368 0.02193613052368165 0.037770652770996116
26 0.5101217746734619 0.35186998844146733 0.01918869018554681 0.02911858558654784
25 0.39301853179931645 0.357800817489624 0.019813728332519542 0.03399395942687988
16 0.31808838844299314 0.4989317893981934 0.022112941741943393 0.03597736358642578
25 0.3291184186935425 0.3582954168319702 0.022019672393798817 0.03330965042114259
29 0.40794758796691893 0.7172811508178711 0.04075813293457031 0.1478174209594726
16 0.3404752254486084 0.4990256309509278 0.021132946014404297 0.03572101593017579
25 0.4344164848327637 0.3583773136138916 0.01973438262939453 0.03279905319213866
19 0.4296666145324707 0.42780952453613286 0.01992149353027345 0.03376407623291017
29 0.5299560546875 0.7180920124053956 0.03892650604248049 0.15563573837280276
29 0.5723413467407226 0.717819595336914 0.04418315887451174 0.15588321685791018
54 0.520406436920166 0.5796977519989013 0.021619796752929688 0.0592008590698242
16 0.43129968643188477 0.49750385284423826 0.021416091918945335 0.03462944030761722
24 0.2655733346939087 0.3574325561523437 0.018462085723876975 0.03157968521118165
18 0.2523923873901367 0.5039620399475098 0.019757366180419955 0.04216785430908199
25 0.4136202812194824 0.35792324542999265 0.020131683349609353 0.03375387191772461
25 0.3513459444046021 0.3582953691482544 0.02029447555541991 0.03365349769592285
19 0.4085493564605713 0.43009319305419924 0.020216369628906272 0.037542915344238315
59 0.5406613349914551 0.43920140266418456 0.02016601562500009 0.04547309875488281
19 0.36688995361328125 0.43340816497802737 0.02085943222045894 0.04177341461181644
17 0.27924551963806155 0.4350516319274902 0.02252731323242191 0.04295854568481444
28 0.2326791763305664 0.7510297298431396 0.033698844909667985 0.09553079605102544
25 0.306916618347168 0.35789804458618163 0.020829105377197232 0.033353233337402366
16 0.29571759700775146 0.4995425224304199 0.021065998077392623 0.03682909011840818
59 0.5204005241394043 0.4395121097564697 0.018535041809081942 0.04561452865600585
19 0.44962024688720703 0.43058576583862307 0.01884593963623049 0.040129852294921886
55 0.6626333841463415 0.4356421493902439 0.02096036585365857 0.04525533536585369
55 0.640720274390244 0.4380240091463415 0.019054878048780588 0.04525533536585369
55 0.6207126524390245 0.439453125 0.019054878048780588 0.04525533536585369
55 0.6026105182926831 0.439453125 0.013338414634146534 0.042397103658536606
55 0.5835556402439026 0.4399294969512195 0.013338414634146534 0.042397103658536606
55 0.5630716463414636 0.439453125 0.013338414634146534 0.042397103658536606
32 0.7445969626168224 0.7427716121495327 0.03285630841121501 0.10587032710280375
32 0.7126533294392523 0.7423152745327102 0.027380257009345876 0.10860835280373837
32 0.6797970210280373 0.7487040011682242 0.027380257009345876 0.10860835280373837
32 0.6460280373831775 0.7496166764018692 0.027380257009345876 0.10860835280373837
32 0.6113463785046729 0.7477913259345794 0.027380257009345876 0.10860835280373837
28 0.26436566548926804 0.7481165409088134 0.027708505470061984 0.09152976864966278
28 0.29265859773225866 0.7490292161424583 0.027708505470061984 0.09152976864966278
28 0.32460223090982876 0.7490292161424583 0.027708505470061984 0.09152976864966278
27 0.24102551424050636 0.5886941257911392 0.024723101265822833 0.06984276107594933
27 0.26760284810126583 0.5886941257911392 0.024723101265822778 0.06984276107594933
27 0.2947982594936709 0.5886941257911392 0.024723101265822778 0.06984276107594933
27 0.32199367088607594 0.5893122033227848 0.024723101265822778 0.06984276107594933
27 0.34733484968354433 0.5886941257911392 0.024723101265822778 0.06984276107594933
27 0.3732941060126582 0.5880760482594937 0.024723101265822778 0.06984276107594933
27 0.3998714398734177 0.5880760482594937 0.024723101265822778 0.06984276107594933
27 0.4283030063291139 0.5874579707278481 0.024723101265822778 0.06984276107594933
15 0.2735811121323529 0.4994111902573529 0.021541819852941124 0.03374885110294118
47 0.4402449324324324 0.2908572635135135 0.013724662162162171 0.032728040540540515
47 0.41965793918918914 0.2919130067567568 0.013724662162162171 0.032728040540540515
47 0.40065456081081074 0.2919130067567568 0.013724662162162171 0.032728040540540515
47 0.38112331081081074 0.2913851351351352 0.013724662162162171 0.032728040540540515
56 0.3597445101351351 0.2905933277027027 0.015308277027027029 0.027977195945945943
56 0.3407411317567568 0.2900654560810811 0.015308277027027029 0.027977195945945943
56 0.3217377533783784 0.29112119932432434 0.015308277027027029 0.027977195945945943
56 0.3011507601351352 0.29164907094594594 0.015308277027027029 0.027977195945945943
56 0.2773965371621623 0.29164907094594594 0.015308277027027029 0.027977195945945943
34 0.5725214656549521 0.35162490015974446 0.01996805111821076 0.026832068690095856
34 0.592645517172524 0.3513128993610224 0.016536042332268353 0.026208067092651777
34 0.6123015674920127 0.35115689896166136 0.019656050319488805 0.02464806309904155
33 0.6324256190095847 0.3508448981629393 0.018720047923322714 0.027768071086261947
33 0.6517696685303515 0.3508448981629393 0.018720047923322714 0.027768071086261947
33 0.6720497204472844 0.35022089656549527 0.018720047923322714 0.027768071086261947
33 0.6943577775559107 0.34912889376996803 0.022152056709265122 0.02620806709265172
