47 0.6504021644592285 0.30114562511444093 0.028995704650878862 0.0804741382598877
47 0.6810449600219726 0.3022804260253906 0.028511428833007835 0.08163790702819829
34 0.42295012474060056 0.82919340133667 0.029183673858642567 0.05963764190673826
18 0.3587657928466797 0.6334938049316405 0.028511524200439453 0.06229553222656248
18 0.3884102821350098 0.6336278915405273 0.028833866119384766 0.06074733734130855
47 0.7124875545501709 0.30234851837158205 0.029353904724121138 0.0816944122314453
18 0.4188258171081543 0.634056282043457 0.030373001098632835 0.059912490844726496
24 0.33981146812438967 0.7363994598388672 0.029161071777343783 0.061425971984863215
15 0.22601594924926757 0.4296905040740967 0.03286094665527345 0.06829538345336911
14 0.3662417888641357 0.5408434867858887 0.032056617736816395 0.06770133972167969
26 0.22150588035583496 0.8358154296875 0.028200721740722634 0.05628128051757808
19 0.2722234964370728 0.6360148429870606 0.029783868789672818 0.06339092254638667
12 0.6119939804077148 0.7770346164703369 0.05155658721923828 0.1028229713439941
14 0.4317766189575195 0.5408405303955078 0.03134326934814452 0.06801700592041016
15 0.28946528434753416 0.42985358238220217 0.030350971221923817 0.06678600311279298
54 0.4339002132415771 0.30855746269226075 0.03068084716796876 0.09990797042846677
16 0.3326057195663452 0.539677906036377 0.031539297103881814 0.06448211669921877
19 0.3296991109848022 0.6340502738952636 0.027887630462646473 0.06339607238769529
15 0.25836739540100095 0.42978973388671876 0.03090982437133788 0.06725740432739258
17 0.35139477252960205 0.4305227160453796 0.030803346633911155 0.06445887088775631
26 0.3934547424316406 0.8316831588745117 0.02692251205444335 0.05634956359863286
26 0.3091543197631836 0.8335446357727051 0.027492523193359375 0.05535869598388676
16 0.2668334722518921 0.5382214546203613 0.03191533088684084 0.0625
18 0.44950056076049805 0.6333428382873535 0.029645252227783248 0.06062889099121094
26 0.36514744758605955 0.8318275451660156 0.026965045928955045 0.05562705993652339
54 0.40285010337829585 0.3080227851867676 0.029749679565429676 0.09908695220947267
15 0.19265153408050537 0.4315450668334961 0.031104326248168945 0.07153749465942383
15 0.3204165458679199 0.42998418807983396 0.030115604400634766 0.06604032516479491
16 0.30003037452697756 0.5386579990386963 0.031277847290039074 0.06209068298339848
16 0.23442625999450684 0.5381573677062989 0.02984676361083982 0.06340646743774414
26 0.3370793104171753 0.8326976776123047 0.027466773986816406 0.05449733734130857
17 0.44624910354614256 0.431747579574585 0.030195045471191395 0.06750755310058593
59 0.18548491001129153 0.3072098731994629 0.029880905151367182 0.10016145706176754
0 0.7334527492523193 0.5930613040924073 0.042641639709472656 0.14373836517333982
17 0.41499943733215333 0.4310770153999329 0.03138265609741209 0.0671466588973999
19 0.24101018905639648 0.6369059562683106 0.02986278533935549 0.06365890502929694
14 0.3989771842956543 0.5405050277709961 0.030679798126220736 0.0660405158996582
29 0.5770368576049805 0.9168035507202148 0.04407863616943364 0.15236930847167962
26 0.2509022235870361 0.8351554870605469 0.028547668457031244 0.054495811462402344
17 0.38310909271240234 0.4304967045783996 0.03060846328735356 0.06587045192718505
24 0.36966097354888916 0.7367799282073975 0.029848337173461914 0.06151981353759761
13 0.717160701751709 0.7725538253784179 0.050933837890625 0.09826812744140623
29 0.6661289215087891 0.9122279167175293 0.04281349182128913 0.15228004455566413
13 0.6646367073059083 0.7751407623291016 0.050880813598632835 0.09994983673095703
29 0.7099800109863281 0.9103791236877441 0.04331760406494145 0.15274105072021482
52 0.2486649513244629 0.3055213689804077 0.03187713623046878 0.0983535766601562
19 0.2105771481990814 0.6371351718902587 0.030237972736358643 0.06518659591674802
52 0.2810285568237305 0.30596327781677246 0.02843170166015624 0.09790983200073244
29 0.5387148380279541 0.9197662353515625 0.03152399063110345 0.15152053833007806
24 0.45358819961547847 0.7342276573181152 0.0231945037841797 0.05788555145263663
25 0.2766476392745972 0.7381435394287109 0.028330945968627952 0.05718708038330078
29 0.6220595359802246 0.9139312744140625 0.04330463409423835 0.1515026092529297
2 0.6533878326416016 0.43635649681091304 0.04463748931884759 0.15718679428100585
19 0.3009066581726074 0.6351356506347656 0.027268600463867143 0.0635875701904296
26 0.2803141355514526 0.8340866088867187 0.02819647789001467 0.055248260498046875
25 0.30749876499176027 0.7385851383209229 0.03167366981506348 0.05587368011474614
25 0.21580622196197508 0.7399919509887696 0.02840790748596192 0.05650939941406252
2 0.5616685390472412 0.4361076831817627 0.046003532409667924 0.15907554626464837
25 0.24638452529907226 0.7389260292053224 0.02881803512573239 0.05709133148193357
56 0.8055712699890136 0.3002025365829468 0.02733116149902337 0.07610063552856444
28 0.31283345222473147 0.9567973136901855 0.033330821990966764 0.08588581085205071
2 0.6075853347778319 0.4366797924041748 0.04370269775390623 0.15994281768798835
56 0.744203758239746 0.3021665334701538 0.0289389610290528 0.08225331306457517
29 0.20525474548339845 0.9581132888793945 0.03490171432495118 0.08347702026367188
12 0.5593995571136474 0.7786911487579345 0.053042030334472634 0.10289793014526372
16 0.20260782837867736 0.5382645606994629 0.03149060010910035 0.06614646911621092
31 0.34526982307434084 0.9620523452758789 0.029484176635742154 0.07589530944824219
24 0.3986482143402099 0.735437774658203 0.027866554260253917 0.0608247756958008
51 0.36911656925979164 0.3076681137084961 0.029280567169189475 0.10005807876586909
24 0.427134370803833 0.7342209815979004 0.027546215057373036 0.058793067932128906
29 0.7546093940734864 0.9092299461364746 0.04542694091796873 0.15434799194335935
56 0.7759025573730469 0.30131728649139405 0.03021659851074221 0.0800485610961914
59 0.15303152799606323 0.30827746391296384 0.029514479637145985 0.10004911422729496
35 0.37544403076171873 0.9626615524291993 0.02894563674926759 0.07467689514160158
33 0.452436637878418 0.8291969537734986 0.027450180053710915 0.05940127372741699
3 0.788027286529541 0.43218441009521485 0.045039367675781206 0.1560381889343262
28 0.2780632972717285 0.9572999954223633 0.034457492828369185 0.08504905700683596
8 0.700798225402832 0.43472995758056643 0.043122482299804754 0.1556570053100586
8 0.7446550846099853 0.43446131944656374 0.04008960723876953 0.15319230556488034
51 0.21470890091460887 0.30510206245681615 0.028985977172851562 0.09955735206603988
31 0.40558031797409055 0.9618453979492188 0.02964899539947513 0.07565650939941415
31 0.4386985244958297 0.9625672050144363 0.02964899539947513 0.07565650939941426
13 0.7715085278386655 0.7717046405958092 0.050933837890625 0.09826812744140623
1 0.6043693087748344 0.5962851821192053 0.036863617549668826 0.14098716887417218
1 0.5623318501655629 0.5982253725165564 0.036863617549668826 0.14098716887417218
5 0.6897376862582781 0.5914347061258278 0.03815707781456945 0.13904697847682113
5 0.6470534975165563 0.5946683567880795 0.03815707781456945 0.13904697847682113
