34 0.5239517211914062 0.582862663269043 0.02413463592529297 0.05710525512695319
34 0.5002357482910156 0.5844170093536377 0.023027324676513694 0.05499963760375981
26 0.29949069023132324 0.40900497436523436 0.024778890609741255 0.055737972259521484
26 0.399511456489563 0.41094675064086916 0.0255179882049561 0.05485897064208983
26 0.3241879940032959 0.4097715377807617 0.023138809204101607 0.054550266265869174
26 0.24672627449035645 0.40895829200744627 0.02609653472900389 0.05632266998291019
34 0.4268500328063965 0.5848376274108886 0.02374887466430664 0.05641508102416992
26 0.27342538833618163 0.40892977714538575 0.02593374252319336 0.056195735931396484
26 0.34802918434143065 0.4099767208099365 0.02421393394470217 0.05462570190429683
26 0.2202517747879028 0.4090150952339172 0.025366687774658198 0.05654809474945072
34 0.4765308856964111 0.584700632095337 0.02296218872070316 0.05462951660156257
26 0.16689505577087405 0.40828318595886226 0.02674303054809571 0.058009815216064464
59 0.5162588119506837 0.41011115312576296 0.021663570404052757 0.05801389217376712
54 0.6080442428588868 0.4065277099609375 0.021977996826171853 0.06523075103759768
26 0.3731680870056152 0.4104849934577942 0.02442140579223634 0.05488450527191163
59 0.5389229774475097 0.4100363850593567 0.02196083068847654 0.05891110897064211
54 0.6307346820831299 0.4062505722045898 0.022058582305908292 0.06587963104248046
59 0.49387617111206056 0.4099057674407959 0.021846961975097723 0.05787801742553711
34 0.5478280544281006 0.5826601982116699 0.022357940673828125 0.05618572235107422
54 0.5626614570617676 0.4075469970703125 0.022930335998535223 0.06482629776000981
52 0.5699591636657715 0.5720791816711426 0.020075988769531206 0.07373208999633785
34 0.4518471240997315 0.5845413684844971 0.02419395446777345 0.05566978454589844
52 0.5921206474304199 0.5709634780883789 0.0226593017578125 0.07495517730712886
26 0.1940658688545227 0.40869460105895994 0.02584650516510012 0.05718622207641605
33 0.16740387678146362 0.5889211177825928 0.02692682743072511 0.06142988204956057
54 0.5857303142547607 0.40638227462768556 0.021719932556152344 0.06591262817382815
59 0.4710320949554443 0.40985355377197263 0.0220935821533203 0.058056259155273404
59 0.4255110145896993 0.4112783913971276 0.023464775085449252 0.058492755889892556
33 0.27375328540802 0.587969970703125 0.02521514892578125 0.05941467285156243
33 0.19479773044586182 0.5887631416320801 0.026077699661254894 0.06029624938964839
51 0.6531220436096191 0.4065293312072754 0.02172374725341797 0.06562814712524417
33 0.2480865240097046 0.5884457588195802 0.025691986083984375 0.06011066436767576
33 0.29951863288879393 0.5870733261108398 0.025296592712402366 0.05877628326416007
33 0.32529823780059813 0.5868470191955566 0.025037193298339866 0.05914993286132819
33 0.40215153694152833 0.5859732627868652 0.023975372314453125 0.057099342346191406
51 0.6788210567675138 0.4056726974353456 0.02172374725341797 0.06562814712524417
51 0.6980489446405778 0.40647272478070173 0.01220803177147578 0.0625342653508772
51 0.7173232045089988 0.40647272478070173 0.018204468174984556 0.060820997807017496
55 0.7378402217741935 0.4075940860215054 0.023626512096774244 0.06772933467741937
55 0.7604166666666666 0.4078566028225806 0.018376176075268758 0.06510416666666674
55 0.7808929771505376 0.4078566028225806 0.018376176075268758 0.06510416666666674
55 0.800844254032258 0.4083816364247312 0.018376176075268758 0.06510416666666674
59 0.44740558285867016 0.41142865457842426 0.0220935821533203 0.058056259155273404
33 0.16690563060799424 0.5261420999254498 0.02692682743072511 0.06142988204956057
33 0.1958039086692187 0.5266403460989193 0.02692682743072511 0.06142988204956057
33 0.22270920203656566 0.525145607578511 0.02692682743072511 0.06142988204956057
33 0.2506109877508514 0.5261420999254498 0.026926827430725053 0.06142988204956057
33 0.2750250502508514 0.525145607578511 0.026926827430725053 0.06142988204956057
33 0.30094265353922944 0.5267314365931919 0.022923253507030228 0.06260855538504473
33 0.3243602236922907 0.5252366980727838 0.022923253507030228 0.06260855538504473
33 0.3512655170596376 0.5262331904197226 0.022923253507030228 0.06260855538504473
33 0.37767256425351514 0.5262331904197226 0.022923253507030228 0.06260855538504473
33 0.4030831191004539 0.5262331904197226 0.022923253507030228 0.06260855538504473
34 0.4263517866329271 0.525048086594562 0.02374887466430664 0.05641508102416992
34 0.4532570800002741 0.5235533480741539 0.02374887466430664 0.05641508102416992
34 0.4776711425002741 0.5260445789415008 0.02374887466430664 0.05641508102416992
34 0.5000922203063966 0.5230551019006844 0.02374887466430664 0.05641508102416992
34 0.5230115442859884 0.5235533480741538 0.02374887466430675 0.05641508102416992
34 0.5489203453063964 0.5235533480741538 0.02374887466430675 0.05641508102416992
