41 0.23964498043060303 0.41542878150939944 0.06026682853698734 0.06689434051513671
41 0.3893778324127197 0.4132755279541016 0.05857410430908205 0.061169815063476574
41 0.3196441173553467 0.4136957049369812 0.06864619255065918 0.06179621219635012
41 0.2360654354095459 0.3418681859970093 0.06674528121948242 0.07627573013305661
41 0.45642910003662107 0.41472334861755367 0.052570915222168 0.06134433746337892
27 0.2222509801387787 0.6866088390350342 0.07443791627883911 0.06640844345092767
41 0.3113440275192261 0.3425769329071045 0.06647658348083496 0.07520270347595215
41 0.38826663494110103 0.34336595535278325 0.06153016090393065 0.07329244613647462
41 0.4587037086486816 0.3417669773101807 0.06058807373046876 0.0800441741943359
41 0.17152845859527588 0.417506206035614 0.05211267471313474 0.06543638706207278
27 0.30066623687744143 0.6859037399291992 0.07622661590576169 0.07018547058105462
41 0.16125400066375734 0.3384997844696045 0.05999860763549805 0.09057598114013676
27 0.3786840200424194 0.6835460186004638 0.07747750282287597 0.07142009735107424
61 0.4741062164306641 0.498811674118042 0.05951442718505856 0.06838407516479494
27 0.30023775100708006 0.53753662109375 0.08382863998413087 0.06810531616210946
27 0.45396490097045894 0.6764884948730469 0.0697610855102539 0.0653238296508789
27 0.3901842970597117 0.5366799873218202 0.08382863998413087 0.06810531616210946
61 0.47508481259931595 0.5629704542327345 0.060983769935474164 0.057926964341548426
32 0.7409904233870968 0.7751176075268816 0.01837617607526887 0.0698294690860215
28 0.6509471606182795 0.7819430443548386 0.025201612903225756 0.07192960349462374
28 0.6766738071236558 0.7782678091397849 0.025201612903225756 0.07192960349462374
31 0.7066007224462365 0.7811554939516128 0.02205141129032251 0.06195396505376338
29 0.6092069892473118 0.7651419690860215 0.044627856182795744 0.11708249327956988
29 0.5677293346774193 0.7690797211021505 0.035177251344086 0.12180779569892475
27 0.21234712600708008 0.54534912109375 0.08382863998413087 0.06810531616210946
