28 0.5434919314828479 0.9002439035577812 0.040836342722780805 0.13049650462532802
18 0.5013479232788085 0.15760830640792844 0.03876266479492185 0.10041048526763915
19 0.46198434829711915 0.15867913990485957 0.0364500045776367 0.10053296089172363
54 0.59906005859375 0.3316898584365845 0.034612178802490234 0.12108874320983887
26 0.3458092212677002 0.5181411743164062 0.035054588317871116 0.07916603088378904
34 0.3507657051086426 0.3484039783477783 0.0358396530151367 0.08773603439331057
25 0.5816039085388184 0.15566024780273438 0.038903999328613326 0.10311994552612304
16 0.42288961410522463 0.15884063243865967 0.03794631958007816 0.09885644912719727
26 0.4106047511100769 0.5953561782836914 0.03356001377105716 0.06269626617431634
26 0.38024210929870605 0.5186168670654296 0.03344707489013676 0.07844829559326166
14 0.3819866180419922 0.1595773935317993 0.03967704772949221 0.10023951530456543
26 0.3763433933258057 0.5953563213348388 0.032689571380615234 0.06402988433837886
26 0.3416993141174316 0.5956532478332519 0.03396387100219728 0.06451015472412103
29 0.41511317491531374 0.8738133430480957 0.057161307334899936 0.20685901641845705
24 0.6227503776550294 0.15292463302612302 0.039601707458496116 0.10275640487670898
26 0.4149491310119629 0.5175359725952149 0.03473091125488281 0.07768306732177732
29 0.3547919988632202 0.8745491981506348 0.06027455329895015 0.20585174560546882
52 0.5270857810974121 0.3338340759277344 0.032940673828125044 0.11692609786987301
28 0.4642697893008788 0.8996631452429149 0.04248774933346494 0.13877467105263164
55 0.6344003677368164 0.3312941551208496 0.03391761779785152 0.12121286392211911
54 0.5623393058776855 0.33381028175354 0.03525733947753906 0.11939520835876466
33 0.313702130317688 0.3497218608856201 0.03627834320068363 0.08969120979309081
17 0.29841461181640627 0.1561387300491333 0.04139490127563478 0.09649958610534667
28 0.5040960273279351 0.9000585146761133 0.037164726720647745 0.13482097672064774
51 0.49147610664367675 0.3341280937194824 0.03464498519897463 0.11690669059753417
15 0.3393191698120862 0.1574876308441162 0.03936681747436521 0.10032010078430176
56 0.5471632957458497 0.5872204780578614 0.0343442916870117 0.0743330001831054
28 0.5842212941482482 0.8993985903890509 0.039267487081921626 0.13376860869558227
47 0.6225892030403588 0.5897583220478549 0.03403310775756829 0.07408447265624996
23 0.5410163402557373 0.15747532844543458 0.03923845291137695 0.1007850170135498
59 0.4438985824584961 0.5806901931762696 0.030750083923339833 0.0899200439453125
56 0.5824148201360935 0.5881732219603004 0.0343442916870117 0.0743330001831054
32 0.6245236280487806 0.8989138719512195 0.0390625 0.1305259146341463
