56 0.6905924320220947 0.3141470909118652 0.025221157073974654 0.05896024703979491
18 0.4618228435516357 0.40703659057617186 0.026704120635986317 0.045475006103515625
47 0.8012634277343751 0.3152141571044922 0.02552165985107424 0.05793466567993166
15 0.37834146022796633 0.3070738792419434 0.027596044540405262 0.04902176856994628
56 0.6629675865173339 0.31384778022766113 0.02729740142822268 0.05845952033996582
15 0.35086736679077146 0.3063345193862915 0.02703576087951659 0.048489236831665006
47 0.7186532974243165 0.31432099342346187 0.026544189453124978 0.05892400741577147
47 0.7749264717102051 0.3141626358032227 0.024610710144043035 0.05930175781249997
15 0.4061604022979736 0.3072189807891845 0.026573562622070335 0.04920167922973634
52 0.42144527435302737 0.4936578750610352 0.02562942504882809 0.06726026535034185
45 0.7334780693054199 0.8491920471191406 0.05728912353515625 0.07594985961914058
24 0.7372982978820801 0.42687492370605473 0.02589073181152346 0.04769153594970704
24 0.7111332893371582 0.42695479393005376 0.025388145446777366 0.04764957427978517
16 0.327086877822876 0.40504183769226076 0.026513957977294944 0.047766876220703136
24 0.6852230072021485 0.4270180225372314 0.02513809204101558 0.04749727249145508
26 0.32613840103149416 0.5884136199951171 0.025111293792724643 0.0463737487792969
14 0.4334696292877197 0.30797367095947265 0.02726020812988278 0.04852209091186521
26 0.37629451751708987 0.5896521568298341 0.024445533752441406 0.04559936523437502
26 0.30069479942321775 0.5878640174865724 0.025559711456298817 0.04725704193115232
56 0.6337647438049316 0.31358320713043214 0.027115058898925737 0.05799117088317873
26 0.42767767906188964 0.5892721176147461 0.025331974029541016 0.04593772888183589
16 0.297273850440979 0.40458626747131343 0.030201578140258756 0.04735116958618163
16 0.3809372901916504 0.4061405181884765 0.025683021545410134 0.046901416778564464
34 0.26954648494720457 0.5021173477172851 0.027542686462402377 0.0489936828613281
56 0.5780816555023194 0.3127888679504395 0.0261923789978028 0.05803632736206055
26 0.27459144592285156 0.5879546165466308 0.025369548797607444 0.047771453857421875
16 0.3544136047363281 0.40552678108215334 0.026487064361572277 0.04783086776733397
47 0.7473649978637695 0.31400609016418457 0.025332927703857422 0.059228610992431596
26 0.4015631198883057 0.5894388198852538 0.025422954559326194 0.04575004577636721
26 0.2494898557662964 0.5884583950042724 0.024207687377929693 0.04558916091918941
26 0.351399564743042 0.5887943267822267 0.02465448379516605 0.04632415771484377
17 0.32288992404937744 0.3058325290679932 0.02736721038818357 0.04805197715759274
17 0.26660318374633785 0.3038818120956421 0.027433204650878895 0.0481112003326416
17 0.23819413185119628 0.3034801483154297 0.029379272460937467 0.04666814804077146
26 0.4792752265930176 0.5897801399230957 0.023929595947265625 0.04594888687133791
26 0.45388488769531254 0.5891556739807129 0.0251605987548828 0.046244049072265536
17 0.29482507705688477 0.3050320863723755 0.028428697586059593 0.04879107475280764
14 0.4612527847290039 0.3081474781036377 0.027789688110351596 0.048639202117919944
41 0.27786712646484374 0.8552350997924805 0.0398984909057617 0.040595626831054776
23 0.5777992725372314 0.42719058990478515 0.02520408630371096 0.04622516632080076
16 0.2675525188446045 0.4041261672973633 0.027630901336669955 0.047356700897216775
41 0.45872097015380864 0.8600704193115234 0.03820438385009767 0.035900115966796875
41 0.3683619022369385 0.8940706253051758 0.03866968154907224 0.035284233093261674
41 0.3680705308914185 0.8554443359375 0.039650630950927745 0.0431976318359375
45 0.6717071533203125 0.855984878540039 0.06334915161132804 0.07451324462890618
56 0.6061924934387206 0.31325516700744627 0.0264615058898926 0.0582897186279297
18 0.484920072555542 0.4069585680961609 0.020233535766601585 0.045733094215393066
25 0.6588056087493896 0.42701668739318843 0.025759220123291016 0.04768199920654298
16 0.24012885093688965 0.4040407657623291 0.02588901519775394 0.04695606231689453
41 0.32233388423919673 0.855567455291748 0.03907446861267089 0.03963394165039058
41 0.2797380924224854 0.8953117370605469 0.042598104476928744 0.037577819824218706
29 0.5915030479431153 0.6329634666442872 0.0417790412902832 0.15384941101074212
29 0.6342332363128662 0.6333013057708741 0.042379570007324174 0.15512514114379883
25 0.6046343803405761 0.42740392684936523 0.025217819213867232 0.047802639007568315
25 0.6315537452697754 0.42710146903991697 0.02617502212524414 0.04755096435546874
41 0.32364397048950194 0.8944353103637694 0.03930330276489258 0.036514663696289085
24 0.7637879371643066 0.4264314651489258 0.02586164474487307 0.047631072998046864
33 0.24198570251464843 0.5021809101104737 0.02529325485229489 0.047867202758789085
19 0.4077658176422119 0.4064827084541321 0.02626743316650393 0.04644620418548584
44 0.4149238109588623 0.7013433933258056 0.0411795616149902 0.03078603744506836
46 0.6754959106445313 0.761626148223877 0.06246414184570315 0.052758216857910156
45 0.6150048732757568 0.8577319145202638 0.05416803359985356 0.07059612274169924
44 0.4135176777839661 0.6687313079833984 0.03871991634368893 0.032329559326171875
50 0.7902381896972657 0.41598000526428225 0.024978256225585915 0.06794328689575196
14 0.4859305381774902 0.3082683324813843 0.020736503601074208 0.04862046241760254
55 0.4474205017089844 0.4935868263244629 0.02470626831054684 0.06634387969970701
41 0.4598986625671386 0.8940334320068359 0.037160110473632824 0.031070518493652388
44 0.4148558735847473 0.7296117782592774 0.0413299322128296 0.025139045715331987
41 0.36765747070312504 0.8101728439331055 0.039439868927001964 0.045692062377929665
46 0.7362675666809082 0.760169506072998 0.05490455627441415 0.05529918670654288
41 0.2743359565734863 0.8142743110656738 0.04058189392089845 0.040631866455078214
51 0.395792555809021 0.4934220790863037 0.024167776107788086 0.06772413253784182
46 0.5720739841461182 0.7673795223236084 0.05508289337158201 0.05431365966796875
23 0.4347895622253418 0.40674926042556764 0.02624053955078126 0.046069884300231956
28 0.7051213203914581 0.6614589660886734 0.0287975311279296 0.09984416961669917
28 0.6714442729949952 0.6594181060791016 0.030004119873046853 0.10072956085205087
19 0.43474249839782714 0.4066745638847351 0.026329517364501953 0.04647867679595952
28 0.7329307904319158 0.6602300628783211 0.028256034851074197 0.09926261901855471
47 0.6341020584106445 0.313962459564209 0.027019405364990257 0.05816383361816402
41 0.4122148036956787 0.894434928894043 0.04000043869018555 0.03456306457519531
55 0.4726755142211914 0.49394903182983396 0.024609947204589866 0.0661757469177246
28 0.7632500406295534 0.6606839164854987 0.0287975311279296 0.09984416961669917
61 0.45611669146825395 0.6750682043650793 0.04262772817460314 0.04340277777777779
41 0.41315194861477156 0.8121338128086075 0.039439868927001964 0.045692062377929665
41 0.45890875724424796 0.8183289432142633 0.037044422119018094 0.043406119595569836
41 0.4098845353566978 0.8544107705235002 0.03861319721941969 0.04026856939476664
41 0.3203134101012657 0.8117905156365757 0.03907446861267089 0.03963394165039058
1 0.27018229166666663 0.6759207589285714 0.04929315476190474 0.02278645833333326
1 0.2659970238095238 0.712890625 0.046502976190476164 0.025111607142857095
1 0.2673921130952381 0.7393973214285714 0.046502976190476164 0.025111607142857095
36 0.31994047619047616 0.6724330357142857 0.045572916666666685 0.02139136904761907
36 0.36644345238095244 0.6715029761904762 0.045572916666666685 0.02139136904761907
36 0.36318824404761907 0.7007998511904763 0.04743303571428581 0.026971726190476164
36 0.31436011904761907 0.7082403273809523 0.04743303571428581 0.026971726190476164
36 0.3166852678571429 0.7380022321428572 0.04743303571428581 0.026971726190476164
36 0.36365327380952384 0.7342819940476191 0.04743303571428581 0.026971726190476164
