28 0.4221312522888183 0.6273475646972656 0.03365831375122069 0.1163417816162109
31 0.446866226196289 0.4369679927825928 0.03078155517578124 0.10674629211425785
28 0.6021746635437012 0.22674837112426757 0.03725719451904297 0.12591238021850587
28 0.6381955623626709 0.22610787749290467 0.03502798080444336 0.12525607347488402
31 0.4147642612457275 0.43787441253662107 0.03240118026733402 0.1061893463134766
28 0.45680541992187496 0.6260003566741943 0.0340717315673828 0.11524858474731448
32 0.4914799690246582 0.6242116451263428 0.03310108184814453 0.11637668609619145
28 0.5646820068359375 0.2272645711898804 0.03609333038330087 0.12738962173461915
28 0.5284980297088623 0.2277146816253662 0.03628797531127925 0.12615089416503905
32 0.48024606704711914 0.4288913726806641 0.034734916687011674 0.11981048583984377
28 0.4167617917060852 0.2284435510635376 0.03696725368499759 0.12796816825866697
28 0.45444421768188475 0.22850655913352966 0.03615150451660154 0.1277352452278137
28 0.49146442413330077 0.22809815406799316 0.03650655746459963 0.1274144172668457
