56 0.6571867942810059 0.3162678003311157 0.023048210144042902 0.04790406227111815
18 0.5619974136352539 0.3992737293243408 0.02241382598876962 0.04021997451782228
23 0.6075538158416748 0.4006516933441162 0.02257680892944336 0.039824485778808594
56 0.6323941707611085 0.31551005840301516 0.0233584403991699 0.047818279266357455
18 0.5391613006591797 0.3987645387649536 0.022312927246093794 0.040717458724975564
56 0.608456802368164 0.3146390438079834 0.022327232360839777 0.04778265953063965
47 0.6804650306701661 0.3165731430053711 0.02127571105957038 0.047999095916748
54 0.4071989059448242 0.4635112762451172 0.021095657348632835 0.05909051895141604
32 0.5228913307189942 0.48304057121276855 0.02569923400878904 0.08194265365600589
59 0.42964081764221196 0.5396677017211915 0.020248222351074208 0.05433120727539065
26 0.2784420013427734 0.544788122177124 0.021128177642822266 0.037850379943847656
54 0.38576812744140626 0.46285457611083985 0.020229339599609375 0.05917987823486326
43 0.6438902854919434 0.670427942276001 0.03978538513183594 0.02999668121337895
52 0.36422898769378664 0.4621569156646729 0.02101836204528812 0.05874166488647464
24 0.722148847579956 0.4030803799629211 0.022285938262939453 0.04325940608978268
47 0.7284791469573975 0.32167420387268064 0.022169303894042924 0.056895160675048795
17 0.32022628784179685 0.3147443294525146 0.023055362701416005 0.04032840728759762
47 0.7038495063781738 0.3175972461700439 0.023055839538574152 0.04980044364929198
61 0.6034011363983154 0.7101311683654785 0.034846019744873113 0.04222240447998038
15 0.3440430641174317 0.3156088352203369 0.023863506317138683 0.04053192138671874
26 0.3004296064376831 0.5450026512145996 0.022178840637207042 0.037984180450439387
17 0.2974047183990478 0.3140986442565918 0.02398376464843749 0.0407682418823242
41 0.3907946586608887 0.7687556266784668 0.032921791076660156 0.0405731201171875
41 0.3485708236694336 0.7688611030578614 0.0337852478027344 0.03799171447753913
14 0.43880138397216795 0.3192130565643311 0.023432540893554676 0.03944654464721681
41 0.43629469871521 0.8076763153076172 0.0348064422607422 0.037076568603515714
41 0.39064745903015136 0.8082460403442382 0.0330375671386719 0.03605022430419924
41 0.4372869491577148 0.7679567337036133 0.033772659301757824 0.040120697021484464
41 0.5591323852539063 0.8063940048217774 0.03724308013916022 0.04055900573730464
29 0.3051817178726196 0.7915936470031738 0.03733501434326175 0.11178379058837895
41 0.5191192150115966 0.8053739547729493 0.033304691314697266 0.03832702636718743
32 0.5181409835815429 0.5818489074707032 0.02398624420166018 0.07937984466552728
26 0.3238710880279541 0.5455196380615235 0.02367343902587893 0.038238811492919855
19 0.30016531944274905 0.391507625579834 0.02282238006591797 0.04004478454589844
29 0.26871759891510005 0.7915045261383057 0.03668470382690431 0.11079721450805669
18 0.5186539649963379 0.39839792251586914 0.01762313842773433 0.04169855117797849
17 0.25441689491271974 0.610023593902588 0.02194833755493164 0.0396090507507324
25 0.6305685997009278 0.40112953186035155 0.02239284515380857 0.04030189514160154
14 0.41509261131286623 0.3187014579772949 0.023181343078613248 0.03931303024291993
19 0.41512417793273926 0.39471359252929683 0.022072696685791038 0.040147972106933605
26 0.2567741870880127 0.544317865371704 0.021515750885009788 0.03859987258911135
28 0.6068515777587891 0.48361787796020506 0.02720985412597665 0.08105239868164066
17 0.2500035762786865 0.31322851181030276 0.022278881072998025 0.04212522506713867
59 0.3679232597351074 0.5379642009735108 0.01961231231689453 0.05483875274658201
25 0.4314610481262207 0.6127323150634765 0.020847892761230447 0.040479087829589866
61 0.6033267498016357 0.6688014984130859 0.03290700912475586 0.04088191986083978
15 0.3690650463104248 0.3168964385986328 0.025416088104248002 0.04076328277587893
41 0.6788401126861572 0.8404058456420899 0.04022407531738281 0.029845237731933594
44 0.6817440579251415 0.7278916933289429 0.0354308267267478 0.023558350036791964
41 0.5986540794372559 0.8060596466064454 0.03592405319213865 0.03849086761474607
25 0.6760827541351319 0.4022183895111084 0.02254409790039058 0.04196739196777344
41 0.6383665561676026 0.8063666343688964 0.037817859649658225 0.04366664886474603
59 0.4500999450683594 0.5397754669189453 0.018888664245605424 0.053426933288574174
41 0.34873032569885254 0.8066866874694825 0.034388065338134766 0.03491287231445306
14 0.3216794729232788 0.6111042022705078 0.021317768096923873 0.040269756317138694
41 0.6802938461303711 0.8030760765075684 0.039247322082519465 0.04219608306884759
31 0.7105381488800049 0.49083986282348635 0.025035762786865146 0.06751346588134766
25 0.4094515800476074 0.6120482444763183 0.020968532562255893 0.039425659179687544
28 0.5784485340118408 0.4827654838562012 0.027248287200927646 0.0817882537841797
25 0.6533099174499513 0.4015361309051514 0.02210655212402346 0.04084625244140622
15 0.39288527965545655 0.3181732654571533 0.021581315994262718 0.03903470039367679
41 0.6383427143096925 0.8404026031494141 0.036521530151367165 0.027570724487304688
19 0.2767662525177002 0.39066476821899415 0.023311710357665993 0.04014253616333008
28 0.6342108726501465 0.4844556331634522 0.027953910827636652 0.08071947097778326
41 0.5175647735595703 0.8392568588256836 0.03466100692749019 0.027608108520507768
17 0.2732716083526612 0.31343960762023926 0.023345756530761708 0.041408538818359375
51 0.34246520996093754 0.46157135963439944 0.019706296920776356 0.058141613006591764
44 0.6844414710998535 0.7032428741455078 0.03580350875854488 0.023893356323242188
44 0.6858440399169922 0.6735677242279052 0.037588310241699174 0.03203868865966797
41 0.35004940032958987 0.8378669738769531 0.03658809661865231 0.026225280761718817
26 0.34688339233398435 0.5458610534667969 0.020986270904541027 0.03864841461181634
34 0.2551448822021484 0.46785707473754884 0.02188615798950197 0.03954935073852539
41 0.3915273189544678 0.8386180877685547 0.03412046432495114 0.024007797241210938
25 0.45122995376586916 0.6140419483184814 0.01893310546874999 0.03916587829589846
59 0.3883791446685791 0.538289213180542 0.01924896240234375 0.05513782501220699
41 0.4359143257141114 0.8394369125366211 0.035693836212158214 0.02514362335205078
19 0.3231081008911133 0.39231228828430176 0.02234115600585934 0.03957796096801758
41 0.5981215953826904 0.8386935234069824 0.035178756713867165 0.027517318725585938
46 0.40856757164001467 0.696243667602539 0.04929370880126954 0.03659973144531248
31 0.6854445457458496 0.490384578704834 0.02339591979980471 0.06913928985595708
59 0.4089946866035461 0.5389114379882812 0.019531798362731945 0.05489425659179692
25 0.38717386722564695 0.6117587089538574 0.02141547203063965 0.038480949401855424
41 0.5591093063354492 0.83914794921875 0.038157653808593706 0.026896286010742232
28 0.5988101959228516 0.5817991256713868 0.026266860961914107 0.07798633575439451
28 0.5711912631988525 0.5807246208190918 0.027860641479492188 0.07959699630737305
43 0.6427569389343262 0.7011960983276366 0.0407506942749023 0.028128051757812522
19 0.3460394859313965 0.3929927825927734 0.022914075851440452 0.03939113616943357
15 0.277562689781189 0.6101325988769531 0.022959089279174782 0.04083271026611324
19 0.36956236362457273 0.393451452255249 0.02352566719055177 0.0389704704284668
19 0.3927187919616699 0.3942667961120605 0.021818828582763627 0.04014081954956056
19 0.25342497825622556 0.3904374837875366 0.0228107452392578 0.04040341377258305
25 0.36566696166992185 0.6114888191223145 0.021418285369873058 0.03840856552124028
23 0.34353933334350584 0.6113965034484863 0.0220489501953125 0.03951740264892578
14 0.2999651908874512 0.6108235836029052 0.021810245513916027 0.04068984985351565
19 0.43755750656127934 0.39524822235107426 0.022552299499511708 0.04082231521606444
18 0.5848187446594239 0.3999192714691162 0.022720813751220703 0.04016599655151365
28 0.6252800941467285 0.5819523811340332 0.025705242156982444 0.07665481567382815
25 0.6988847255706787 0.40233422517776485 0.021876144409179732 0.04221837520599364
34 0.27801706790924074 0.46844692230224605 0.022679233551025357 0.0399028778076172
42 0.5257533073425293 0.7298099517822265 0.03578739166259759 0.025104522705078125
43 0.641814374923706 0.7276212692260742 0.03885231018066404 0.02624931335449221
31 0.6976039409637451 0.5879531860351562 0.02298727035522452 0.06763648986816406
61 0.6027061462402343 0.7466793060302734 0.03410873413085935 0.03109607696533212
51 0.3217458248138428 0.46059045791625974 0.020415210723876975 0.058899688720703114
42 0.5250560760498046 0.6739752292633057 0.03610296249389655 0.030932617187499956
55 0.427978515625 0.4629720052083333 0.01953125 0.06103515625
55 0.4483235677083333 0.46622721354166663 0.01953125 0.06103515625
32 0.5513744036356607 0.48304057121276855 0.02569923400878904 0.08194265365600589
31 0.6615155308451872 0.4910313088372843 0.02339591979980471 0.06913928985595691
31 0.6739982911293081 0.5908634716311828 0.02298727035522452 0.06763648986816406
31 0.6510393714273214 0.5915102017636331 0.02298727035522452 0.06763648986816406
32 0.5443335539457814 0.5821722725369283 0.02398624420166018 0.07937984466552728
42 0.5260766724087544 0.7042641115504384 0.03578739166259759 0.025104522705078125
42 0.5655272104882247 0.730780046980902 0.03578739166259759 0.025104522705078125
42 0.5658505755544498 0.705234206749114 0.03578739166259759 0.025104522705078125
42 0.5648299791955 0.6749453244619812 0.03610296249389655 0.030932617187499956
58 0.2652302610433847 0.664608944838623 0.03929594123505975 0.027234810756972094
36 0.2679679432874831 0.6900076572222347 0.03722949263851691 0.02296650826469404
36 0.26748474850597603 0.711995766932271 0.03618339143426294 0.02023157370517914
45 0.35611775078369906 0.7000575528996865 0.05357317789968652 0.039797217868338564
36 0.3081748526726428 0.7117564133783494 0.03618339143426291 0.02023157370517914
44 0.6816756711954496 0.7501173804788028 0.03556760018613159 0.020412560470965735
43 0.6404762133830735 0.7504720020027054 0.03891145628707415 0.02134459893576568
