41 0.4760436534881592 0.7352199554443359 0.025793933868408225 0.027061748504638716
41 0.5040215492248535 0.7025087356567383 0.026850414276123058 0.03302459716796868
41 0.44820728302001955 0.738034439086914 0.027100467681884732 0.02683258056640625
41 0.4480445384979248 0.7064735412597656 0.026648998260498047 0.03255681991577142
41 0.5033914089202881 0.7596450805664063 0.0249650001525879 0.02333841323852537
41 0.4477757453918457 0.764305830001831 0.027324676513671875 0.024046611785888627
41 0.47598800659179685 0.7058135509490966 0.025636863708496105 0.03049192428588865
41 0.4197174072265625 0.7396379470825196 0.026579475402832065 0.027895545959472634
41 0.47610626220703123 0.7612554550170898 0.02617683410644528 0.023283767700195246
41 0.5039755821228027 0.7337884902954102 0.025993347167968694 0.02784385681152335
41 0.4187448978424072 0.766828441619873 0.026371192932128917 0.02435169219970701
42 0.3896833136133904 0.7440604725023255 0.028172150145482022 0.024788372011950388
41 0.41954092979431157 0.7069420337677002 0.027081680297851574 0.03332738876342767
42 0.389505108777624 0.7684540619815353 0.027102921130883473 0.02408069902963006
42 0.3880794700914926 0.7134893932481752 0.027102921130883473 0.025661496350364965
42 0.6556539509536785 0.7320227350136239 0.020223092643051777 0.021287465940054484
42 0.6782718835149864 0.7325549216621253 0.021819652588555782 0.019690905994550256
44 0.7239068886239782 0.726168681880109 0.01836043937329701 0.01915871934604907
44 0.7020872360354223 0.7304261750681198 0.01836043937329701 0.01915871934604907
43 0.745327401226158 0.7256364952316077 0.01969090599455048 0.01862653269754766
27 0.7654174472070845 0.7329540616485014 0.021021372615803724 0.025811052452316074
27 0.7872370997956404 0.7326879683242508 0.021021372615803724 0.025811052452316074
27 0.8082584724114441 0.7313575017029974 0.021021372615803724 0.025811052452316074
58 0.5312544188348416 0.6255965427036199 0.02452453337104077 0.01745439762443446
58 0.5321381858031675 0.6434928238122173 0.02452453337104077 0.01745439762443446
58 0.5568836609162897 0.6421671733597285 0.02452453337104077 0.01745439762443446
58 0.5559998939479638 0.6242708922511313 0.02452453337104077 0.01745439762443446
58 0.5816291360294119 0.641946231617647 0.02452453337104077 0.01745439762443446
58 0.580745369061086 0.6240499505090498 0.02452453337104077 0.01745439762443446
36 0.5073927106900453 0.6447080033936652 0.02408264988687786 0.0154659219457014
36 0.606374611142534 0.6402891685520362 0.022756999434389247 0.016349688914027216
36 0.6059327276583711 0.6230557126696832 0.022756999434389247 0.016349688914027216
36 0.6289106688348417 0.6405101102941178 0.022756999434389247 0.016349688914027216
36 0.6284687853506788 0.6232766544117647 0.022756999434389247 0.016349688914027216
36 0.6511153139140272 0.6200729991515838 0.02121040723981893 0.017012514140271495
36 0.6515571973981901 0.6368645715497738 0.02121040723981893 0.017012514140271495
