47 0.2331552028656006 0.6291324615478515 0.037489032745361334 0.09296741485595705
18 0.22727627754211424 0.3540698766708374 0.04584531784057616 0.09869551658630371
23 0.31511940956115725 0.3558532238006592 0.04200563430786136 0.09422340393066403
18 0.2718286037445068 0.3548906326293945 0.042974281311035145 0.09647846221923828
0 0.36797289848327636 0.859367561340332 0.04861917495727541 0.1576953887939453
18 0.17920894622802735 0.35335376262664797 0.04960494041442873 0.10323147773742675
47 0.2719855308532715 0.6265137672424317 0.03827514648437502 0.09198341369628904
25 0.35701236724853513 0.35649452209472654 0.03859128952026364 0.0916769027709961
55 0.1822701096534729 0.4896143913269043 0.039956307411193825 0.11731147766113281
17 0.5105147361755371 0.20338101983070372 0.036515617370605435 0.09523819684982301
34 0.5377961158752441 0.3604807376861572 0.030239105224609375 0.08326597213745118
6 0.28658761978149416 0.11674821376800537 0.06536760330200192 0.23349642753601074
0 0.3208133697509766 0.8708200454711914 0.045928239822387695 0.16436328887939444
54 0.3733191728591919 0.4711606979370117 0.03578758239746094 0.09740524291992181
59 0.5337882041931152 0.46722736358642575 0.03006114959716788 0.08816823959350584
59 0.5017186164855958 0.46726312637329104 0.0315269470214844 0.09088630676269532
54 0.40829005241394045 0.4704694271087646 0.03249530792236327 0.09460859298706054
2 0.4210361361503601 0.1296445608139038 0.06387255191802976 0.2317697525024414
26 0.46885914802551265 0.35896391868591304 0.03519563674926757 0.08694858551025392
14 0.5400997161865234 0.11335303485393523 0.032763671874999956 0.08737187981605529
2 0.35431885719299316 0.11943721771240234 0.06568603515625004 0.23608808517456054
26 0.5041487693786622 0.35956149101257323 0.03333225250244143 0.08453407287597658
52 0.4405313491821289 0.46972007751464845 0.02832546234130856 0.09147491455078127
17 0.4723628520965576 0.10195682048797608 0.03668251037597653 0.0952462673187256
19 0.5833481788635254 0.20897910594940186 0.03529090881347652 0.09146494865417482
16 0.5754315376281738 0.11652822196483612 0.03632659912109382 0.08848100304603577
24 0.4311163902282715 0.3591223955154419 0.03781118392944338 0.09152827262878416
28 0.4358671606467862 0.6630811268472907 0.041550361933966606 0.1255580357142857
17 0.47300004959106445 0.1997817039489746 0.038074493408203125 0.09585394859313964
29 0.47972602844238277 0.6266013145446777 0.044323921203613226 0.17606086730957027
24 0.3945209741592407 0.3584930896759033 0.03505721092224118 0.09166593551635738
29 0.5282979011535645 0.6222552299499512 0.05259380340576181 0.1755306243896484
47 0.273665714263916 0.7127591133117677 0.03543100357055662 0.08210124969482424
59 0.5633610248565674 0.46874608993530276 0.027934360504150435 0.07994861602783204
15 0.5072639465332032 0.10713212490081786 0.03165855407714846 0.09063572883605957
14 0.5467365264892579 0.20704820156097414 0.03512363433837884 0.09266934394836426
33 0.5688995361328125 0.35927729606628417 0.03063554763793941 0.08483161926269533
52 0.46994609832763673 0.468352222442627 0.028503036499023415 0.0915233612060547
56 0.3111558437347412 0.6275644779205323 0.0377012252807617 0.08560266494750979
55 0.22351813316345215 0.48443164825439455 0.03957042694091795 0.11395549774169922
56 0.2361557960510254 0.7183094024658203 0.0338146209716797 0.08343591690063468
56 0.3109877109527588 0.7079026222229003 0.03386955261230473 0.07498035430908201
12 0.5209784507751465 0.8493857383728027 0.05453128814697261 0.09613208770751958
47 0.23718361854553224 0.7173732757568358 0.03405303955078126 0.08312282562255857
41 0.19316290680473372 0.0807715421597633 0.0872549926035503 0.1086353550295858
41 0.19634106878698226 0.18593981139053256 0.0866771449704142 0.10054548816568046
5 0.2720391087278107 0.8964034763313611 0.04853920118343194 0.1658422707100592
5 0.21887712647928992 0.9044933431952663 0.05662906804733728 0.16468657544378695
28 0.3952171452526976 0.6719808343596059 0.03722077449554295 0.1298876231527094
55 0.26653682017812924 0.481036021758099 0.04389542852129255 0.1081607370960469
