16 0.4750972747802734 0.5004266738891602 0.0405770301818848 0.08378534317016606
14 0.3484150171279907 0.4945090293884278 0.04193797111511233 0.08168888092041021
16 0.4332411766052246 0.4981563568115235 0.04106893539428713 0.08251018524169923
14 0.39074010848999025 0.4963473796844482 0.04084835052490232 0.08267621994018554
16 0.5997359275817871 0.5020135879516602 0.04014434814453127 0.08276977539062497
17 0.2894126415252686 0.38203983306884765 0.04524059295654298 0.09028911590576172
14 0.303343677520752 0.4935160636901855 0.04565205574035641 0.08307075500488281
0 0.48565444946289066 0.31774575710296626 0.0641654968261719 0.2331848621368408
28 0.38280843846938184 0.7439084277433508 0.04252979054170497 0.1242196587955251
19 0.38376388549804685 0.5932486057281494 0.03768100738525387 0.07140150070190421
19 0.42223210334777833 0.5938056468963624 0.03798818588256836 0.07085285186767576
16 0.5584795951843262 0.50090012550354 0.03983860015869134 0.08207969665527343
17 0.4256659030914307 0.38785543441772463 0.04354829788208009 0.09107437133789059
16 0.5170413017272949 0.5006735801696778 0.041046142578125 0.08314819335937501
26 0.6124139308929444 0.6006711006164551 0.040552711486816384 0.07028961181640625
29 0.33067670078838574 0.7233193706063663 0.05814338151146381 0.17043386908138491
19 0.3450563669204712 0.5922733306884765 0.03893637657165527 0.0733596801757812
17 0.3350385189056396 0.3838252544403076 0.04527063369750978 0.09047527313232423
0 0.5535937309265136 0.3201924800872803 0.06613330841064458 0.23410692214965817
16 0.6425684928894043 0.504035472869873 0.04193811416625981 0.08010635375976566
25 0.4608600616455078 0.5949853420257569 0.037064552307128906 0.06969585418701174
17 0.3809034347534179 0.3859174013137817 0.04405717849731444 0.09139571189880374
19 0.30525622367858884 0.5906970977783204 0.04042634963989261 0.073159408569336
25 0.5734487533569336 0.5988501071929933 0.03593730926513672 0.0698057174682617
25 0.4991757869720459 0.5964447498321532 0.038520908355712924 0.06960191726684573
25 0.5370497226715087 0.5973764419555664 0.035965251922607355 0.07021694183349614
28 0.4258456230163574 0.7436524391174317 0.04167098999023433 0.1232276916503906
2 0.6265069007873536 0.31951189041137695 0.07735214233398435 0.23783359527587888
