28 0.385209608078003 0.5239689350128174 0.050283241271972645 0.14939355850219727
28 0.4837395668029785 0.5192412853240966 0.0468620300292969 0.14815044403076166
29 0.24951083660125734 0.8502870559692383 0.06181640624999998 0.17104053497314453
28 0.576616907119751 0.5175520896911621 0.047584247589111284 0.14356918334960944
28 0.43508172035217285 0.521183443069458 0.04634532928466795 0.1502068519592285
31 0.6229211807250976 0.5231244564056396 0.04309978485107424 0.13005228042602535
28 0.33011965751647954 0.5258807182312011 0.05154438018798829 0.15417537689208982
28 0.5308733463287354 0.5168681144714355 0.04402513504028327 0.14747447967529292
31 0.6647755146026612 0.5210929393768311 0.03615589141845699 0.12653627395629885
28 0.710493516921997 0.6574295520782472 0.03822488784790046 0.09883203506469729
31 0.7390429496765136 0.5152136802673339 0.03753643035888665 0.1254372596740722
28 0.7483720779418945 0.6557581901550293 0.03820304870605473 0.09816017150878908
31 0.700779914855957 0.5154601097106934 0.03478507995605473 0.12755670547485354
31 0.7763249397277832 0.5125170707702638 0.03277244567871096 0.12218990325927737
