56 0.6874336242675781 0.3168678760528565 0.024014949798583984 0.050784778594970714
47 0.5384281635284425 0.31603460311889653 0.02025470733642576 0.04866008758544921
47 0.5603962421417237 0.31630287170410154 0.02156476974487298 0.04866495132446286
47 0.5862564086914062 0.31641497611999514 0.024419879913330056 0.04943389892578126
41 0.5620588302612305 0.7301861763000488 0.033865928649902344 0.04523258209228509
41 0.3588007926940918 0.7628125190734862 0.03584995269775387 0.03764762878417971
18 0.5375559806823731 0.43471488952636717 0.021421432495117188 0.041100883483886685
47 0.612751054763794 0.31684074401855467 0.024272251129150324 0.05002593994140625
15 0.3426102638244629 0.3141510009765625 0.02101163864135741 0.03996720314025881
41 0.2792678356170654 0.7581297874450683 0.034235811233520486 0.03912792205810545
54 0.4121579170227051 0.5299809455871582 0.020264625549316406 0.06426372528076174
26 0.39130501747131347 0.6219725131988525 0.02098903656005857 0.03867387771606445
41 0.5617881774902345 0.7727306365966797 0.03380165100097654 0.04046344757080078
41 0.2786272048950195 0.7190711021423339 0.03236961364746094 0.039257049560546875
26 0.3270843982696533 0.6197885990142822 0.020685958862304676 0.03718900680541992
41 0.3180219411849976 0.7230145454406738 0.033156681060791005 0.03848056793212884
16 0.34896674156188967 0.43335843086242676 0.02233161926269528 0.045700359344482466
41 0.3591441631317139 0.721979808807373 0.03330793380737307 0.04076881408691413
16 0.32637763023376465 0.43238849639892574 0.021741485595703103 0.04653339385986327
41 0.31922836303710933 0.7628512382507324 0.03455371856689454 0.038392066955566406
26 0.30605015754699705 0.6193573474884033 0.01979665756225585 0.0365863800048829
34 0.2830822467803955 0.5358253479003906 0.020882701873779275 0.04695396423339848
16 0.30351696014404295 0.4313223838806153 0.02200174331665039 0.046766090393066395
41 0.5219479084014893 0.7304546356201171 0.031413364410400324 0.04064054489135749
16 0.3715235471725464 0.4340201377868652 0.02222895622253418 0.04577465057373048
59 0.45507473945617677 0.6175824165344238 0.015587425231933572 0.050657558441162154
29 0.659282636642456 0.7673060417175293 0.03743314743041992 0.12816486358642576
26 0.2646886825561523 0.6176923274993897 0.019002628326416027 0.03642406463623049
41 0.3199337005615234 0.7972323417663574 0.03491840362548826 0.030909156799316384
14 0.43668184280395506 0.3163271188735962 0.022735595703125 0.042498064041137706
15 0.27532856464385985 0.31252012252807615 0.021742200851440407 0.040112972259521484
15 0.2982924938201904 0.31310458183288575 0.02274856567382816 0.03994617462158201
23 0.6068601608276367 0.43609189987182617 0.02262535095214835 0.04075489044189451
26 0.34832918643951416 0.6205355167388916 0.020527458190917947 0.03756027221679692
51 0.3696791648864746 0.5294302940368653 0.020162105560302734 0.06304779052734372
41 0.3576498031616211 0.7985742568969727 0.03304409980773926 0.03114795684814453
52 0.3907796859741211 0.5300223350524902 0.0205105781555176 0.06487007141113288
29 0.6968167304992676 0.7692106246948243 0.03589086532592767 0.12484703063964842
26 0.36956925392150874 0.6210454940795899 0.021361637115478505 0.03756694793701176
14 0.41260719299316406 0.31640052795410156 0.023634910583496094 0.04105939865112307
14 0.38895587921142577 0.31582741737365727 0.022622680664062478 0.04008026123046876
41 0.5609933853149414 0.8101930618286133 0.03547534942626951 0.03371028900146489
28 0.5615570068359375 0.5182395458221436 0.028027153015136697 0.08109703063964846
14 0.36539177894592284 0.31472964286804195 0.023337841033935547 0.04019780158996583
26 0.2853629112243652 0.6187406063079834 0.020594310760498058 0.0360837936401367
41 0.5230623245239258 0.8083916664123535 0.033055019378662065 0.0325469970703125
16 0.2807739734649658 0.4303837776184082 0.02208814620971683 0.04685611724853517
41 0.5228416919708252 0.7711755752563476 0.03236465454101567 0.038725662231445246
15 0.2520013332366944 0.31169767379760743 0.021358680725097667 0.04015769958496096
19 0.4386547088623047 0.4358029365539551 0.022493362426757812 0.046247673034667924
19 0.39426865577697756 0.4342834949493408 0.02185850143432616 0.04538087844848637
18 0.517401123046875 0.43556003570556645 0.017317581176757857 0.04250030517578124
28 0.5985342502593994 0.6158547401428223 0.028030872344970703 0.08082399368286142
26 0.4138457775115967 0.6223103523254394 0.022723579406738303 0.03965454101562493
59 0.43701701164245604 0.6165527343749999 0.02050294876098635 0.05147609710693357
28 0.6258481025695801 0.7872498512268067 0.028451156616211004 0.08616352081298828
28 0.5706377983093263 0.6150008201599122 0.02723684310913088 0.08029422760009763
28 0.6188385009765625 0.5196114540100097 0.028237533569336004 0.08185100555419922
41 0.2818209171295166 0.794927215576172 0.032653713226318326 0.03253040313720701
19 0.4160982608795166 0.4349680423736572 0.02089109420776364 0.046276092529296875
28 0.5904240131378173 0.5187796592712403 0.02749280929565423 0.08129863739013676
25 0.6307512283325196 0.4362470626831054 0.022887134552001975 0.04105262756347655
34 0.3057887554168701 0.5357630729675293 0.02238521575927732 0.04710960388183594
15 0.32088305950164797 0.3138191938400269 0.021968984603881803 0.03993029594421388
47 0.6625804901123047 0.31669409275054927 0.023628807067871183 0.05034513473510743
23 0.583421277999878 0.4356925964355469 0.02202186584472654 0.04024105072021483
16 0.2583418369293213 0.4301776885986328 0.02124252319335937 0.046691513061523415
33 0.2610645294189453 0.5361214637756347 0.020601081848144576 0.04966621398925786
25 0.6543108940124511 0.436777925491333 0.02250404357910163 0.04124994277954103
28 0.6476650238037109 0.5199715614318847 0.02832508087158203 0.0818572044372558
55 0.45270695686340334 0.5341696739196777 0.01943311691284183 0.060371780395507724
47 0.6378053665161132 0.31671819686889646 0.02282657623291018 0.05028572082519528
28 0.5343247890472412 0.5182432174682617 0.025998401641845748 0.07960872650146489
25 0.6780088424682618 0.4375309944152832 0.02289581298828125 0.042241477966308616
28 0.5957782745361329 0.7865759849548339 0.03040733337402346 0.08696289062500007
55 0.4326920509338379 0.5314744949340819 0.02033100128173826 0.06322727203369138
28 0.6266743659973144 0.6170340061187745 0.02742500305175788 0.08054962158203127
28 0.543105173110962 0.6146753311157227 0.02728271484375 0.07897224426269533
24 0.7023481369018554 0.4382339954376221 0.02448406219482424 0.04424171447753905
19 0.45696439743041994 0.4364898204803467 0.01413764953613278 0.046862792968749956
28 0.6770280361175538 0.5213833808898927 0.02984628677368162 0.08265247344970705
50 0.7272815704345703 0.4290099620819092 0.022575950622558683 0.06172485351562501
28 0.6542478954090791 0.6193318002364214 0.02742500305175788 0.08054962158203127
28 0.6835447704090791 0.6193318002364214 0.02742500305175788 0.08054962158203127
46 0.4049032603790614 0.764680166967509 0.05041459837545126 0.033139666064981976
