18 0.5080200195312501 0.5759793281555177 0.028265857696533225 0.05426445007324221
26 0.6912385463714599 0.5834326267242431 0.03096017837524412 0.05806455612182615
18 0.48064260482788085 0.575287914276123 0.025574684143066406 0.053612041473388716
54 0.6152363777160645 0.6917744636535644 0.028637504577636697 0.1010127067565918
14 0.5938150405883789 0.1369194507598877 0.030924415588378884 0.07898671627044676
23 0.537898588180542 0.5767572402954102 0.029216575622558527 0.054968070983886785
14 0.6629454612731933 0.19657618999481202 0.03381567001342767 0.05401730537414551
14 0.5958357810974122 0.20411534905433654 0.030771827697753884 0.05381439924240114
14 0.6609448432922364 0.12828954458236694 0.03314495086669922 0.07711350917816162
26 0.723537826538086 0.5855068683624267 0.03217124938964844 0.059105300903320335
17 0.532895851135254 0.21304724216461182 0.03059253692626951 0.052127885818481434
17 0.5639906883239746 0.20877088904380797 0.03183889389038086 0.05157757997512816
59 0.4747310638427734 0.6810985088348389 0.026445388793945312 0.09546289443969724
59 0.5018956184387207 0.68290433883667 0.026252365112304665 0.0957914352416992
16 0.7319012641906738 0.12027145624160766 0.0365757942199707 0.07963576316833496
16 0.695325517654419 0.12410202026367187 0.033758354187011674 0.07799386978149414
17 0.5023980140686035 0.21646654605865479 0.02898921966552731 0.051650047302246094
19 0.6553179740905761 0.39670729637145996 0.030234909057617165 0.05552186965942385
19 0.4775030136108398 0.4048494458198547 0.02774696350097655 0.05342423915863037
24 0.6574275016784668 0.5814519405364991 0.03297080993652346 0.0582427978515625
17 0.5627466678619385 0.14322254657745362 0.029554367065429688 0.07488880157470702
25 0.6257100582122803 0.5802311897277832 0.028927040100097723 0.05727405548095699
16 0.6301987648010254 0.4923372745513916 0.03110427856445319 0.05592765808105471
16 0.6560509681701661 0.3285124778747559 0.03127288818359375 0.07416648864746095
19 0.5936017990112306 0.39863831996917726 0.029354190826415993 0.05475592613220215
16 0.6974116325378418 0.1921262502670288 0.033043861389160156 0.054269170761108404
14 0.6284871101379395 0.2011029005050659 0.03215637207031241 0.05385499000549318
23 0.5675806045532227 0.5781064033508301 0.02729444503784184 0.05545244216918954
19 0.5064682960510254 0.4019510269165039 0.027579689025878873 0.05379676818847656
17 0.4691176414489746 0.15543724298477174 0.03253707885742185 0.07125957012176512
16 0.7987926483154297 0.31806087493896484 0.03840351104736328 0.08065605163574219
16 0.7702033996582032 0.1830002784729004 0.03689155578613279 0.055281114578247054
19 0.5347469329833985 0.4011105537414551 0.02763843536376953 0.054566764831542935
16 0.5931678771972656 0.333420729637146 0.0309698104858398 0.07228388786315915
16 0.7326752185821532 0.1878488302230835 0.0361198425292969 0.053360986709594715
19 0.5635769844055176 0.4000667095184326 0.029005432128906272 0.05460996627807618
16 0.7601934432983398 0.32061076164245605 0.03560066223144531 0.07822074890136721
26 0.757550048828125 0.5863468170166015 0.03399124145507815 0.06081342697143555
16 0.6633990287780762 0.49216132164001464 0.03254280090332029 0.05729513168334954
51 0.5855710506439209 0.6901410579681396 0.028184986114502042 0.09978456497192378
16 0.5690724372863769 0.4929555892944336 0.028381729125976585 0.05404472351074219
16 0.7240897178649903 0.32322926521301265 0.034571266174316384 0.07574157714843749
16 0.8060894012451172 0.1070555180311203 0.03582611083984366 0.08528690934181213
16 0.4741849899291992 0.34053053855896 0.03079977035522463 0.07287025451660156
16 0.689602518081665 0.3255316257476807 0.03293285369873045 0.07543439865112306
16 0.5330377578735351 0.33654046058654785 0.026835632324218706 0.07168474197387698
16 0.4800664901733398 0.49402303695678706 0.026960182189941395 0.05418014526367182
17 0.532036304473877 0.14710625410079955 0.030793190002441406 0.07394821643829345
19 0.6242589950561523 0.397675085067749 0.030376434326171875 0.05508222579956057
16 0.5388648033142089 0.49334011077880857 0.02803115844726556 0.053104019165039096
16 0.5990231990814209 0.49244489669799807 0.028251171112060547 0.05521697998046876
16 0.5090340614318847 0.4933742046356201 0.028675651550292947 0.053057193756103516
56 0.7484954833984375 0.7107125759124755 0.03507452011108403 0.08544912338256838
19 0.721269178390503 0.3932260990142822 0.0327606201171875 0.05692653656005858
19 0.7558486938476563 0.3915542125701904 0.034186935424804665 0.059534263610839855
16 0.6964935779571533 0.49212875366210934 0.031507015228271484 0.05749378204345701
17 0.5009419441223144 0.1511606454849243 0.029256248474121116 0.07132692337036133
16 0.7689964294433593 0.11318395137786866 0.03657455444335944 0.0832059383392334
16 0.562050724029541 0.33501677513122563 0.02969150543212895 0.07094078063964843
56 0.7870841026306152 0.7141440391540528 0.036293411254882724 0.08704700469970705
16 0.6246304512023926 0.3308874607086182 0.030076026916503906 0.07246417999267579
56 0.7121408939361572 0.7063273429870606 0.03437614440917969 0.08768482208251949
19 0.8042921304702759 0.49959850311279297 0.03339304924011233 0.07596921920776367
16 0.5045588493347168 0.3386268377304077 0.029104232788085993 0.07081151008605957
25 0.5964728355407715 0.5793452262878418 0.028259468078613237 0.0557958602905273
17 0.4720393180847168 0.22418887615203859 0.029891395568847623 0.06352958679199219
52 0.6774224758148193 0.6950229644775391 0.030104637145996094 0.10257577896118164
19 0.6880053520202636 0.39468584060668943 0.03277053833007815 0.05633296966552731
19 0.7680145263671875 0.4922780990600586 0.03446598052978511 0.06118488311767578
14 0.6267080307006836 0.13281290233135223 0.03224792480468741 0.07732649445533751
28 0.5860495567321777 0.9076863288879394 0.03730201721191406 0.14904308319091797
16 0.8071804046630859 0.17918505668640136 0.03481101989746094 0.05843920707702638
28 0.5468859672546387 0.9017938613891601 0.038369846343994096 0.14991912841796873
19 0.7912870407104493 0.3971304178237915 0.03476562500000002 0.07121777534484863
55 0.6446015062949639 0.6920245053956834 0.028805080935251803 0.09695368705035978
28 0.6267982078113145 0.9083888918375798 0.03730201721191406 0.14904308319091797
28 0.6672580936103024 0.9169923110090221 0.03730201721191406 0.14904308319091797
28 0.7145024750119608 0.9260479901944874 0.03730201721191406 0.14904308319091786
29 0.5118171088129496 0.8508037320143884 0.06674348021582732 0.20936375899280568
28 0.7559447581557847 0.9259287926499806 0.03730201721191406 0.14904308319091786
19 0.7312084235767327 0.4926274365717822 0.0352916150990098 0.0599474009900991
34 0.7931756488347457 0.5972424523305084 0.03393140889830504 0.08565611758474567
