54 0.21411869525909422 0.4624175071716309 0.04152169227600097 0.10600452423095708
52 0.3986342430114746 0.4628150939941406 0.03412628173828125 0.09240179061889642
0 0.2265854597091675 0.9012494087219238 0.046669149398803705 0.12776527404785165
19 0.2496722221374512 0.3386786937713623 0.041225147247314464 0.0733506202697754
26 0.30984263420104985 0.6369217872619629 0.03258543014526366 0.05688838958740239
16 0.5383992195129395 0.23224620223045347 0.03665103912353507 0.07605468034744262
19 0.20521295070648193 0.3457753181457519 0.044120168685913064 0.09486131668090819
14 0.5026998519897461 0.22903156280517578 0.03428974151611325 0.07676410675048828
15 0.3407314300537109 0.21024503707885742 0.04257574081420901 0.08540220260620118
17 0.2005831182003021 0.19728323221206667 0.0463445782661438 0.09308192729949952
14 0.4640819072723389 0.22420942783355713 0.039853286743164074 0.07883810997009277
18 0.336365795135498 0.344575023651123 0.03796682357788089 0.07063655853271483
15 0.382780933380127 0.2161449909210205 0.0407261848449707 0.08079199790954589
16 0.5783617973327637 0.23707699179649352 0.041909980773925715 0.07580825090408322
13 0.22346458435058592 0.6197626113891601 0.06599378585815427 0.12120113372802732
15 0.42350726127624516 0.2199617624282837 0.03922719955444337 0.08033518791198732
26 0.31464748382568364 0.5662737369537354 0.03276700973510743 0.06138820648193366
26 0.4100794672966004 0.6349905967712401 0.03248922824859618 0.0564552307128906
47 0.60067777633667 0.47594475746154785 0.033640575408935613 0.07150354385375973
26 0.34331507682800294 0.6369207382202149 0.03280925750732422 0.05643100738525397
26 0.3767378807067871 0.635469913482666 0.032350444793701194 0.05698833465576181
26 0.414586341381073 0.5646525859832763 0.03017103672027588 0.05874261856079099
26 0.3483853340148926 0.5658909797668457 0.03274106979370117 0.060516738891601585
2 0.43967304229736326 0.8772195816040038 0.040650749206542935 0.11101951599121096
25 0.37615652084350587 0.3469977378845215 0.03764047622680666 0.07369136810302734
25 0.5221594810485839 0.3570182800292969 0.03483047485351565 0.07077651023864745
16 0.6533740043640137 0.24288072586059573 0.03586635589599607 0.07434616088867188
16 0.6903249740600585 0.24664692878723143 0.03707580566406243 0.0744148254394531
16 0.6171168327331543 0.24038679599761964 0.03511886596679692 0.07486367225646973
17 0.2958688259124756 0.20403584837913513 0.04468235969543455 0.08348294496536257
25 0.41385903358459475 0.3489611625671387 0.03540401458740233 0.07260208129882811
26 0.3821083068847656 0.5653250694274903 0.031723117828369174 0.05867996215820315
25 0.4863737106323242 0.3543874740600586 0.03500452041625979 0.07076110839843752
17 0.24878535270690916 0.1988569736480713 0.04744482040405271 0.08520588874816895
3 0.31528658866882325 0.8901749610900879 0.04229116439819336 0.11961574554443355
18 0.2947853088378906 0.34242203235626223 0.04298868179321291 0.07113957405090332
51 0.43318929672241213 0.46425161361694334 0.032392311096191395 0.08850860595703125
25 0.4500285148620605 0.35229589939117434 0.03581418991088864 0.07264013290405275
25 0.5571441173553466 0.3597738265991211 0.03195676803588865 0.06969509124755857
47 0.6371246337890625 0.4749195098876953 0.03445720672607422 0.07371654510498049
59 0.4719207763671875 0.6177663803100586 0.029241561889648438 0.08465957641601562
59 0.4422557830810547 0.6192662239074707 0.028503799438476585 0.0848619461059571
5 0.27180578708648684 0.8973557472229003 0.04110083580017093 0.12159671783447268
1 0.39769721031188965 0.8808897972106934 0.03849325180053709 0.11452980041503902
59 0.5020346641540527 0.6156240940093993 0.029483795166015625 0.08430633544921873
28 0.5093454360961914 0.8795736312866211 0.028720855712890625 0.09290466308593748
6 0.3573982954025269 0.8848028182983398 0.039784955978393544 0.11821174621582031
55 0.3630507469177246 0.46178693771362306 0.03427324295043943 0.09418029785156257
55 0.3629278421401978 0.46160941123962407 0.03424782752990724 0.09457778930664068
56 0.46846957206726075 0.47207527160644536 0.03467645645141604 0.07531280517578126
29 0.5410866737365723 0.8678590774536132 0.03404159545898433 0.11563262939453123
56 0.5036882400512696 0.4733989715576172 0.028288841247558594 0.07241306304931638
28 0.4772139549255371 0.8828887939453125 0.03197593688964845 0.09275741577148433
36 0.5766549059139785 0.697412634408602 0.05302839381720437 0.021526377688172116
33 0.27898152669270837 0.56915283203125 0.034077962239583315 0.067138671875
33 0.27618408203125 0.635528564453125 0.03255208333333326 0.05645751953125
