36 0.3302867111650486 0.29994690533980584 0.11092991504854371 0.0673164441747573
36 0.4431128640776699 0.29805066747572817 0.11092991504854371 0.0673164441747573
36 0.5597314927184467 0.2961544296116505 0.11092991504854377 0.0673164441747573
58 0.2994728458737864 0.5478800060679612 0.12135922330097093 0.07205703883495151
58 0.31559086771844663 0.6284701152912622 0.12135922330097093 0.07205703883495151
58 0.42557266383495146 0.5469318871359223 0.12135922330097093 0.07205703883495151
58 0.44074256674757284 0.6256257584951457 0.12135922330097099 0.07205703883495151
35 0.5455097087378641 0.5436134708737864 0.11851486650485432 0.07300515776699035
35 0.6706614077669903 0.5417172330097088 0.11851486650485432 0.07300515776699035
35 0.5583093143203883 0.6256257584951457 0.10808555825242705 0.07584951456310685
35 0.670187348300971 0.6246776395631068 0.10808555825242705 0.07584951456310685
