52 0.39170975685119624 0.5277866363525391 0.022632312774658214 0.0715692520141602
18 0.5618860721588135 0.450774097442627 0.026214790344238237 0.055269432067871105
46 0.39311728477478025 0.6633438110351563 0.056626033782958995 0.038985252380371094
45 0.4513712882995605 0.6658720970153809 0.05292491912841796 0.04460487365722665
56 0.6724074840545654 0.33723528385162355 0.027996826171875044 0.06421160697937012
23 0.6142711639404297 0.45120868682861326 0.025345420837402433 0.05386867523193356
45 0.5881517410278321 0.6637846946716308 0.06313457489013674 0.05660171508789069
47 0.7285957336425781 0.33668670654296873 0.026271820068359375 0.06550650596618651
19 0.4204378128051758 0.45457849502563474 0.024663925170898438 0.054076385498046886
56 0.6161282539367676 0.3370163679122925 0.026884269714355535 0.0652502536773682
56 0.6443958759307862 0.33728561401367185 0.026826095581054754 0.06445093154907228
15 0.3096631526947021 0.3508902072906494 0.026867961883544955 0.05661296844482422
17 0.25514655113220214 0.35023329257965086 0.02698717117309568 0.05645461082458497
41 0.6380223751068115 0.7577795505523681 0.03623571395874026 0.03839235305786126
23 0.6399006366729736 0.45103206634521487 0.0251894950866699 0.05394554138183594
41 0.3648537158966064 0.754875087738037 0.03572554588317872 0.040613746643066384
54 0.41556448936462403 0.5276021003723145 0.022910022735595725 0.07084197998046876
41 0.6823786258697511 0.7609564781188964 0.03698339462280276 0.04028873443603509
16 0.2916019439697266 0.4498476028442383 0.02474184036254884 0.056244850158691406
41 0.678672981262207 0.8003141403198242 0.03697814941406252 0.03671321868896482
16 0.39442534446716304 0.4539308547973633 0.02510719299316405 0.05409679412841795
41 0.3208270788192749 0.7515785694122314 0.03665494918823242 0.04298191070556645
41 0.45081605911254885 0.7935122013092041 0.035506248474121094 0.03548212051391597
16 0.3169477462768555 0.45095977783203123 0.02494506835937499 0.056771659851074185
18 0.5388113975524902 0.45111808776855467 0.0194064140319824 0.056336212158203114
47 0.701229476928711 0.33680167198181155 0.026977729797363237 0.06517934799194336
26 0.2579589605331421 0.610369873046875 0.022106313705444358 0.04895734786987305
17 0.28280239105224614 0.3499176025390625 0.026757049560546864 0.05583810806274414
16 0.26650428771972656 0.44878149032592773 0.024264860153198287 0.056810951232910134
59 0.442085075378418 0.6040117263793945 0.020894813537597645 0.06089229583740241
19 0.44666213989257814 0.4549406051635742 0.025045394897460938 0.05427207946777346
41 0.3246912002563477 0.79205641746521 0.03742761611938478 0.03589906692504885
41 0.40872750282287595 0.8237781524658203 0.03825149536132816 0.026780891418457076
24 0.7706511497497559 0.44844799041748046 0.025165367126464777 0.05953445434570315
26 0.37470512390136723 0.6110515117645263 0.023728084564208995 0.04896154403686526
26 0.3513681888580322 0.6107580661773682 0.02197055816650395 0.04853343963623047
14 0.44246807098388674 0.3543485164642334 0.026045227050781217 0.05793457031249999
25 0.666154956817627 0.45061178207397456 0.025757217407226585 0.05536766052246095
26 0.32822413444519044 0.610150146484375 0.023064041137695335 0.04827880859375
41 0.367759895324707 0.8235504150390625 0.03613681793212892 0.025774002075195312
41 0.635311508178711 0.8294912338256837 0.03730792999267574 0.027109718322753884
41 0.36660788059234617 0.7940975666046142 0.0356429100036621 0.0358859062194824
41 0.595170259475708 0.7550864219665527 0.037180423736572266 0.03866004943847656
41 0.5944369316101075 0.7942763328552247 0.03623542785644529 0.0355867385864258
41 0.5514820575714112 0.7553296089172363 0.03665008544921877 0.04070167541503911
16 0.36896705627441406 0.4536416053771972 0.02504186630249028 0.056047630310058605
16 0.3431036949157715 0.4522371292114258 0.02606058120727539 0.05656518936157229
41 0.5517449378967285 0.7945638656616212 0.03498077392578125 0.0349306106567383
15 0.33638758659362794 0.3513513088226319 0.025570392608642578 0.057515907287597645
17 0.22765722274780273 0.3507243156433105 0.026015472412109386 0.0579792499542236
55 0.43902196884155276 0.5284635543823242 0.021958923339843783 0.07012405395507815
41 0.6763886928558349 0.8302579879760742 0.0390602111816406 0.024412918090820357
15 0.38915607929229734 0.3523723125457764 0.025753068923950184 0.05719327926635742
41 0.3264427185058594 0.8226978302001953 0.03683285713195805 0.026609420776367188
15 0.3626173734664917 0.3517287731170654 0.026022624969482377 0.057312774658203114
41 0.5929597854614257 0.8270624160766602 0.0367856979370117 0.029730606079101496
26 0.304719352722168 0.6095997810363769 0.02258481979370114 0.04836196899414069
41 0.4077836990356445 0.7550477027893066 0.03640727996826171 0.03806247711181643
41 0.4081925272941589 0.7933670043945313 0.03674070835113524 0.03509178161621096
14 0.465654182434082 0.35480263233184817 0.020703887939453103 0.059151363372802745
25 0.7186207294464111 0.44971885681152346 0.02527971267700202 0.055239486694335926
45 0.28016390800476076 0.6643165111541749 0.049896574020385775 0.04309091567993162
41 0.44975957870483396 0.7536389350891113 0.03453350067138672 0.04048519134521478
55 0.4614513397216797 0.5295369148254394 0.022081947326660134 0.06816120147705085
46 0.33431663513183596 0.6632935523986816 0.0552379608154297 0.038016319274902344
41 0.2824288845062256 0.7925222396850586 0.03860702514648434 0.03739948272705085
28 0.6257829666137695 0.5820494651794434 0.028472328186035067 0.09417381286621096
26 0.28133468627929686 0.6098315238952636 0.023792362213134743 0.04886703491210931
41 0.27835307121276853 0.749636459350586 0.03689632415771488 0.046036148071289085
51 0.36775772571563725 0.5265051364898682 0.022499608993530262 0.06954193115234375
41 0.6359571933746337 0.7973149299621582 0.03718032836914065 0.03677921295166009
19 0.4680276870727539 0.45575761795043945 0.01742305755615231 0.054697608947753884
41 0.4499985694885254 0.8233037948608398 0.03518543243408201 0.027402877807617188
33 0.2508086681365967 0.5329943656921386 0.026186466217041016 0.0630548477172852
25 0.6925540924072265 0.4501371383666992 0.025828552246093706 0.0547845840454102
16 0.24058995246887208 0.4481593132019043 0.02488560676574708 0.05741424560546876
41 0.5522654533386231 0.8263235092163086 0.03554534912109375 0.0296588897705079
23 0.5884042739868164 0.4506514072418213 0.02521438598632808 0.054587936401367165
56 0.5871247291564942 0.33734364509582515 0.027491283416748002 0.06449050903320314
28 0.5958106040954589 0.5816112518310547 0.030620765686035223 0.09429645538330078
59 0.42037415504455566 0.6050806522369385 0.0204897880554199 0.05896005630493162
17 0.2881079196929932 0.2838491439819336 0.021277141571044933 0.05310516357421874
28 0.6552128314971923 0.5833945274353027 0.028791046142578103 0.09376754760742179
14 0.4156942367553711 0.353874945640564 0.025648117065429688 0.057237863540649414
28 0.686156940460205 0.5841183662414551 0.03167419433593743 0.09362125396728516
56 0.5603334426879882 0.33731794357299805 0.024993896484375 0.06451654434204102
41 0.2861414909362793 0.8224458694458008 0.03688268661499022 0.0251312255859375
28 0.5653343200683594 0.5795993804931641 0.02926626205444327 0.09516773223876962
25 0.7442480087280273 0.44944076538085936 0.025239944458007812 0.05670557022094724
17 0.3098856687545777 0.28383162021636965 0.02160196304321288 0.05323290824890137
46 0.4513716697692871 0.6665993690490722 0.053090572357177734 0.04695625305175777
46 0.2801510334014893 0.6640067100524902 0.05158338546752933 0.043589782714843706
51 0.34557611942291255 0.5268587112426758 0.0218799591064453 0.07041149139404301
31 0.7493583679199218 0.5857393741607666 0.030831241607666038 0.09141235351562504
59 0.39809844493865965 0.6062000751495361 0.020940256118774425 0.05675840377807617
18 0.5884543418884277 0.45029411315917967 0.025264930725097612 0.05366744995117184
14 0.4621413676858806 0.28805915211602084 0.020703887939453103 0.059151363372802745
14 0.4403619162470317 0.2873565891663805 0.020703887939453103 0.059151363372802745
14 0.41506965005998137 0.2866540262167403 0.020703887939453103 0.059151363372802745
15 0.3560523173791899 0.28814072608947755 0.02137108466608051 0.05497974354586166
15 0.37923689471731936 0.2895458519887581 0.02137108466608051 0.05497974354586166
36 0.6853501573741007 0.6814860611510791 0.04426146582733814 0.02248201438848929
36 0.7331244379496402 0.6807834982014387 0.04426146582733814 0.02248201438848929
36 0.6846475944244603 0.7074808902877696 0.04426146582733814 0.02248201438848929
36 0.7331244379496401 0.7067783273381294 0.04426146582733814 0.02248201438848929
36 0.7260221652223673 0.7641883652169172 0.04426146582733814 0.02248201438848929
36 0.7230628849193369 0.800291584913887 0.04426146582733814 0.02248201438848929
36 0.7224710288587308 0.8269251076411597 0.04426146582733814 0.02248201438848929
32 0.5386743790064102 0.5815554887820513 0.019406049679487225 0.09264823717948711
