56 0.6308608055114746 0.39794752597808836 0.01675348281860356 0.04401936531066891
29 0.533864688873291 0.7597900390625 0.027994537353515647 0.08771038055419922
26 0.6277115345001221 0.45478477478027346 0.015659999847412065 0.03767452239990238
54 0.4095953941345215 0.5768587589263916 0.016615295410156217 0.04304075241088867
31 0.6390065193176269 0.6766671657562255 0.019163513183593772 0.058825206756591863
41 0.32859251499176023 0.6943432807922363 0.029732704162597656 0.033405303955078125
54 0.426453971862793 0.577543067932129 0.016284370422363248 0.04398803710937493
52 0.39269967079162593 0.5766572475433349 0.01588888168334962 0.0425230026245117
26 0.6161148071289062 0.49611606597900393 0.016984748840331965 0.03702487945556637
41 0.3922316074371338 0.6936691284179688 0.028108692169189486 0.03247280120849616
26 0.6114275932312012 0.45567855834960935 0.0156582832336426 0.03842697143554691
41 0.3289435863494873 0.6279471397399903 0.028688716888427723 0.03116950988769529
18 0.41389856338500974 0.5180558204650878 0.01643543243408202 0.03032054901123049
41 0.42608733177185054 0.6929047584533692 0.027629566192626964 0.03351583480834963
51 0.3589569091796875 0.5766061782836914 0.016061162948608432 0.042814445495605424
56 0.5578369140625 0.3980413436889648 0.017083930969238326 0.043892860412597656
16 0.41684541702270506 0.38878061771392824 0.01584444046020511 0.03882412910461425
56 0.6674337387084961 0.39857165813446044 0.016966915130615323 0.045414304733276345
14 0.3783845424652099 0.428069019317627 0.0177143096923828 0.038196182250976596
55 0.44304356575012205 0.5780228614807129 0.016437530517578125 0.04545783996582031
14 0.396116304397583 0.42826480865478517 0.01751718521118162 0.03751373291015625
2 0.4489304065704346 0.7677106857299805 0.024174308776855502 0.07773456573486337
26 0.633143424987793 0.4965023517608642 0.01559524536132817 0.037046909332275335
56 0.6498842716217041 0.3980883836746216 0.017578315734863348 0.04434256553649901
41 0.3615294933319092 0.6272392272949219 0.028381538391113292 0.031029701232910156
41 0.36066977977752684 0.6936374187469483 0.029466629028320312 0.03255376815795896
41 0.3937961339950562 0.6275275707244873 0.02757878303527833 0.03101205825805664
56 0.5403031349182128 0.3978745937347412 0.01699199676513674 0.04440937042236326
41 0.42567291259765627 0.6585774898529053 0.026482391357421864 0.03435115814208978
41 0.360800576210022 0.6595504283905029 0.029488468170166038 0.03371152877807626
16 0.45119409561157225 0.4296427726745605 0.01935777664184568 0.03934764862060547
18 0.44960670471191405 0.5169340133666992 0.01664600372314451 0.030313301086425826
41 0.32823629379272456 0.6599813461303711 0.02954273223876952 0.03330516815185547
51 0.3425548553466797 0.5771958351135253 0.015625381469726585 0.04145183563232424
52 0.3760105609893799 0.5766987800598145 0.01632208824157716 0.042356777191162154
2 0.4237658500671386 0.7677687644958495 0.0246593475341797 0.07715454101562502
14 0.3608194351196289 0.42754483222961426 0.01831703186035155 0.0380864143371582
16 0.43389043807983396 0.38908531665802004 0.016706848144531217 0.039330244064331055
25 0.5808511734008789 0.4966286182403564 0.016514015197753862 0.03965396881103511
25 0.5631330013275146 0.4961272239685059 0.01690530776977539 0.04041996002197268
41 0.3935581684112549 0.6601824760437012 0.029310035705566395 0.032508468627929776
16 0.43204050064086913 0.42908344268798826 0.018537139892578103 0.038847923278808594
25 0.5979538440704346 0.4963525772094727 0.017272758483886652 0.03918104171752934
25 0.5603457927703858 0.45663795471191404 0.016024875640869185 0.036670684814453125
33 0.6664995670318603 0.4979256629943848 0.016286182403564387 0.03656263351440431
17 0.3233898639678955 0.426912784576416 0.01923475265502933 0.039883422851562544
14 0.36592612266540525 0.38817682266235354 0.016047906875610363 0.038003349304199185
16 0.4137328147888184 0.4285117149353027 0.017677497863769542 0.03826961517333988
31 0.6204255104064942 0.6751882553100585 0.017742347717285223 0.061313629150390625
28 0.5997722625732422 0.6723735809326172 0.021299457550048806 0.06741085052490237
28 0.6177422523498535 0.5650399208068848 0.01966724395751951 0.06501884460449225
23 0.529393482208252 0.4956812858581543 0.017276000976562567 0.03978614807128911
28 0.5779158115386962 0.672238826751709 0.02046689987182615 0.06824989318847652
28 0.6391035079956056 0.5648811340332032 0.020869350433349587 0.0667734146118164
56 0.5224480152130127 0.3980612277984619 0.01784925460815423 0.04406318664550779
19 0.342775821685791 0.5177570343017578 0.01790418624877932 0.03214836120605469
18 0.4317605018615723 0.5172516345977782 0.018312072753906228 0.03017005920410154
14 0.34984984397888186 0.38749485015869145 0.016202926635742188 0.0377028465270996
19 0.3249999523162842 0.518003273010254 0.017850685119628895 0.03091163635253913
47 0.5754883766174317 0.397984790802002 0.016672515869140647 0.04399423599243163
2 0.37320046424865727 0.768834114074707 0.024098825454711925 0.07702980041503915
47 0.5938049793243407 0.3978773355484009 0.017976665496826194 0.04401011466979976
28 0.5571669578552246 0.6723073959350586 0.019659996032714844 0.06936855316162105
2 0.32227137088775637 0.7685880661010742 0.02769894599914552 0.07804546356201181
19 0.3074389934539795 0.5184343338012696 0.017252635955810558 0.032352447509765625
33 0.6500196933746338 0.498507022857666 0.015550708770751931 0.03550319671630864
19 0.5120628356933594 0.49579792022705077 0.01634159088134768 0.04009037017822259
28 0.5363540649414062 0.6715665817260743 0.02067642211914067 0.07022609710693362
47 0.6129623413085937 0.39801068305969234 0.01678390502929683 0.04382019042968749
31 0.6589001655578614 0.677863073348999 0.01779384613037105 0.05653944015502932
2 0.348604154586792 0.7688302040100098 0.023579120635986328 0.07768230438232426
41 0.2506758689880371 0.6625259399414063 0.02650508880615235 0.03300457000732415
2 0.3984291315078735 0.7681093215942383 0.024641084671020497 0.07655181884765616
17 0.302506685256958 0.4273978233337402 0.020229244232177757 0.040761184692382824
14 0.40012364387512206 0.3885813236236572 0.016671085357666038 0.038808250427246116
14 0.3415775775909424 0.4269728660583496 0.017341804504394542 0.0393316268920898
25 0.5776431083679199 0.456967544555664 0.017056083679199197 0.036544036865234386
15 0.3320258855819702 0.386580228805542 0.016335010528564453 0.03826436996459959
14 0.3832109451293945 0.38814353942871094 0.017447471618652344 0.03874359130859373
28 0.6613164901733399 0.5647687435150146 0.021342658996582053 0.06946477890014646
28 0.5975913047790528 0.5643572330474853 0.019381809234619185 0.06605100631713867
25 0.5947111129760743 0.45667829513549807 0.016160202026367254 0.037108421325683594
19 0.3605668544769287 0.5176867961883544 0.01695737838745115 0.03100461959838874
18 0.4382803916931153 0.47820501327514653 0.016178417205810536 0.03852386474609376
33 0.6592835879678209 0.4546297886101483 0.016286182403564387 0.03656263351440425
33 0.6430046342276587 0.4541030767515962 0.014207390376499651 0.03454707925542816
23 0.512026631773399 0.4555014624384236 0.012026631773399021 0.03656096059113295
23 0.5274207204433499 0.4552609298029556 0.014913023399014791 0.03607989532019701
23 0.5442580049261085 0.45429879926108374 0.014913023399014791 0.03607989532019701
23 0.5466633312807883 0.4961514778325121 0.014913023399014791 0.036079895320196786
18 0.46326187737672797 0.5168245594394247 0.010165259087374423 0.030094393231877015
19 0.3185403330515825 0.47398129334499267 0.016676254338459207 0.036033953102402205
19 0.3357737889339355 0.47398129334499267 0.016676254338459207 0.036033953102402205
19 0.3523314230169805 0.4733054715456847 0.016676254338459207 0.036033953102402205
19 0.3695648788993334 0.4739812933449926 0.016676254338459207 0.036033953102402205
19 0.3874741565809943 0.47431920424464663 0.016676254338459207 0.036033953102402205
19 0.4036938797643853 0.4749950260439546 0.016676254338459207 0.036033953102402205
18 0.42104693581076236 0.47820501327514653 0.016178417205810536 0.03852386474609376
18 0.45585175847512216 0.47719128057618454 0.016178417205810536 0.03852386474609376
28 0.575497130570908 0.5652410000158111 0.019381809234619185 0.06605100631713867
28 0.5538448398469261 0.565682883499974 0.019381809234619185 0.06605100631713867
28 0.5339600830595957 0.5670085339524626 0.019381809234619185 0.06605100631713867
28 0.5150823518701269 0.567030401143553 0.013832690165593076 0.06344343979434197
61 0.425964692679558 0.6288307147790055 0.02427917817679559 0.029674551104972413
28 0.5158516478143345 0.6737247308973449 0.02067642211914067 0.07022609710693362
46 0.45671831837016574 0.6962728763812154 0.029674551104972358 0.02751640193370164
19 0.3788774013519287 0.5176867961883544 0.01695737838745115 0.03100461959838874
19 0.39682891789604635 0.5187638871810016 0.01695737838745115 0.03100461959838874
17 0.31298219145630757 0.3840735603579514 0.01473461672556492 0.03607652719072307
