0 0.5141168594360352 0.27267117500305177 0.07789745330810549 0.25909719467163084
18 0.6442045211791992 0.6688051223754883 0.03505783081054692 0.04874401092529301
18 0.40535594224929805 0.7805187225341796 0.03140122890472413 0.04760112762451174
14 0.41139563322067263 0.5847863197326659 0.03882524967193607 0.06020221710205076
18 0.6068710327148437 0.6711247444152832 0.03497257232666018 0.04772396087646491
17 0.39389216899871826 0.490080976486206 0.04523291587829592 0.06332454681396482
16 0.5737376689910889 0.5783254623413085 0.03994693756103518 0.0579048156738281
18 0.3719333171844482 0.7824778079986572 0.03409700393676757 0.0457680702209472
16 0.6141589641571045 0.5761303901672363 0.037799072265624956 0.05896911621093759
5 0.5949557100023541 0.2650760182312557 0.0748165539332798 0.27279160193034585
26 0.592815351486206 0.7757324218749999 0.03037891387939451 0.04378852844238279
18 0.4370139122009277 0.778506088256836 0.03206768035888674 0.04697418212890625
17 0.4407790184020996 0.48732061386108394 0.04484977722167971 0.06555728912353515
16 0.5325321197509765 0.674552822113037 0.034485244750976585 0.04564104080200193
14 0.36996347904205323 0.5870307445526123 0.04129848480224607 0.059916019439697266
14 0.4514478206634521 0.5836675643920899 0.03780956268310548 0.059560966491699285
15 0.5803110122680664 0.4791143417358399 0.04470405578613279 0.07164525985717779
15 0.626993465423584 0.4777347564697265 0.044852256774902344 0.07166576385498041
16 0.49649982452392577 0.6753808021545411 0.035406875610351496 0.04585256576538088
16 0.5324563026428223 0.579416561126709 0.041036796569824174 0.058899307250976585
16 0.6550869941711426 0.5752464294433594 0.04139232635498047 0.05768775939941406
26 0.4994826316833496 0.7794354438781739 0.032199478149414096 0.0421905517578125
26 0.5623166561126709 0.7766749382019043 0.030275154113769576 0.04392719268798828
26 0.5312238693237306 0.7789935111999512 0.0305605888366699 0.04159069061279297
16 0.46013708114624025 0.6770416259765625 0.035736083984375 0.04535102844238281
14 0.32691817283630376 0.5907084465026855 0.04244451522827147 0.06325340270996094
16 0.3861708164215088 0.6800303936004639 0.03596887588500974 0.04586381912231452
17 0.533413028717041 0.48280868530273435 0.04571895599365239 0.06768093109130863
14 0.4918391704559326 0.5808176040649413 0.03817806243896488 0.05929412841796877
16 0.42303051948547366 0.6789860725402832 0.036646366119384766 0.04527435302734384
3 0.3603734016418457 0.2792291700839996 0.07326402664184567 0.25356558561325077
15 0.6731968879699707 0.47691144943237307 0.04563064575195308 0.072245979309082
25 0.4677859306335449 0.7786698341369629 0.028163909912109375 0.045477104187011674
16 0.3480998992919922 0.6826639175415039 0.040105342864990234 0.049214744567871005
17 0.48670668601989747 0.48339595794677737 0.04312677383422858 0.06945610046386719
17 0.2987197399139404 0.4961838722229004 0.045140361785888705 0.07057018280029292
17 0.3470745086669922 0.49078922271728515 0.04460687637329097 0.06629877090454095
54 0.47606563568115234 0.9243928909301757 0.02606277465820317 0.05508689880371087
52 0.44775981903076173 0.9226041793823243 0.029547119140625022 0.05795993804931643
19 0.5696890830993653 0.6730579376220702 0.03649616241455078 0.04749002456665041
2 0.43403626680374147 0.27618191242218015 0.07123754024505613 0.2552024364471436
28 0.633427906036377 0.9223873138427734 0.03537349700927728 0.08040943145751955
3 0.27972841262817383 0.2836787462234497 0.08549370765686037 0.25809292793273925
59 0.6236861705780029 0.7567706108093262 0.03178043365478511 0.07505836486816397
29 0.6229883670806885 0.8729835510253906 0.04367322921752925 0.11938552856445317
29 0.5732391357421875 0.8747158050537109 0.04845218658447259 0.11823234558105478
11 0.6717703683035714 0.2671944754464286 0.0680106026785714 0.2476283482142857
47 0.5301956581858407 0.8685356747787609 0.031111725663716783 0.0596308075221238
47 0.4995160398230088 0.8722085868362831 0.027654867256637128 0.05747027101769908
47 0.5041790096235615 0.9188099707838369 0.02829983606393993 0.03571433020409798
51 0.4185267857142857 0.9209474541505791 0.02563947876447875 0.055426520270270285
