54 0.3349675416946411 0.5611158370971681 0.029881620407104514 0.08485546112060549
54 0.3653848171234131 0.5624220848083497 0.02844448089599605 0.08437595367431638
54 0.39504685401916506 0.5594654083251953 0.0289459228515625 0.08249130249023429
59 0.6366891384124755 0.552658987045288 0.030390167236328147 0.08139181137084961
33 0.36002848148345945 0.45534105300903316 0.03263096809387206 0.05730266571044923
47 0.5831418037414551 0.44212369918823247 0.030537891387939498 0.06714038848876952
55 0.453950309753418 0.5568675994873047 0.028922462463378873 0.08431625366210938
34 0.39272336959838866 0.4544370174407959 0.029407501220703125 0.0547785758972168
14 0.5199132442474366 0.3444443464279175 0.03215627670288079 0.05589375495910642
16 0.4190544128417969 0.2486708641052246 0.03165836334228517 0.05565500259399414
14 0.4870525360107422 0.3474235534667969 0.031479263305664085 0.05946407318115232
16 0.3198719024658203 0.2580310821533203 0.03734989166259761 0.07136192321777346
26 0.4862061977386475 0.45136752128601076 0.03169765472412106 0.05512256622314454
17 0.35803694725036617 0.3500195503234863 0.031826066970825184 0.05566835403442383
14 0.5526920795440673 0.3455134630203247 0.03047599792480471 0.06042900085449221
14 0.4543789573337721 0.34858069730841595 0.03065275109332538 0.05755158092664636
26 0.4539166450500488 0.452299976348877 0.031512069702148426 0.05502977371215817
28 0.43624763488769536 0.9350850105285644 0.03834171295166017 0.12982997894287107
16 0.3862629652023315 0.25131773948669434 0.031250429153442394 0.051969623565673806
47 0.6180815696716309 0.4409973621368408 0.029288673400878817 0.06874303817749028
34 0.42253761291503905 0.45385451316833497 0.028106689453125 0.056345558166503884
14 0.3904769897460938 0.3519282817840576 0.031038951873779308 0.05951499938964844
56 0.650706148147583 0.44020314216613765 0.03358058929443364 0.06960802078247069
25 0.6161046981811524 0.2404491424560547 0.03166542053222654 0.056442451477050765
28 0.3980877161026001 0.9348146915435791 0.03601269721984862 0.1303706169128418
25 0.48404483795166015 0.24691178798675537 0.03200111389160154 0.05490536689758302
25 0.5825803756713868 0.24226486682891846 0.03253631591796868 0.055712509155273454
25 0.5497490882873535 0.24439244270324706 0.030544281005859375 0.05481491088867185
25 0.5174991607666015 0.24572596549987794 0.03254337310791022 0.0546863555908203
29 0.6077462196350099 0.890047264099121 0.050185775756835915 0.20517139434814446
18 0.3257001876831055 0.3510111093521118 0.03139963150024411 0.05592226982116699
14 0.4225695402725883 0.34976193904876707 0.03164420749830166 0.05731205940246581
16 0.35522964000701907 0.2526911735534668 0.030332899093627963 0.051850891113281256
33 0.3278048753738403 0.459503173828125 0.03011493682861327 0.06345233917236326
15 0.45107150077819824 0.24792363643646242 0.030537128448486328 0.05506038665771487
14 0.5864999957706618 0.3420633414517278 0.03496536171954612 0.05784852090089215
52 0.48285765753383125 0.5570775188175978 0.02640304776419572 0.08314701772369115
31 0.5324409484863282 0.6965394973754883 0.03774337768554681 0.1052911758422852
29 0.6594990730285644 0.893629789352417 0.050870323181152366 0.21274042129516602
29 0.5578854560852051 0.8793421745300294 0.0475191116333008 0.18153133392333987
28 0.47589921951293945 0.9326815128326416 0.03904590606689451 0.13463697433471677
28 0.5153020858764649 0.9312251091003418 0.038839244842529264 0.13754978179931643
24 0.6489489555358887 0.2448812007904053 0.03210525512695306 0.07144708633422853
59 0.6661157608032227 0.5524547576904297 0.028695106506347656 0.08135051727294929
51 0.6056121826171875 0.5527310371398926 0.030580234527587846 0.08346414566040039
23 0.6524032103276886 0.3393758427780286 0.03441095605360722 0.06101601355898689
23 0.6185684237859945 0.3406721646806835 0.030665973224471066 0.060151798957217006
51 0.5738702417474932 0.5543016807167931 0.028455589513862956 0.08228435980535176
28 0.3613585955273788 0.9348924708577387 0.03601269721984862 0.13037061691284246
32 0.3882484098451327 0.6905074668141593 0.036729120575221264 0.12358268805309736
32 0.350871128318584 0.6907235204646016 0.037161227876106206 0.12142215154867253
31 0.49584312776548667 0.6983124137979693 0.03240804756637167 0.10365172107662768
31 0.4608424363938053 0.6970160918953144 0.03240804756637167 0.10365172107662768
31 0.4258417450221239 0.700905057603279 0.03240804756637167 0.10365172107662768
55 0.42529032334037453 0.5573983399764352 0.028922462463378873 0.08431625366210938
