36 0.47297861043689327 0.21129778519417475 0.09291565533980589 0.06826456310679613
36 0.5668423847087378 0.20750530946601942 0.09291565533980595 0.06826456310679613
36 0.4530681128640778 0.4028178094660194 0.08912317961165056 0.06067961165048541
36 0.5469318871359223 0.40376592839805825 0.0891231796116504 0.06067961165048541
36 0.4540162317961166 0.4634974211165049 0.08912317961165056 0.06067961165048552
36 0.5469318871359223 0.4644455400485437 0.0891231796116504 0.06067961165048552
36 0.4568605885922331 0.526073270631068 0.08912317961165056 0.06067961165048552
36 0.5497762439320389 0.5251251516990292 0.0891231796116505 0.06067961165048552
58 0.45875682645631066 0.721385770631068 0.08533070388349512 0.05119842233009708
58 0.5469318871359223 0.7204376516990292 0.08533070388349506 0.05119842233009708
58 0.45780870752427183 0.7792210254854368 0.08533070388349512 0.05119842233009708
58 0.5459837682038835 0.7754285497572815 0.08533070388349517 0.05119842233009708
