24 0.3145883560180664 0.6115843772888183 0.05111227035522459 0.12496032714843752
17 0.23149073123931885 0.3754831552505493 0.04679927825927732 0.12574362754821777
26 0.3702709436416626 0.6108476638793945 0.05480608940124515 0.12322273254394533
17 0.28025546073913576 0.3777029514312744 0.05236301422119144 0.1283675193786621
14 0.6686474800109863 0.38882300853729246 0.05388336181640618 0.12563986778259278
14 0.556860876083374 0.3852618455886841 0.05274057388305664 0.12473549842834475
41 0.6816545009613038 0.922981071472168 0.08379650115966797 0.10896377563476556
41 0.5894866943359375 0.9230532646179199 0.07993812561035152 0.0994766235351563
25 0.26089260578155515 0.6163922309875489 0.054572057723999035 0.12904701232910154
15 0.3361437797546387 0.3789860248565674 0.05433197021484376 0.12621450424194336
41 0.6813337326049804 0.8165627479553222 0.08430995941162112 0.10582141876220708
16 0.5023689270019531 0.38341655731201174 0.05342063903808597 0.12775402069091796
14 0.612813663482666 0.3878753423690796 0.05218086242675779 0.12415251731872562
41 0.3993420124053955 0.9270587921142579 0.08501625061035156 0.10182800292968752
41 0.5873987197875976 0.8165096282958985 0.08221492767333982 0.10584545135498047
52 0.4700068473815918 0.5912547588348389 0.045040512084960904 0.1582622528076172
18 0.7243897914886475 0.391648530960083 0.05184087753295907 0.12759962081909182
54 0.5674888134002686 0.5933839797973632 0.047163200378417924 0.16041212081909173
41 0.49631824493408205 0.9266204833984375 0.08082838058471681 0.09690322875976554
15 0.39197824001312254 0.38068413734436035 0.053587770462036166 0.12578449249267576
59 0.4216744303703308 0.592448616027832 0.046293663978576705 0.15705795288085933
16 0.4470046043395996 0.38204541206359866 0.0507234573364258 0.12632198333740235
41 0.492892074584961 0.8242953300476075 0.08304138183593751 0.10217456817626946
56 0.667106294631958 0.6095657348632812 0.052747249603271484 0.12813844680786124
41 0.39665889739990234 0.823412799835205 0.0818056106567383 0.10497627258300779
47 0.7235142707824707 0.6074705123901367 0.04991207122802732 0.12972030639648446
51 0.6153298377990722 0.5927288055419921 0.046922492980957076 0.1633979797363282
