18 0.37276520729064944 0.45756282806396487 0.0458635330200195 0.08107357025146483
18 0.32563903331756594 0.4586531162261963 0.045585536956787076 0.0814983367919922
3 0.572503662109375 0.6945929050445556 0.07929611206054688 0.27197427749633796
18 0.27823898792266843 0.45948123931884766 0.046300029754638705 0.08014831542968748
24 0.512485122680664 0.45626258850097656 0.04607639312744144 0.08296241760253908
16 0.5131310939788818 0.28738920688629155 0.0451288223266601 0.07450146675109864
56 0.2921452522277832 0.1849973678588867 0.047586584091186546 0.10734763145446777
16 0.5590372085571289 0.2870577335357666 0.043532943725586026 0.07507143020629886
14 0.37728252410888674 0.2900856494903564 0.04300084114074704 0.07688360214233397
16 0.4672039031982422 0.28705279827117924 0.04430255889892576 0.07594580650329591
26 0.609047794342041 0.4565582275390625 0.043414306640624956 0.08603935241699223
25 0.46585836410522463 0.4566515922546387 0.04467916488647461 0.08301258087158203
25 0.41953072547912595 0.45775470733642576 0.044797420501708984 0.08077173233032225
14 0.42200226783752437 0.2890782833099365 0.04330463409423829 0.07724914550781248
26 0.6558970451354981 0.45590763092041015 0.045928955078125 0.0968498229980469
19 0.6046353340148926 0.2880630731582642 0.04367713928222661 0.08235626220703124
17 0.33128230571746825 0.291644287109375 0.045357370376586936 0.07807216644287107
19 0.6495306015014648 0.2953934669494629 0.042209625244140625 0.09833030700683595
17 0.28362112045288085 0.29369964599609377 0.04628000259399412 0.08037385940551761
47 0.3394181489944458 0.18491593599319456 0.045249271392822255 0.1059415578842163
52 0.5122370719909668 0.17863454818725585 0.04152908325195309 0.11080150604248046
54 0.427266788482666 0.18239982128143312 0.04344854354858396 0.10949625968933105
24 0.5603205680847168 0.4545601844787598 0.045685958862304754 0.08449840545654297
55 0.47013187408447266 0.1819949269294739 0.03998765945434568 0.10568683147430422
59 0.6382572174072265 0.1715549945831299 0.04208946228027344 0.1123319149017334
5 0.6484097480773926 0.6832672595977782 0.07178421020507808 0.28497705459594724
59 0.5929168156215122 0.17504271779741562 0.04208946228027344 0.1123319149017334
51 0.5528971354166667 0.17671130952380953 0.03255208333333337 0.11160714285714286
