18 0.6723952293395996 0.49602742195129396 0.028618049621581987 0.059807968139648504
18 0.7017536163330078 0.4953493118286133 0.028713798522949308 0.059911060333252
18 0.585728645324707 0.499453067779541 0.02859840393066415 0.06278762817382816
18 0.6147474288940429 0.49925765991210935 0.028597927093505837 0.06288452148437496
18 0.7620314121246338 0.4937740325927734 0.02972345352172856 0.061602401733398426
18 0.6437225341796875 0.4985828399658203 0.02838745117187491 0.06312522888183597
15 0.234376335144043 0.41214499473571775 0.027837610244750982 0.05136442184448242
0 0.4643589973449707 0.9069604873657227 0.034388160705566384 0.09306907653808594
0 0.36014747619628906 0.905854606628418 0.035142803192138694 0.0941860198974609
47 0.7369971752166748 0.3901889562606812 0.02934904098510749 0.0710180759429932
18 0.7317097663879395 0.49425172805786133 0.028763008117675848 0.06057682037353512
15 0.2626586198806763 0.41115860939025883 0.02873144149780274 0.0528553009033203
26 0.2887875556945801 0.788478946685791 0.024058818817138672 0.041710853576660156
56 0.6686919212341309 0.5700584411621094 0.026819610595703147 0.05701084136962886
18 0.5571888446807861 0.49898362159729004 0.027468204498291016 0.06221885681152339
0 0.39477086067199707 0.9055622100830079 0.034155750274658225 0.0953804016113281
28 0.6450839042663574 0.6677602767944336 0.03290557861328125 0.0953124046325684
0 0.32335748672485354 0.9060680389404296 0.03491020202636719 0.09250068664550781
52 0.43715858459472656 0.6715785026550293 0.023378849029541016 0.06514930725097656
54 0.4734981536865234 0.7805275917053223 0.021958351135253906 0.06324520111083975
54 0.41251192092895506 0.6717869758605957 0.024029636383056607 0.06523170471191408
15 0.2912473678588867 0.410607922077179 0.027409076690673828 0.05278222560882567
0 0.42974190711975097 0.9070700645446776 0.033835983276367165 0.09350528717041018
25 0.3890677928924561 0.5950348377227783 0.025838851928710938 0.044393730163574174
18 0.5327837944030762 0.4994646072387695 0.02066383361816404 0.06373271942138675
28 0.6123313903808594 0.6687937736511231 0.03259067535400395 0.09483489990234373
54 0.38800156116485596 0.6719505310058593 0.02340607643127446 0.06485805511474607
19 0.32808237075805663 0.5024194717407227 0.026490783691406228 0.04708366394042973
15 0.4041340827941895 0.4082368850708008 0.027509498596191395 0.05251474380493165
51 0.3640108108520508 0.6719578742980957 0.0229589462280273 0.06436367034912105
56 0.6394317626953125 0.5703999042510985 0.026708030700683616 0.055922412872314475
28 0.709251594543457 0.6669160842895507 0.03085041046142578 0.09521350860595701
59 0.3826335906982422 0.778968906402588 0.02449493408203124 0.06562938690185549
56 0.6144504547119141 0.395997142791748 0.02868041992187509 0.07099952697753903
15 0.3473008155822754 0.4088879585266113 0.027715301513671853 0.05180940628051761
16 0.33746151924133305 0.5952417373657226 0.024849128723144542 0.04523468017578125
56 0.7286941051483155 0.5695919990539551 0.028535842895507812 0.05663909912109366
19 0.35504899024963377 0.5019412040710449 0.02644309997558597 0.04741783142089839
13 0.5681365013122559 0.784480094909668 0.05052947998046875 0.08396759033203116
56 0.5818975925445556 0.5711355686187745 0.025874423980712935 0.05583343505859373
13 0.5548481941223145 0.9257104873657227 0.028080749511718794 0.06274452209472658
16 0.3631279468536377 0.5949033260345459 0.024436664581298784 0.045160007476806596
19 0.4104799270629883 0.5006723403930664 0.027378082275390625 0.04704217910766606
28 0.741733694076538 0.6665019512176513 0.03352966308593752 0.0950086593627929
13 0.617691421508789 0.7847302436828614 0.04645385742187502 0.0849225997924804
15 0.3194929599761963 0.4097586631774902 0.02795448303222653 0.0521556854248047
16 0.31059291362762453 0.5954599857330323 0.02638835906982423 0.04500226974487298
59 0.3128839015960693 0.7788297176361084 0.022457599639892578 0.06367330551147465
19 0.43876137733459475 0.5004171371459961 0.026739501953124967 0.04757070541381836
28 0.6773772239685059 0.6670295715332031 0.03240785598754892 0.09463424682617194
56 0.6752162456512452 0.39367492198944093 0.02874956130981443 0.07122635841369629
16 0.28353133201599123 0.5956188201904297 0.02584609985351566 0.044602394104003906
29 0.7134761810302734 0.8937856674194335 0.03999652862548819 0.11952819824218752
15 0.3758621692657471 0.40884056091308596 0.027924823760986317 0.05199623107910156
13 0.5903489112854003 0.923729133605957 0.0426871299743653 0.06419792175292971
56 0.5539224147796631 0.5712271690368653 0.024368000030517534 0.0555854797363281
56 0.6106079578399658 0.5708148002624511 0.026620101928710893 0.05621128082275384
15 0.4322957038879395 0.4079124450683594 0.02622756958007816 0.05230293273925779
16 0.2580282688140869 0.5955767154693603 0.022758007049560547 0.04413928985595705
29 0.631856632232666 0.8954910278320313 0.04197750091552732 0.12005996704101562
13 0.665829086303711 0.7856804847717285 0.04760055541992192 0.08127212524414062
19 0.38275315761566164 0.5014562606811523 0.02636294364929198 0.04639682769775394
29 0.7539962768554688 0.8945302963256836 0.04123420715332027 0.12218093872070312
56 0.7864532470703125 0.5697312355041504 0.026697826385498002 0.05724449157714839
25 0.4157912254333496 0.5950884819030762 0.025762557983398438 0.04489288330078134
56 0.758369255065918 0.5699339389801026 0.026221752166748047 0.05680379867553709
25 0.4428840637207031 0.5953406810760498 0.026637554168701172 0.045174026489257835
14 0.24419231414794923 0.5042506217956543 0.02681226730346678 0.047781944274902344
29 0.6732604026794433 0.8946413040161133 0.0401578903198242 0.11738319396972652
19 0.2997222900390625 0.5030966758728027 0.027591228485107422 0.04697198867797847
56 0.6450326919555665 0.3954302787780761 0.028382301330566406 0.07137126922607423
59 0.35834202766418455 0.7794233798980713 0.022337579727172818 0.06651163101196289
56 0.5834012985229492 0.39709405899047856 0.02842788696289067 0.07096319198608397
56 0.7061765670776368 0.3919422149658203 0.02876691818237298 0.0713478088378906
31 0.7732069969177247 0.6692497253417968 0.030182075500488348 0.0875692367553711
56 0.5539307117462158 0.3982697486877441 0.028429698944091863 0.07246637344360352
51 0.34020762443542485 0.6719974040985107 0.02327136993408202 0.06376485824584965
0 0.2866825103759766 0.9045814514160156 0.035704898834228505 0.09539222717285156
25 0.46470251083374026 0.5952723503112793 0.01765956878662106 0.04502029418945319
59 0.33550095558166504 0.779383659362793 0.021553325653076216 0.06435928344726571
56 0.6979096412658692 0.5698478698730469 0.02794017791748049 0.0571866989135742
14 0.21764163970947265 0.5041061878204346 0.02584476470947264 0.04650201797485348
52 0.4619802474975586 0.6723949432373046 0.02435951232910155 0.06448783874511721
12 0.7138524055480957 0.784642219543457 0.04756031036376962 0.0831516265869141
19 0.272045373916626 0.5037740707397461 0.02704763412475586 0.04647464752197267
24 0.7620512008666992 0.7859135627746582 0.045397949218749956 0.08090686798095703
16 0.2335131883621216 0.5956730842590332 0.025601339340209944 0.043618965148925826
17 0.20448442101478576 0.4130359530448914 0.03047188520431518 0.05040419101715088
51 0.31686201095581057 0.6721535682678222 0.022635650634765636 0.0637304306030273
24 0.7918642997741699 0.4929073333740235 0.028221321105956987 0.0652685165405274
55 0.450625228881836 0.7801836967468261 0.022825050354003895 0.0632291793823242
47 0.7065740585327149 0.3925382375717163 0.028508758544921853 0.07226338386535647
33 0.2570407006048387 0.7465032762096774 0.02756426411290322 0.037802419354838745
33 0.2613722278225806 0.789030997983871 0.02677671370967738 0.042527721774193616
32 0.5779674899193548 0.6701108870967741 0.03150201612903236 0.09450604838709675
32 0.5464654737903225 0.6697171118951613 0.028351814516129115 0.09529359879032262
