17 0.2897518382352941 0.2544232536764706 0.05687040441176472 0.13671875000000003
17 0.34777113970588236 0.2561465992647059 0.05687040441176472 0.13671875
17 0.40241273751030787 0.25693230526731725 0.05217656937190762 0.13687283105415055
17 0.45519677278037385 0.25874342873831774 0.053391501168224276 0.13690128504672894
17 0.50988024627199 0.2591997663551402 0.05354558222237499 0.13598860981308408
17 0.5641844226738593 0.2591997663551402 0.05354558222237493 0.13598860981308408
17 0.6171195862252611 0.26216596086448596 0.05080755652144031 0.13461959696261683
17 0.6691420745430182 0.26170962324766356 0.05080755652144031 0.13461959696261683
17 0.7234462509448873 0.26353497371495327 0.05080755652144031 0.13461959696261683
17 0.2873286107362249 0.43945203427494417 0.05573241460349965 0.12851286182985855
17 0.34326462735014895 0.4388339567432986 0.052642026945271814 0.12851286182985855
17 0.39456506247673123 0.4403791505724125 0.050169716818689536 0.12789478429821294
17 0.4458654976033135 0.4403791505724126 0.050169716818689536 0.12789478429821305
17 0.4977681621197043 0.440965531820384 0.05016971681868965 0.127894784298213
19 0.5519701086956521 0.44051460597826086 0.05236639492753625 0.12808537137681159
19 0.6057518115942028 0.44192991394927533 0.05095108695652173 0.12808537137681164
19 0.6588258605072462 0.4461758378623188 0.05095108695652173 0.12808537137681164
19 0.7104846014492753 0.44688349184782605 0.05095108695652173 0.1280853713768117
