47 0.712492561340332 0.2638103485107422 0.02823162078857422 0.0604609966278076
15 0.3890570640563965 0.26883440017700194 0.02654800415039066 0.05158686637878418
47 0.7978848457336425 0.26310977935791013 0.027219200134277366 0.05947675704956054
47 0.7703700542449952 0.26340422630310056 0.025980377197265647 0.06058044433593751
18 0.4231728553771973 0.3532802820205688 0.027220344543457065 0.04775738716125488
14 0.4454326629638672 0.2697336673736572 0.027108764648437478 0.0513032913208008
47 0.6815752029418944 0.2643170118331909 0.026916885375976585 0.05963196754455566
18 0.45200085639953613 0.3531495571136475 0.028233337402343794 0.04743900299072262
23 0.5923098564147949 0.366386342048645 0.026188659667968794 0.04625473022460935
14 0.4167930603027344 0.26932313442230227 0.027943992614746116 0.05167584419250487
15 0.36131954193115234 0.26864826679229736 0.027204036712646484 0.05216064453125002
41 0.6014722824096679 0.7548201560974122 0.03529415130615232 0.03924140930175779
29 0.3306721687316895 0.7699335098266602 0.03438749313354489 0.11012973785400393
24 0.7283777236938477 0.3670575141906738 0.026558113098144487 0.051332664489746105
15 0.3046757936477661 0.2686339855194092 0.02841005325317386 0.05218734741210934
59 0.401654052734375 0.5212605476379395 0.02352199554443357 0.05972900390625002
56 0.6222691059112548 0.26470222473144533 0.029431056976318426 0.058516693115234386
24 0.7843509674072265 0.3657384872436523 0.0273229598999023 0.049468326568603505
17 0.2462043285369873 0.2682216167449951 0.028113889694213856 0.05202231407165525
15 0.33303117752075195 0.26885735988616943 0.02774910926818852 0.05295228958129883
24 0.7562773704528809 0.3663391590118408 0.02611961364746096 0.05018420219421388
52 0.4455819606781006 0.43762798309326173 0.023921871185302757 0.06621971130371096
59 0.4485150337219238 0.5215270042419433 0.021859169006347656 0.05904331207275393
47 0.7423218727111817 0.2634925365447998 0.027250289916992188 0.06093683242797854
19 0.3420245885848999 0.35295448303222654 0.026353502273559537 0.050237178802490234
24 0.7499815940856933 0.45603504180908205 0.025381469726562522 0.049330711364746094
19 0.3964240550994873 0.3534973621368408 0.02496557235717778 0.0487409591674805
16 0.3128349304199219 0.35155086517333983 0.027004241943359375 0.05001688003540039
26 0.2800766944885254 0.527558708190918 0.024306201934814475 0.042543220520019576
26 0.32736375331878664 0.5297693252563476 0.023758077621459928 0.04183254241943357
16 0.2860444068908692 0.351060438156128 0.02419118881225585 0.04987640380859376
26 0.30356707572937014 0.5285280227661133 0.02235517501831058 0.04183750152587884
59 0.4713450908660889 0.522488784790039 0.0211639404296875 0.0581239700317383
16 0.25970635414123533 0.35074300765991206 0.025688028335571322 0.049831676483154286
29 0.4070531725883484 0.7699648857116699 0.03779184818267822 0.10889739990234382
29 0.4440587043762207 0.7706719875335694 0.03573455810546877 0.10859899520874028
26 0.2558175563812256 0.5270390510559082 0.023052692413330106 0.04344654083251953
25 0.6731922149658203 0.3666332721710205 0.026507759094238303 0.04928302764892578
56 0.6530860424041748 0.26449635028839114 0.027057647705078125 0.05928993225097659
46 0.45793876647949217 0.665524673461914 0.05319662094116212 0.045447158813476496
14 0.46903491020202637 0.2695144176483154 0.019827938079833962 0.05122570991516112
56 0.5925552845001221 0.2646008014678955 0.027493095397949308 0.058808612823486345
17 0.27547922134399416 0.2686709880828857 0.028884029388427768 0.051647472381591786
41 0.6441541671752931 0.7561464309692383 0.037269973754882835 0.038220119476318315
29 0.2965677261352539 0.7683250427246093 0.03235540390014646 0.10926895141601556
59 0.42524366378784184 0.5211113929748534 0.0218212127685547 0.059862709045410134
28 0.6053010940551757 0.5423802375793457 0.030367279052734397 0.08748502731323243
19 0.3696268320083618 0.35505616664886475 0.02663445472717285 0.053431224822998
41 0.557616138458252 0.7532687187194824 0.037326049804687456 0.04169883728027335
29 0.3686400890350342 0.7708054542541504 0.03792133331298825 0.11026268005371098
25 0.6454750537872315 0.3661015272140503 0.025872230529785156 0.049385499954223644
41 0.6408386707305909 0.7941333770751953 0.03535890579223633 0.03603668212890632
24 0.7760482788085938 0.4562687873840332 0.024366760253906272 0.04953193664550781
41 0.7306100845336914 0.7524306297302246 0.03849172592163086 0.04454460144042971
25 0.7007527828216553 0.36663384437561036 0.02609729766845703 0.04981422424316406
19 0.5653817176818847 0.36651606559753414 0.025619697570800848 0.045435142517089855
26 0.3524972438812256 0.529904556274414 0.023943614959716808 0.04230899810791022
25 0.6189016819000244 0.3660416841506958 0.024693870544433616 0.048288583755493164
26 0.3772046327590942 0.5290556907653808 0.024368095397949208 0.04465818405151367
41 0.5990109443664551 0.7927631378173827 0.03455638885498047 0.03360328674316404
41 0.6872598648071289 0.7580077171325683 0.03739528656005853 0.03696441650390625
43 0.32100534439086914 0.5898989677429198 0.03859443664550777 0.03025875091552732
46 0.3968367576599121 0.662409782409668 0.06162910461425786 0.04024620056152339
41 0.7266448020935059 0.7933060646057128 0.03551406860351569 0.03543720245361326
28 0.5744319915771484 0.5421360969543457 0.029931831359863326 0.08735446929931645
41 0.6837889194488526 0.7961803436279298 0.0384008407592773 0.0358757019042969
29 0.4747738838195801 0.772154712677002 0.02563610076904299 0.1094467163085937
31 0.6640563011169434 0.5441686630249023 0.025782394409179732 0.08299808502197259
24 0.7225621223449707 0.4553987503051758 0.02694778442382806 0.04860839843749998
43 0.2785119533538818 0.5874214172363281 0.03904504776000978 0.03282852172851558
41 0.5565597534179687 0.7922229766845703 0.03602790832519531 0.03131923675537118
51 0.42107744216918946 0.43740167617797854 0.023534393310546853 0.0679767608642578
43 0.3667068719863892 0.590708065032959 0.03877439498901364 0.030828094482421853
41 0.7222952462345189 0.8206337540135907 0.035901908654008996 0.02256919717513073
28 0.6360575199127197 0.5422913074493408 0.029736232757568315 0.08755769729614254
31 0.7475577354431152 0.5441041946411133 0.031779479980468706 0.08150892257690434
31 0.7153478622436523 0.5448037147521974 0.029987525939941362 0.08115539550781248
41 0.6805711539494509 0.8211891119190724 0.037126773216820785 0.01694258541041027
16 0.23243246078491211 0.3505195140838623 0.025578022003173828 0.049708509445190396
17 0.21935045719146729 0.26826255321502684 0.025063562393188465 0.05274152755737305
28 0.5453475952148438 0.541685962677002 0.026927280426025435 0.08740940093994137
41 0.5972077369689941 0.8225296020507813 0.03418722152709963 0.025925827026367254
56 0.5647999763488769 0.2641524791717529 0.025911331176757812 0.05899839401245116
31 0.688366497130621 0.5446942336975582 0.017295990292988117 0.0778362349858358
46 0.33483278940594385 0.6562093855842711 0.06162910461425786 0.04024620056152339
46 0.2824175448644729 0.6594524928501674 0.03780135957021569 0.04673241509331594
46 0.4081291535544017 0.5961556313529848 0.03965860472785104 0.046218003167046384
43 0.36652338722700717 0.6154832404146912 0.039141364507777665 0.01632434578352071
43 0.32242056464636193 0.6144331732103901 0.039141364507777665 0.01632434578352071
43 0.28304304448507167 0.6125955556028633 0.043341633324981976 0.015799312181370206
41 0.5557394563807228 0.8196135465809375 0.0369666295244514 0.02009371608667987
41 0.6375900705425726 0.8224359815520358 0.031321759582254916 0.017835768109801364
52 0.46797295026881724 0.43778351814516125 0.02152637768817206 0.06195396505376344
33 0.29972192796610164 0.447654594809322 0.0227588718220339 0.039724576271186474
33 0.2734457759533898 0.447654594809322 0.025655455508474534 0.038896980932203395
33 0.2457213320974576 0.4480683924788135 0.024827860169491595 0.041379766949152574
