47 0.6460788249969482 0.37956161499023433 0.028404617309570224 0.06685705184936525
47 0.6763885974884034 0.3823434352874756 0.02636852264404299 0.07337312698364257
15 0.4887099266052246 0.17549431324005127 0.030981826782226607 0.06598620414733886
34 0.5566615581512451 0.49755229949951174 0.02773008346557615 0.05516452789306642
17 0.35923755168914795 0.17392847537994385 0.031044721603393555 0.06737494468688965
54 0.3725839614868164 0.4867072105407715 0.028005123138427734 0.08005132675170895
55 0.40117173194885253 0.4858162879943848 0.02645244598388674 0.08088588714599615
29 0.39092702865600587 0.7844153404235841 0.04768562316894531 0.17217769622802737
17 0.3278950929641724 0.17301244735717775 0.03220076560974122 0.06856737136840821
29 0.5319933891296387 0.7821764945983887 0.04522705078125 0.17214927673339853
24 0.64608736038208 0.27408633232116697 0.031529808044433616 0.0614814758300781
24 0.6149796962738037 0.2752366065979004 0.029741859436035134 0.061790847778320335
29 0.48525009155273435 0.7832468032836915 0.047124004364013705 0.1733772277832032
29 0.5783850669860839 0.7810709953308106 0.04573879241943357 0.17186565399169929
29 0.625818920135498 0.7798519134521484 0.04661712646484373 0.17411079406738272
24 0.6774222373962402 0.27995977401733396 0.03010482788085944 0.07555322647094725
26 0.3391252517700195 0.38108396530151367 0.029866313934326205 0.05418806076049809
15 0.5198726654052734 0.17498924732208251 0.030434608459472656 0.06689400672912599
19 0.46197848320007323 0.2761210918426513 0.030064487457275413 0.06480817794799804
29 0.3425146102905273 0.7829591751098632 0.046761226654052745 0.1723623275756836
29 0.4381751537322998 0.7843406200408936 0.04608020782470701 0.17440137863159189
14 0.45685887336730957 0.177740740776062 0.030549716949462846 0.06961774826049805
26 0.3066304206848145 0.38165712356567383 0.03269929885864259 0.058445739746093794
14 0.42455430030822755 0.17647392749786378 0.03187894821166992 0.06802139282226563
15 0.5517665863037109 0.1790366768836975 0.031007385253906228 0.0726534605026245
16 0.6149574756622314 0.1805027723312378 0.030295467376708962 0.06870927810668948
16 0.583069896697998 0.18093497753143312 0.030487251281738237 0.06953134536743164
28 0.5578070163726807 0.6111991882324219 0.034727191925048806 0.10745048522949219
16 0.6792761802673339 0.18086084127426147 0.031226253509521462 0.07615315914154053
14 0.3918182849884033 0.17523016929626464 0.03217515945434568 0.0682662010192871
19 0.4311368942260742 0.2761286735534668 0.029597377777099587 0.06487150192260743
19 0.4921597480773926 0.27467846870422363 0.02955455780029298 0.0613680839538574
18 0.30409269332885747 0.2667689323425293 0.032787036895751964 0.05760350227355959
16 0.6470062255859375 0.1812432765960693 0.03137474060058587 0.07210979461669922
26 0.369205641746521 0.3812610626220703 0.02842888832092283 0.0538450241088867
26 0.39968438148498536 0.3782010078430176 0.03025045394897463 0.05916872024536135
17 0.2942956924438477 0.17242670059204102 0.0349923133850098 0.07072906494140624
59 0.3174744129180908 0.4885401725769043 0.025929069519042947 0.0836648941040039
25 0.553206491470337 0.27307629585266113 0.029711151123046897 0.057366657257080095
59 0.3443183898925781 0.4886686325073242 0.02622165679931643 0.08102493286132811
33 0.6453233718872071 0.4998970985412598 0.029556655883789085 0.0619691848754883
28 0.5935632705688476 0.6103910446166991 0.03616933822631829 0.10806140899658201
34 0.5853302001953125 0.4983908653259277 0.028285789489746027 0.05695629119873041
28 0.5225923538208008 0.6111534118652344 0.03527679443359377 0.10798339843749993
25 0.5227953910827636 0.27251269817352297 0.028894996643066384 0.055339527130126964
33 0.6151209354400635 0.4979700088500976 0.02915687561035163 0.05811653137207029
28 0.6318015098571778 0.6101755142211914 0.037664604187011674 0.11007194519042973
23 0.36985378265380864 0.2728390693664551 0.03179912567138671 0.060316181182861306
25 0.5837310791015625 0.2727946758270264 0.029550361633300826 0.05688734054565428
51 0.42816238403320317 0.48650922775268557 0.025985050201416005 0.07871074676513673
18 0.33699746131896974 0.26839504241943357 0.03180894851684568 0.055493259429931635
33 0.6750428199768066 0.5013739585876464 0.02930030822753904 0.0708749771118164
47 0.5847042560577392 0.3797573566436767 0.027414035797119096 0.06477947235107423
52 0.4571679592132568 0.4868594169616699 0.028768444061279264 0.07869491577148441
28 0.668159294128418 0.6112921714782715 0.030443191528320312 0.11299209594726556
31 0.42014327049255373 0.6197339057922364 0.030622005462646484 0.09358654022216795
31 0.357537579536438 0.6210845470428468 0.03155431747436521 0.09120426177978513
31 0.38896851539611815 0.62059326171875 0.030626773834228516 0.09137859344482424
47 0.6165788650512696 0.3786164283752441 0.027691364288330078 0.06420974731445311
32 0.4881485133495146 0.6099817961165048 0.026547330097087374 0.11661862864077677
32 0.45591246966019416 0.6137742718446602 0.026547330097087374 0.11661862864077677
31 0.32245717905100113 0.6239289038389633 0.03155431747436521 0.09120426177978513
