59 0.47414846420288087 0.3461082935333252 0.05418691635131834 0.15479612350463867
25 0.7175247669219971 0.7585508346557617 0.059838390350341886 0.1478849411010742
25 0.5200002670288086 0.7581295013427735 0.06002349853515626 0.15187740325927734
16 0.4567964553833008 0.7594515323638916 0.06194705963134767 0.15412282943725586
16 0.3250870943069458 0.7602844715118409 0.06422944068908693 0.15420007705688477
25 0.6537255764007568 0.7580513954162598 0.06339902877807624 0.14896755218505864
28 0.2945498262132917 0.3189995765686035 0.07433571815490725 0.2118788719177246
16 0.39237639904022215 0.7594492912292481 0.062346696853637695 0.1529096603393555
25 0.5832663536071777 0.7562531948089599 0.06288070678710933 0.15091333389282224
16 0.2595011472702026 0.7600303173065186 0.06206116676330564 0.15315351486206052
52 0.5830188751220703 0.34984250068664546 0.05200462341308598 0.15125961303710939
54 0.6368282318115235 0.35414915084838866 0.05220508575439453 0.14866113662719727
55 0.4136005754824039 0.34545534363499397 0.052105331420898404 0.15284304618835448
51 0.5325520833333334 0.34989872685185186 0.03978587962962954 0.13925057870370372
