23 0.6663240432739258 0.613579511642456 0.034791755676269576 0.060525035858154386
47 0.35952308177948 0.7697336673736572 0.03297243118286136 0.05934028625488286
14 0.5939224720001222 0.4071585655212402 0.041791343688964866 0.0861342430114746
17 0.3306891918182373 0.41885987520217893 0.04603872299194334 0.0750507116317749
16 0.644748830795288 0.5165358543395996 0.040663623809814475 0.06790084838867183
52 0.5495090007781982 0.7598668098449707 0.030733776092529363 0.06437377929687504
52 0.6118505477905274 0.7582891464233399 0.02970333099365241 0.06416931152343752
14 0.5506696701049805 0.4094327449798584 0.041982936859130904 0.08377494812011715
15 0.46341352462768554 0.4112886428833008 0.04194984436035154 0.0845499038696289
16 0.3135990142822266 0.5216322422027588 0.04305906295776368 0.06946792602539065
16 0.6864140510559082 0.5155289173126221 0.03995780944824212 0.06877775192260738
4 0.5951497077941894 0.1969437837600708 0.07188663482666013 0.273131799697876
14 0.6837775230407714 0.4064450144767761 0.043854904174804754 0.0863752603530884
17 0.4211232662200928 0.41356639862060546 0.04254693984985347 0.08154764175415041
19 0.33594887256622313 0.6211171627044678 0.04045329093933103 0.06504430770874026
16 0.47850832939147947 0.5171456336975098 0.03989992141723636 0.07037715911865239
14 0.7307147979736328 0.40581684112548827 0.04590663909912118 0.0880557060241699
4 0.6709577560424804 0.19358901977539064 0.07651596069335931 0.2731315612792969
17 0.3771518230438232 0.41612896919250486 0.04416637420654296 0.07894878387451171
15 0.5069425106048584 0.4097202301025391 0.04237136840820316 0.08294363021850587
41 0.2564126491546631 0.08800860643386842 0.09344873428344727 0.11471524238586427
23 0.7038877010345459 0.6107168197631836 0.035915470123291104 0.0635025024414062
16 0.603230094909668 0.5171929359436035 0.040309906005859375 0.06794033050537113
19 0.5566580772399903 0.6143299102783204 0.035293960571289085 0.05942401885986326
16 0.35637660026550294 0.5210930824279785 0.041853046417236306 0.07204036712646483
16 0.5609036445617677 0.5181044578552246 0.04089221954345701 0.066162109375
16 0.5193263053894043 0.5173481464385986 0.04034137725830078 0.06858568191528319
8 0.4469670295715332 0.2015698730945587 0.07212524414062499 0.2706935286521912
25 0.34126074314117427 0.6984694480895997 0.0356741428375244 0.05815143585205085
52 0.5811380863189697 0.7594310760498046 0.02916011810302732 0.06397514343261712
25 0.5926816940307618 0.687140417098999 0.03446006774902344 0.05583763122558594
16 0.43768157958984377 0.5181767463684082 0.03958311080932614 0.07436819076538093
25 0.3793588399887085 0.6958475589752198 0.03570127487182617 0.057680797576904363
41 0.27216296195983886 0.2023919105529785 0.08820753097534181 0.10889296531677248
26 0.6999440670013428 0.6842689990997315 0.03426218032836914 0.057867240905761785
29 0.5478880882263184 0.8634870529174805 0.052054214477538996 0.12668304443359368
16 0.7248693943023682 0.5144994258880615 0.036027622222900346 0.07104959487915036
41 0.3569392204284668 0.08575155735015869 0.08517494201660153 0.12049150466918945
14 0.6381946563720704 0.40729498863220215 0.0433326721191406 0.0866491317749023
19 0.3750744819641113 0.6190435886383057 0.03569202423095702 0.062337398529052734
19 0.41096286773681645 0.617310905456543 0.03499488830566405 0.06071739196777348
29 0.3892045021057129 0.8710182189941407 0.055689334869384766 0.12732524871826179
19 0.4470691680908203 0.6172319412231445 0.036590862274169966 0.05961875915527348
25 0.4863130569458008 0.6936529636383056 0.03421726226806643 0.05613775253295894
19 0.6293805122375489 0.6152256011962891 0.0360865592956543 0.05743217468261719
16 0.3979750156402588 0.5194358825683594 0.040465354919433594 0.07332248687744136
25 0.6287775993347169 0.6864866733551025 0.035377883911132835 0.05596561431884772
25 0.522128677368164 0.6914641380310058 0.035042762756347656 0.054610061645507746
25 0.6643901824951173 0.6865662097930908 0.03321685791015627 0.055447292327880815
17 0.28507461547851565 0.41972870826721187 0.04493179321289059 0.07914085388183595
19 0.5926204681396484 0.6147560119628906 0.03556900024414067 0.05790996551513672
25 0.5581741333007812 0.6875184059143067 0.033234596252441406 0.05646057128906257
2 0.5210878372192382 0.19860239028930665 0.07238368988037108 0.276548957824707
25 0.4149876594543457 0.6951974868774413 0.034089469909667935 0.05746259689331057
25 0.450438404083252 0.6950766086578369 0.03536186218261722 0.05563430786132817
19 0.48373756408691404 0.6167034149169921 0.035747528076171875 0.05918254852294924
29 0.4941978454589844 0.8641383171081543 0.049540901184082 0.123587417602539
56 0.3920525789260864 0.7678790092468262 0.028913164138793968 0.06191101074218741
19 0.5197169303894043 0.6163590908050537 0.03642215728759768 0.058435153961181596
28 0.6694711208343506 0.8812217712402344 0.039725971221923784 0.09090614318847656
41 0.36645045280456545 0.20047579407691957 0.08196659088134767 0.09928358793258665
29 0.4440141677856445 0.8715524673461914 0.04962215423583988 0.13192825317382817
54 0.6757016181945801 0.7562515735626221 0.03286762237548824 0.06582870483398429
41 0.2890815496444702 0.30135498046875 0.08315033912658693 0.08858785629272464
28 0.5918423652648925 0.8816571235656738 0.035250282287597634 0.0916494369506835
28 0.6296832084655761 0.8811525344848633 0.03770914077758791 0.09168739318847652
56 0.42586555480957033 0.7666178226470948 0.032775115966796886 0.06311788558959963
41 0.3777989387512207 0.2965919733047485 0.07905597686767579 0.08692755699157712
59 0.45941672325134275 0.7637925624847413 0.030868434906005826 0.06360960006713867
11 0.7511160714285714 0.20092773437500006 0.07672991071428581 0.2511160714285714
59 0.48997365377282576 0.7615594474218225 0.026878129282305263 0.059143369941301094
51 0.643596690188172 0.7583165322580645 0.028351814516129004 0.06352906586021512
