56 0.7099133491516114 0.30758671760559086 0.018979644775390603 0.05131168365478517
47 0.664762306213379 0.30539560317993164 0.02095451354980471 0.045348072052001975
54 0.6705868721008301 0.39450945854187014 0.02032051086425779 0.06329584121704102
54 0.6304023742675782 0.39398081302642823 0.019209098815918035 0.06307568550109866
59 0.7120737552642822 0.39524962902069094 0.019785594940185613 0.06444458961486815
47 0.6430449485778809 0.3047308444976806 0.021169567108154208 0.04523344039916993
26 0.6430064678192139 0.4713906288146973 0.020144271850585982 0.04664030075073239
33 0.6424514770507812 0.5719788551330567 0.018989086151123047 0.04363193511962893
24 0.400192403793335 0.5113154411315919 0.019814395904540982 0.035367393493652366
19 0.30984745025634763 0.3857508659362793 0.021861553192138672 0.037291526794433594
59 0.7326248168945313 0.39600539207458496 0.020429611206054688 0.0653469085693359
24 0.3988611221313476 0.4696864128112793 0.02102060317993165 0.05043601989746094
34 0.563150978088379 0.6181567668914795 0.018742465972900413 0.04288892745971684
26 0.7065083503723144 0.47307453155517576 0.02024574279785163 0.04734001159667972
34 0.5821267127990722 0.6185366630554199 0.017884445190429643 0.04271831512451174
14 0.4180477142333984 0.3093645334243774 0.022716522216796875 0.03945183753967285
54 0.650214672088623 0.39405481815338134 0.01905126571655269 0.06366620063781736
33 0.6825544357299804 0.5715030670166015 0.018833351135253973 0.043650245666503884
15 0.3726095676422119 0.30941419601440434 0.022560977935791038 0.03840188980102538
26 0.5826879501342774 0.46924772262573244 0.019950485229492165 0.046393394470214844
34 0.6013937950134277 0.618168830871582 0.01873083114624019 0.044304275512695224
33 0.6808000564575196 0.6199934959411622 0.018530273437500022 0.041992568969726585
19 0.33264205455780027 0.3863587617874146 0.022316694259643555 0.03743577003479004
33 0.6613761901855468 0.6202033519744873 0.019238853454589866 0.041011047363281206
26 0.5818163871765136 0.511202621459961 0.019659233093261785 0.03577728271484376
26 0.5629014492034912 0.46895513534545896 0.01875572204589837 0.04729824066162108
26 0.6638348579406739 0.472093152999878 0.02029132843017578 0.0467360496520996
33 0.6627025127410888 0.5719674110412598 0.01915950775146491 0.04397230148315423
15 0.34992730617523193 0.3085360527038574 0.020836830139160156 0.03910140991210942
26 0.5426540851593018 0.46819133758544923 0.019726276397705078 0.04574251174926758
34 0.5434284210205078 0.6177625179290771 0.020160579681396396 0.04362688064575193
26 0.6853076934814453 0.4724042892456055 0.020938110351562567 0.04687194824218749
26 0.3139135122299194 0.5787500381469727 0.018474674224853493 0.044160556793212846
26 0.6835551261901855 0.5145074844360351 0.01983852386474605 0.03552742004394538
26 0.6028055191040038 0.469561767578125 0.01934394836425779 0.04610729217529297
26 0.6228569030761719 0.47037363052368164 0.019323348999023438 0.045462608337402344
26 0.7271567344665528 0.47317523956298824 0.01991472244262693 0.046793174743652355
25 0.33557088375091554 0.5103143692016602 0.02034616470336914 0.03443851470947262
33 0.6411674499511719 0.6197045803070069 0.02023868560791009 0.04156932830810545
26 0.6428160190582275 0.5134410858154297 0.019285202026367188 0.03436794281005856
26 0.5419337272644043 0.5100950241088867 0.01869678497314453 0.036498069763183594
26 0.5620941162109375 0.5107101440429687 0.0191442489624023 0.03595409393310545
26 0.47167267799377444 0.5780997276306152 0.020086002349853527 0.04421386718750009
16 0.4412406921386719 0.308394193649292 0.02237873077392577 0.04040508270263676
55 0.5507004737854004 0.3921061515808105 0.01995029449462893 0.0631137847900391
16 0.4632406234741211 0.30773606300354006 0.021040916442871094 0.04112582206726073
55 0.5706727027893066 0.39264450073242185 0.018852615356445335 0.06254405975341798
47 0.6886514186859131 0.3060339689254761 0.021259498596191362 0.04787020683288579
26 0.6631870746612549 0.5140465259552003 0.01994037628173828 0.03508892059326174
25 0.31498064994812014 0.5102297306060791 0.02041769027709961 0.03345203399658203
25 0.35770368576049805 0.5101047515869142 0.02128214836120601 0.03515758514404299
26 0.7044995307922364 0.5147870063781739 0.020343208312988303 0.034926605224609386
26 0.3929679155349731 0.5789746284484862 0.01837153434753419 0.044556045532226585
26 0.3341043949127197 0.5783897399902344 0.019066190719604525 0.04238004684448238
25 0.29465444087982173 0.5102599143981934 0.019751977920532238 0.03353691101074224
24 0.4203340530395508 0.4793368339538574 0.02061519622802732 0.06976318359375
26 0.4318397045135498 0.622291088104248 0.018010520935058616 0.03900623321533203
26 0.6025552749633789 0.5122554779052735 0.019718742370605558 0.035033035278320246
25 0.3351669788360596 0.4673622131347656 0.02028541564941405 0.04712543487548826
29 0.3816984176635742 0.7442824363708496 0.03230428695678711 0.11888751983642576
17 0.3076515197753906 0.307983922958374 0.019730091094970703 0.039565086364746094
25 0.2906012535095215 0.4683792114257812 0.022072553634643555 0.04850463867187499
26 0.46924037933349605 0.6222135543823242 0.018143463134765614 0.03955135345458982
26 0.6229833602905274 0.5128696918487549 0.019383907318115234 0.03502321243286133
55 0.5902052879333496 0.3928093194961548 0.018935966491699263 0.06280398368835449
54 0.6106085777282715 0.3935529708862305 0.01971282958984366 0.06339111328125002
26 0.3536303281784058 0.5790516853332519 0.01884212493896481 0.04363117218017576
26 0.4126399040222168 0.5790966033935547 0.01873645782470701 0.042908859252929754
18 0.3549137353897095 0.3860133647918701 0.021282148361206066 0.03812093734741212
25 0.37944073677062984 0.510318374633789 0.02042226791381835 0.035296630859374956
26 0.431944465637207 0.5785172462463379 0.018854427337646473 0.04342050552368171
26 0.29574108123779297 0.5790544509887695 0.017231082916259743 0.04463558197021489
25 0.35650913715362553 0.4667205333709717 0.019999933242797863 0.047493934631347656
26 0.4506818771362304 0.6223478317260742 0.01842193603515624 0.03987770080566411
26 0.45156259536743165 0.5775546073913574 0.01855335235595701 0.04422016143798824
33 0.620982551574707 0.6191799163818359 0.018293571472167924 0.04092769622802728
26 0.3357399940490723 0.6221360206604004 0.0189400672912598 0.03828029632568364
29 0.31503949165344236 0.7475273609161377 0.03246293067932132 0.11074495315551758
19 0.28745131492614745 0.38575558662414555 0.022801780700683616 0.03824872970581056
25 0.3131993532180786 0.4679879188537598 0.021379709243774414 0.0482013702392578
33 0.7026339530944824 0.5710458755493164 0.019580841064453125 0.04240894317626953
24 0.44119100570678715 0.46893987655639646 0.019855690002441417 0.049869823455810536
25 0.3770421504974365 0.46681690216064453 0.019678640365600575 0.047392082214355424
33 0.7226215362548829 0.5732541561126709 0.019774532318115212 0.04668483734130857
24 0.39964258670806885 0.49576101303100584 0.02053246498107908 0.0651432037353516
26 0.7247837066650391 0.5158327102661133 0.019366455078125067 0.03369159698486329
26 0.373561692237854 0.5793158531188964 0.019842481613159157 0.04397087097167962
33 0.6225717544555665 0.5716713905334473 0.01902847290039056 0.044495582580566406
26 0.39341030120849607 0.6218235492706299 0.018721199035644565 0.03806791305542001
26 0.41289482116699217 0.6221817016601563 0.01943435668945309 0.03840513229370124
26 0.3165377140045166 0.6225058555603027 0.01801691055297855 0.039503860473632746
17 0.2869589805603027 0.30930442810058595 0.022622013092041038 0.04303765296936035
16 0.44000792503356934 0.38644106388092037 0.02078323364257817 0.036579084396362316
26 0.3549481391906738 0.6222026824951172 0.01821107864379884 0.03729610443115228
15 0.328490686416626 0.30800604820251465 0.02067532539367678 0.03828144073486328
26 0.3743704557418823 0.6220499992370605 0.019124937057495073 0.03745460510253906
24 0.46216869354248047 0.4871325969696045 0.02069301605224605 0.08566026687622064
24 0.42127223014831544 0.511228370666504 0.020788574218750022 0.03626823425292974
33 0.7005353927612306 0.6194130420684814 0.01990566253662107 0.043610000610351585
34 0.582921838760376 0.5715162277221679 0.018357944488525346 0.04497261047363288
33 0.7209653854370117 0.6194909095764161 0.0207061767578125 0.043290996551513694
34 0.5635775566101073 0.5724608898162842 0.018714523315429665 0.04438371658325191
18 0.37625868320465083 0.3860780715942383 0.021564674377441417 0.03843221664428709
28 0.40994591712951656 0.7696403980255127 0.023420047760009777 0.07068529129028323
28 0.43388800621032714 0.7688823223114014 0.02324333190917971 0.06975698471069336
14 0.3953064203262329 0.30968194007873534 0.02208733558654785 0.03875579833984377
34 0.5442607879638672 0.5724114418029784 0.01885280609130857 0.044721031188964866
46 0.6507757367651448 0.7354297357447007 0.051955795288085915 0.04701423645019531
29 0.3484453439712525 0.7480731964111328 0.03284506797790526 0.11263866424560542
15 0.395937442779541 0.30894219875335693 0.02188587188720703 0.03960285186767576
56 0.729288387298584 0.30614256858825684 0.017279052734375022 0.04947233200073242
24 0.44165658950805664 0.5113728046417236 0.019257736206054643 0.035474300384521484
42 0.5776107788085938 0.7245946884155273 0.03145828247070315 0.04047584533691406
28 0.45932650566101074 0.7692368507385254 0.02462692260742183 0.07087631225585944
26 0.29810142517089844 0.6225470542907715 0.01826829910278316 0.04199104309082036
34 0.6022860527038574 0.5713564872741699 0.01900272369384759 0.046386337280273415
24 0.4412386894226074 0.4993733406066895 0.019325637817382835 0.057971954345703125
18 0.39938779504675614 0.3912178742258172 0.021564674377441417 0.03843221664428709
16 0.41965563715549936 0.38709796478873804 0.02208265588994618 0.03275308358041862
16 0.46077405820813094 0.3888112323325977 0.02208265588994618 0.03275308358041862
42 0.5767892034430253 0.7646475440577456 0.03138816565798053 0.03491817942836828
42 0.5416672187939024 0.7226724892331842 0.033101433201840114 0.03834471451608745
42 0.5416672187939024 0.762077642741956 0.033101433201840114 0.03834471451608745
