25 0.5923860549926758 0.3238360404968262 0.027555084228515603 0.058525466918945335
16 0.6059253692626954 0.21880042552947998 0.028446769714355447 0.060035085678100564
34 0.7769731998443603 0.3309995174407959 0.02987051010131836 0.07166604995727538
15 0.6679258346557617 0.216011643409729 0.03083515167236328 0.06378455162048341
46 0.3600623369216919 0.5261163711547852 0.06077451705932618 0.05539302825927739
41 0.381235671043396 0.7429896354675293 0.03909335136413572 0.0477392196655273
41 0.33417069911956787 0.7432718753814698 0.03870515823364262 0.04320058822631834
17 0.545786476135254 0.21651558876037597 0.028729057312011697 0.06588492393493653
14 0.7316311836242676 0.21592020988464355 0.030115127563476562 0.06535553932189941
24 0.6825324535369873 0.32538981437683107 0.030466747283935502 0.06057367324829099
26 0.5156644821166992 0.5669784545898438 0.02136440277099605 0.05444049835205078
18 0.5629472732543945 0.3233808517456055 0.02764606475830078 0.05927572250366214
59 0.7477664947509766 0.5595164775848389 0.023636817932128906 0.08186597824096686
26 0.5654115676879883 0.5671760559082031 0.024137687683105424 0.05116329193115232
46 0.4188807964324951 0.5348970413208007 0.05348148345947262 0.04405078887939451
46 0.3020113468170166 0.5214882850646972 0.05645933151245114 0.05385704040527339
54 0.6825985908508301 0.42568869590759273 0.026264190673828125 0.07685251235961915
15 0.6366794586181641 0.21786868572235107 0.028571224212646462 0.06079535484313964
41 0.24543652534484864 0.7339133262634278 0.039451169967651356 0.04482555389404297
25 0.6510998725891113 0.32498559951782224 0.02862606048583982 0.06036415100097653
16 0.5757039070129395 0.21629416942596436 0.027798461914062433 0.06541075706481936
25 0.6215801239013672 0.3247790813446045 0.02830715179443355 0.0597074031829834
47 0.2744791030883789 0.2311976194381714 0.028115892410278343 0.06872949600219727
26 0.5397146224975586 0.5671933174133301 0.025263977050781317 0.05396728515624993
17 0.5202164649963379 0.21715142726898193 0.021395874023437456 0.06706347465515133
41 0.4267458438873291 0.745335865020752 0.038797855377197266 0.04163417816162107
2 0.5941846370697021 0.793430233001709 0.03246355056762695 0.10908145904541011
2 0.5591859817504883 0.7924420356750488 0.036211585998535245 0.10960311889648444
41 0.28789238929748534 0.740556812286377 0.03764882087707522 0.04365482330322268
43 0.4153494715690613 0.44739098548889156 0.04266493320465087 0.030063438415527333
59 0.6417227745056153 0.5561165809631348 0.024457359313964866 0.07645740509033194
59 0.6675114631652832 0.5567116737365723 0.02481555938720703 0.07811260223388672
29 0.715692663192749 0.7841875076293945 0.04147624969482422 0.13258838653564453
55 0.7638230800628663 0.42612452507019044 0.026099205017089844 0.07839193344116213
41 0.29169344902038574 0.7825899124145508 0.03825950622558594 0.037050819396972745
43 0.4165168285369873 0.41473288536071773 0.04243764877319334 0.03416042327880858
29 0.6326392650604249 0.7784758090972901 0.041762256622314475 0.13417158126831052
55 0.7377039909362793 0.4254933834075928 0.025418663024902366 0.07748632431030272
29 0.6739194869995118 0.7827694892883301 0.041163063049316384 0.135428237915039
14 0.763539981842041 0.21628956198692323 0.03072366714477537 0.0654235005378723
54 0.7104734420776366 0.42536239624023436 0.025893783569335915 0.07690849304199221
59 0.6954573631286621 0.5579285621643066 0.02651433944702153 0.07681713104248056
26 0.5908089637756349 0.568262767791748 0.024818801879882835 0.05200595855712897
24 0.7134974002838135 0.32565979957580565 0.029697608947753862 0.06081867218017578
26 0.6162619590759277 0.5678945541381837 0.024844932556152388 0.05457601547241209
41 0.3363173246383667 0.7847682952880859 0.039804697036743164 0.037638282775878884
41 0.24996509552001953 0.7769200325012207 0.03825016021728517 0.03944416046142585
28 0.5830845832824707 0.6487829208374023 0.02895069122314453 0.09310436248779297
47 0.3047809362411499 0.23205411434173584 0.027713823318481434 0.0695315361022949
41 0.3820304870605469 0.7858386993408203 0.039338111877441406 0.03702831268310547
28 0.6128820419311524 0.6497635841369629 0.029412460327148393 0.09366741180419913
44 0.32031855583190916 0.44586620330810545 0.04431657791137694 0.02770709991455078
59 0.7229006290435791 0.5590650081634521 0.024123859405517534 0.08246526718139646
46 0.3713517665863037 0.6058221817016602 0.06231250762939455 0.05488023757934568
44 0.3174580574035645 0.4124494075775147 0.04237833023071286 0.03690462112426757
46 0.30884575843811035 0.6035347938537599 0.058876991271972656 0.05173645019531248
56 0.21684842109680175 0.23132753372192383 0.02538919448852539 0.0694026470184326
47 0.24497356414794924 0.23146319389343262 0.027455806732177762 0.06942577362060545
41 0.29338321685791013 0.8130023002624511 0.037094211578369174 0.027701950073242165
56 0.19052350521087646 0.23159167766571045 0.025676918029785167 0.06955199241638182
5 0.5210893630981446 0.7871504783630371 0.03319339752197259 0.10873336791992183
14 0.7005329132080078 0.2158806562423706 0.030108070373535245 0.06373333930969238
46 0.23902902603149415 0.5086424827575684 0.06217155456542972 0.053092956542968806
51 0.576728916168213 0.42340087890625 0.02544460296630857 0.07958488464355473
44 0.3667263507843017 0.4135034441947937 0.044638824462890636 0.035708451271057096
44 0.36805028915405275 0.44723396301269536 0.04311141967773435 0.02926464080810548
41 0.426866340637207 0.7864567756652832 0.040560340881347634 0.03789100646972654
46 0.42388019561767576 0.6176350593566895 0.04541759490966796 0.038899803161621116
28 0.6426167488098145 0.6507254600524902 0.028143692016601607 0.0937911987304687
46 0.24408488273620604 0.596225643157959 0.07178831100463867 0.05213088989257808
28 0.552677583694458 0.6470943450927734 0.030534362792968728 0.09411954879760742
23 0.5343650341033936 0.32304940223693845 0.027691745758056663 0.05962982177734372
32 0.5182053080550186 0.6485573244524431 0.030898952484131215 0.09450483322143555
41 0.338102650642395 0.8165647506713867 0.03797488212585448 0.027977371215820335
33 0.7438955307006836 0.32686939239501955 0.027545166015624956 0.05958194732666017
52 0.6298212528228759 0.42587261199951176 0.023379039764404363 0.0764296531677246
36 0.4232023665048544 0.342138197815534 0.038872876213592256 0.026547330097087374
36 0.3174871055825243 0.34024195995145634 0.05309466019417475 0.02844356796116504
36 0.26439244538834955 0.3383457220873787 0.04740594660194175 0.02844356796116504
36 0.2131940230582524 0.33502730582524276 0.04740594660194175 0.02559921116504854
36 0.4213061286407767 0.30658373786407767 0.05025030339805825 0.03128792475728159
36 0.3724780036407767 0.3042134405339806 0.03792475728155342 0.03792475728155337
36 0.32222770024271846 0.3051615594660194 0.04740594660194175 0.034132281553398036
36 0.37390018203883496 0.3416641383495146 0.052146541262135915 0.03318416262135926
44 0.27022562276304163 0.4092580268585604 0.04237833023071286 0.03690462112426757
44 0.2236314642663096 0.40989630300235125 0.042378330230712885 0.03690462112426757
44 0.26948828650455847 0.44332846068089304 0.040023345884934 0.02972890380161264
44 0.22353240415161732 0.4426901845371022 0.04129989817251567 0.02845235151403086
51 0.6054513426388011 0.42340087890625 0.02544460296630857 0.07958488464355473
52 0.6553522985745099 0.4233195074243483 0.023379039764404363 0.0764296531677246
41 0.2523022492726644 0.8103124150058679 0.0378590215716445 0.025705350909316804
41 0.3796493885809915 0.820419602645071 0.03797488212585448 0.027977371215820335
41 0.4284775135809915 0.8221328701889306 0.03797488212585448 0.027977371215820335
28 0.6742890461071117 0.6516052460885262 0.028143692016601607 0.0937911987304687
31 0.7358484100877192 0.6553248355263157 0.023985745614035103 0.09080317982456143
31 0.707579495614035 0.6518983004385964 0.023985745614035103 0.09080317982456143
