0 0.40290012359619143 0.5668919563293457 0.056922149658203136 0.19040870666503912
19 0.5962826251983643 0.2677882194519043 0.03847770690917973 0.10535564422607421
47 0.38496332168579106 0.40095272064208987 0.040821361541748036 0.11029281616210934
17 0.37914009094238277 0.26608548164367674 0.044725608825683605 0.10878458023071289
2 0.34711067676544194 0.5680064201354981 0.05162267684936522 0.19621868133544923
12 0.52359619140625 0.5948266983032227 0.06962661743164067 0.13247327804565434
17 0.3350841999053955 0.26612813472747804 0.041395473480224654 0.10960221290588379
15 0.46866354942321775 0.26602675914764407 0.042420768737792935 0.10519099235534671
59 0.4270925521850586 0.39461731910705566 0.040368747711181596 0.11846933364868162
16 0.5107269287109375 0.2671818733215332 0.039212036132812544 0.10654087066650389
51 0.5436883449554444 0.3928102493286133 0.03415184020996087 0.11582269668579098
5 0.46122255325317385 0.5642279148101808 0.052538108825683605 0.1937602996826172
52 0.5801705360412597 0.39313056468963625 0.03631458282470701 0.11581540107727051
54 0.6171295166015625 0.39341416358947756 0.035575485229492165 0.11602239608764647
26 0.7226827144622803 0.2674760103225708 0.040771484375 0.10154609680175783
25 0.636494493484497 0.2677114963531494 0.039404201507568404 0.10453767776489259
55 0.6917312145233154 0.39690160751342773 0.03596992492675777 0.12419023513793948
25 0.6778796195983887 0.26691546440124514 0.04127292633056634 0.10298871994018557
56 0.34153056144714355 0.40091789960861207 0.04103069305419926 0.1078541040420532
17 0.4237821102142334 0.2667101860046387 0.042344760894775346 0.10926556587219241
14 0.5534628868103026 0.26757998466491695 0.04178485870361326 0.10517959594726561
29 0.4010194140579064 0.8394581420259326 0.0670711195281663 0.21568820813563483
41 0.5887430667877197 0.6289053445221275 0.06072216033935551 0.068567943572998
55 0.6548910140991211 0.39459881782531736 0.03517589569091806 0.1211360931396484
41 0.654372267056537 0.6315305125328803 0.06072216033935551 0.068567943572998
41 0.5934683692070746 0.5606509762425577 0.06072216033935551 0.068567943572998
