16 0.40555896759033205 0.2632814884185791 0.046106433868408236 0.08522844314575198
56 0.33559393882751465 0.4074115753173828 0.043807697296142534 0.09040889739990232
14 0.3071239948272705 0.2636195182800293 0.04686336517333983 0.08553438186645507
52 0.5082665920257567 0.3980995893478394 0.03882369995117185 0.10943074226379396
47 0.38172140121459963 0.4073799252510071 0.040068244934082065 0.09168012142181392
17 0.25850396156311034 0.262774395942688 0.04909324645996094 0.0840547561645508
26 0.5009252071380614 0.26596717834472655 0.04664621353149412 0.0818094253540039
25 0.4534571647644043 0.2648557186126709 0.04483985900878906 0.08461418151855468
29 0.30701758189079087 0.7255180061372937 0.07296403493636694 0.22574220885578378
28 0.36957601562561276 0.7563231801412191 0.048747348785400435 0.15091114044189458
59 0.5895193099975586 0.3971743583679199 0.03816795349121094 0.1074191093444824
19 0.35621558357687555 0.26332595909343043 0.04871313431683705 0.08585382629843316
54 0.5486658222704048 0.3956764558232932 0.03915178919413009 0.10981425702811243
51 0.46420822143554685 0.3980508804321289 0.040698623657226596 0.1084407806396484
