34 0.5550045967102051 0.5211802005767823 0.02595729827880855 0.052457141876220637
34 0.5825292587280273 0.5225020408630372 0.027549552917480402 0.0536979675292969
15 0.43598456382751466 0.3044142484664917 0.03137397766113281 0.05350790023803714
14 0.46825408935546875 0.30635888576507564 0.03113002777099605 0.054459619522094715
26 0.5264766693115235 0.5202243328094482 0.02905063629150384 0.050837802886962935
15 0.4038984179496765 0.3022771835327148 0.031298279762268066 0.05443716049194336
0 0.5767731666564941 0.6422618865966796 0.04289684295654306 0.13607826232910158
24 0.46639490127563477 0.5158834457397461 0.029892158508300737 0.055761528015136674
19 0.46994733810424805 0.4187630772590637 0.02925033569335933 0.054234480857849154
26 0.4967531681060791 0.5184580326080322 0.029378509521484353 0.051553916931152355
19 0.43958535194396975 0.41604156494140626 0.02997112274169922 0.05500593185424807
19 0.5286707401275634 0.4214905261993408 0.02887029647827155 0.052786445617675815
19 0.4084970951080322 0.4140597343444824 0.03055791854858403 0.05536527633666993
47 0.40778083801269527 0.2021611213684082 0.02897195816040038 0.06371808052062988
25 0.406172513961792 0.513148307800293 0.029626083374023393 0.055395698547363315
16 0.6535304069519043 0.33068089485168456 0.02763433456420905 0.06823110580444336
13 0.3794374465942383 0.8818657875061036 0.05792732238769527 0.11996612548828123
19 0.4995295524597168 0.41992627382278447 0.028377723693847723 0.05365998744964601
14 0.5003115653991699 0.3103857278823853 0.030303001403808538 0.05449142456054684
19 0.34470677375793457 0.413331127166748 0.03213214874267578 0.06226778030395508
23 0.5892239570617677 0.42505273818969724 0.02949104309082029 0.05321722030639647
52 0.4684587955474854 0.2008888304233551 0.027495098114013683 0.07653073072433472
23 0.5586328506469727 0.4241164684295654 0.029872703552246138 0.05333251953125001
25 0.3757871150970459 0.5114479064941406 0.029893875122070312 0.055886650085449185
14 0.56106538772583 0.31584763526916504 0.02979068756103509 0.05371313095092778
13 0.3206193447113037 0.8819511413574219 0.05706071853637695 0.12102851867675779
19 0.3768634796142578 0.41163710355758665 0.031007480621337846 0.0554445505142212
29 0.43871150016784666 0.8441295623779297 0.058250331878662076 0.2079805374145507
25 0.43590126037597654 0.5147997856140136 0.029374504089355435 0.05604705810546873
2 0.4010912418365479 0.6360089302062988 0.044606399536132824 0.13962841033935547
25 0.34546432495117185 0.5108820915222168 0.030263900756835938 0.056716251373291005
8 0.35686779022216797 0.6346544265747069 0.04294710159301762 0.13971700668334963
56 0.3424211025238037 0.2013369083404541 0.03358960151672363 0.07233958244323732
16 0.5920381546020508 0.31804633140563965 0.030232620239257768 0.05207052230834963
14 0.530904483795166 0.3127037525177002 0.02859287261962884 0.05462102890014647
28 0.6256973266601562 0.8732540130615234 0.03659181594848626 0.13276214599609382
4 0.4890589714050293 0.6392027378082276 0.043767452239990234 0.1364848136901855
16 0.6233685493469239 0.3201923370361328 0.03002796173095701 0.052003765106201194
29 0.4919599533081055 0.8408727884292602 0.047604370117187544 0.20647921562194826
25 0.6190020561218261 0.4266602635383606 0.02838001251220701 0.05445687770843505
29 0.5413095951080322 0.8404270172119142 0.049393749237060636 0.20423069000244143
33 0.6120524406433105 0.52339768409729 0.028606224060058638 0.05310602188110347
28 0.5879459381103516 0.8739382743835449 0.03981933593750009 0.13368854522705076
54 0.49829201698303227 0.20338270664215088 0.0288610458374024 0.07700605392456056
51 0.6124141693115235 0.21251332759857178 0.026945877075195246 0.075199031829834
59 0.43843960762023926 0.19844655990600585 0.029855728149414062 0.07639513015747071
2 0.44544181823730467 0.6375799179077148 0.043268966674804676 0.13866596221923833
17 0.33725082874298096 0.30428543090820315 0.03578052520751951 0.07219743728637695
25 0.6480145454406738 0.4332278251647949 0.02919635772705087 0.06553564071655271
17 0.37200403213500977 0.2988840818405151 0.033745861053466775 0.05474066734313965
51 0.584542989730835 0.2101981222629547 0.0282024383544921 0.07611130475997926
33 0.6412089347839356 0.5304921627044678 0.027796268463134766 0.06550798416137699
15 0.6210519790649414 0.6445497035980224 0.0427671432495117 0.14238910675048833
5 0.532832145690918 0.6407745361328125 0.040817642211913974 0.1336771965026856
1 0.6210941314697266 0.6438603401184082 0.043208312988281206 0.14165325164794917
51 0.5558882713317872 0.20868141651153566 0.02828083038330076 0.07538256645202637
51 0.5274725914001465 0.20530445575714112 0.02828359603881836 0.0762094497680664
