47 0.48340864181518556 0.5449440002441406 0.027446174621582053 0.07312440872192383
47 0.45536651611328127 0.5450634002685546 0.02562713623046875 0.07369956970214842
18 0.4722621917724609 0.3223855495452881 0.030865287780761697 0.07333440780639644
47 0.4273324966430664 0.5452598571777344 0.027048587799072266 0.07574720382690425
0 0.2955636501312256 0.681476640701294 0.04256591796874998 0.14990215301513665
19 0.41242257356643675 0.20498342514038087 0.030083250999450695 0.07699503898620605
19 0.38141813278198244 0.20361409783363343 0.030495262145996127 0.07830313444137574
17 0.2046599805355072 0.18961253166198733 0.037692368030548096 0.08222546577453613
26 0.3581587791442871 0.4387779235839844 0.029566287994384766 0.06465930938720699
14 0.34820563793182374 0.2016688883304596 0.03292441368103027 0.0800925135612488
5 0.4212970733642578 0.669963788986206 0.03918037414550779 0.1438030242919922
16 0.2771261692047119 0.3149324655532837 0.03302869796752933 0.07312150001525874
26 0.38811991214752195 0.4387221336364746 0.028246164321899414 0.06485691070556643
54 0.39860935211181636 0.5401463985443116 0.0264145851135254 0.08830003738403314
5 0.461884880065918 0.6667906761169433 0.038221931457519565 0.14127864837646487
17 0.17505494356155396 0.3120771646499634 0.03658335208892821 0.07495398521423335
26 0.4171613216400146 0.43921480178833006 0.028595638275146495 0.06479110717773434
16 0.2434894800186157 0.3145355224609375 0.03165926933288574 0.07262392044067384
17 0.21006944179534912 0.3137533664703369 0.03294734954833983 0.07426061630249026
16 0.24236035346984863 0.19217802286148072 0.03512330055236815 0.08160178661346437
24 0.25018649101257323 0.43622751235961915 0.03352108001708984 0.07231426239013672
2 0.2511904239654541 0.6822808265686036 0.045227432250976585 0.15463695526123045
14 0.3136738300323486 0.1977924585342407 0.033831405639648426 0.08167619705200194
14 0.3114473819732666 0.3165827751159668 0.03309431076049807 0.0731058120727539
18 0.44169273376464846 0.3211473941802978 0.030219841003417958 0.0721752166748047
16 0.2784144878387451 0.19491444826126098 0.03415956497192385 0.08025224208831785
52 0.28138287067413326 0.5432044029235841 0.027424764633178722 0.09237136840820315
25 0.2125704050064087 0.4362771034240723 0.03467245101928712 0.07198429107666016
18 0.47494029998779297 0.2083367109298706 0.030553245544433616 0.07681169509887698
24 0.2842538833618164 0.4364654064178467 0.031309986114501975 0.07130575180053711
2 0.20376554131507874 0.6870591163635253 0.04641493558883669 0.15472373962402342
19 0.34492857456207277 0.3174546003341675 0.03195619583129883 0.07247209548950195
52 0.34094991683959963 0.5409080505371093 0.02750234603881835 0.09141921997070307
51 0.2510083675384521 0.5435526847839356 0.029057836532592807 0.09341583251953123
17 0.1665405035018921 0.18704977035522463 0.03815026283264161 0.08414258956909179
19 0.37783966064453123 0.31871328353881834 0.03225002288818363 0.07252101898193358
19 0.4102717399597168 0.3200948238372803 0.03063039779663085 0.07228298187255855
24 0.31664600372314455 0.43679471015930177 0.03168916702270508 0.07082071304321291
54 0.3699225425720215 0.5408379554748535 0.027276325225830067 0.08879203796386725
51 0.22056260108947753 0.5442739963531494 0.028905391693115234 0.0947566032409668
0 0.3391201972961426 0.6773121356964111 0.04142255783081056 0.1473790168762208
25 0.1773532271385193 0.4365078449249268 0.033041214942932134 0.07318849563598634
0 0.3806946039199829 0.6739784240722657 0.03989405632019044 0.14530506134033205
59 0.4465193748474121 0.42690300941467285 0.027479362487792924 0.08903532028198247
59 0.47257137298583984 0.4270838618278503 0.025154495239257835 0.09122736454010011
18 0.4434695720672608 0.2069002866744995 0.030908870697021473 0.07738018035888672
52 0.3110479831695557 0.5425250053405761 0.027644872665405273 0.09105014801025385
51 0.19087223936786582 0.5449894267560799 0.028905391693115234 0.0947566032409668
