28 0.42123534679412844 0.4261498212814331 0.029970693588256825 0.10082535743713378
31 0.6372062637547778 0.5743412394432506 0.026642408796176742 0.08395088098611048
28 0.45128679275512695 0.4255197842915853 0.031479835510253906 0.09948126475016278
28 0.3586087942123413 0.4264265457789103 0.02971758842468264 0.098969825108846
28 0.520785903930664 0.5598830223083495 0.03311729431152344 0.08979167938232424
28 0.29421485265096026 0.4259110411008199 0.0300598780314128 0.09869875113169352
31 0.6930141910625871 0.5748684782890757 0.025260070023263248 0.08289640329446013
28 0.3646984254478649 0.5641495917253434 0.02677353126987536 0.09438194712256165
28 0.487386220883412 0.5608001141031836 0.02895964422043723 0.0898846444050978
28 0.3906927267710368 0.42770575284957885 0.02878128687540693 0.10161974430084231
31 0.7188863465740423 0.5747524161247691 0.028487263211778746 0.08312852762307332
28 0.42346005986450586 0.5636864060808899 0.026188956704109367 0.09655234707388904
31 0.6080754680998006 0.5738379238517421 0.02519062430995289 0.08371348350670693
28 0.32596206267674765 0.42583336432774865 0.02952829202016194 0.09885410467783612
28 0.3954220173465218 0.5635948393754898 0.02969753787775703 0.0954914518222687
28 0.3343988780762739 0.5634097509323412 0.027659250216878928 0.09337357138372526
28 0.45558858297433064 0.5627956742693665 0.03184794620343834 0.09833381069693592
31 0.6649434323523455 0.573731541481747 0.02634387107411762 0.08392624824669714
28 0.4835531155268351 0.42649751901626587 0.030908314387003588 0.10012996196746826
28 0.30663871180336433 0.5639850706424353 0.025497352852011657 0.09365426909248775
31 0.5143927574157714 0.43344616889953613 0.02789363861083982 0.08617849349975581
31 0.580409939577625 0.573503078928419 0.024540391545386897 0.08562720201577356
29 0.4079859614372253 0.7082182884216308 0.03990175724029538 0.12489833831787112
29 0.44861135482788084 0.7069758415222168 0.03893566131591797 0.12383079528808594
31 0.5513432359999153 0.5710471053032359 0.03177683824186872 0.09053914926613982
31 0.5423504829406738 0.4338325977325439 0.026831436157226496 0.08614616394042968
29 0.5332182407379149 0.7107542472973204 0.039142608642578125 0.12726325988769527
29 0.490499210357666 0.7062403678894043 0.042182540893554665 0.12538433074951172
31 0.5707500457763672 0.434614896774292 0.02834053039550788 0.08632202148437496
32 0.27369449013157887 0.5645216557017543 0.035121984649122806 0.09251644736842113
32 0.2606508543165467 0.4282121178057554 0.03091276978417265 0.10046650179856115
