14 0.5806365489959717 0.39102606773376464 0.038214683532714844 0.08296670913696291
54 0.5875694274902343 0.24172773957252502 0.04402580261230471 0.14418562650680544
19 0.6445521831512451 0.5120365142822265 0.03538436889648444 0.06219978332519538
16 0.4969090938568115 0.5164464950561524 0.03546571731567377 0.0589555740356445
3 0.2360166549682617 0.0934975504875183 0.05358381271362306 0.1835261821746826
24 0.6224335670471192 0.6871652603149414 0.03300590515136714 0.06099548339843741
15 0.5415271759033203 0.39091708660125735 0.037267875671386674 0.08305354118347169
17 0.5024221420288086 0.3912923812866211 0.03876438140869143 0.08134593963623049
19 0.5720847129821778 0.5142406463623047 0.035390377044677734 0.06189727783203125
16 0.5343839645385742 0.5153229236602783 0.03630142211914056 0.05945634841918945
24 0.6539875030517578 0.6083943367004394 0.03176994323730464 0.06816711425781252
2 0.18537101745605467 0.09240354895591736 0.047853374481201166 0.1829028248786926
25 0.7163898468017578 0.5108523368835449 0.03827676773071287 0.06021242141723637
14 0.7077225685119629 0.38886356353759766 0.03876781463623047 0.08416080474853516
29 0.518488617342804 0.8644226121652813 0.05129333416204801 0.16642703061328512
19 0.6081219673156739 0.5132479190826416 0.034947776794433616 0.06119174957275397
28 0.2369557857513428 0.480955982208252 0.03342938423156741 0.10772724151611329
28 0.62153902053833 0.8770240783691406 0.03400478363037107 0.10917358398437504
29 0.46663055419921873 0.8639964103698731 0.05033655166625978 0.16839809417724605
26 0.810450267791748 0.26670398712158205 0.04862613677978522 0.103236198425293
17 0.4620194435119629 0.39576129913330077 0.04076404571533199 0.09047937393188477
16 0.7890480518341065 0.38644523620605464 0.044180011749267556 0.07932119369506835
18 0.6796218395233153 0.5116508960723877 0.032709026336669944 0.060541629791259766
14 0.6657011985778809 0.3906626462936401 0.04043722152709961 0.08575081825256348
25 0.5221786499023438 0.6903903007507324 0.03290195465087886 0.061478042602539085
25 0.5207215309143067 0.6142977237701416 0.032767868041992165 0.06346769332885738
25 0.5867067813873291 0.6109990119934081 0.032767295837402344 0.06480827331542971
14 0.332027530670166 0.36092939376831057 0.0279529571533203 0.06761522293090821
25 0.5535669326782227 0.6132669925689698 0.03104114532470703 0.0632759094238281
24 0.6207758903503418 0.6099812984466553 0.033246421813964866 0.06765537261962895
24 0.6548665523529053 0.6856901168823242 0.0317530632019043 0.06127643585205078
25 0.7566168785095215 0.5104384422302246 0.03984680175781252 0.05923957824707027
25 0.5562949180603027 0.6894147396087646 0.03209180831909175 0.06140813827514657
28 0.27138724327087405 0.47714385986328123 0.03577384948730472 0.1109156608581543
16 0.4594709396362305 0.5275993347167969 0.03595676422119143 0.08214788436889653
14 0.32034730911254883 0.2887691020965576 0.027258014678955056 0.07024164199829103
25 0.48697171211242674 0.6146498680114747 0.03260354995727538 0.06489315032958987
24 0.7303900718688965 0.6890447616577149 0.037062644958496094 0.0542454719543457
25 0.5887392997741699 0.6881089210510254 0.031011772155761674 0.06115913391113281
59 0.6293954372406005 0.24563264250755312 0.038499736785888694 0.13799172639846805
28 0.6574072360992431 0.876904296875 0.034195327758789085 0.10151939392089837
14 0.6240342140197754 0.39273667335510254 0.03946075439453123 0.0869580268859863
24 0.6922105789184569 0.6863105773925782 0.03711280822753904 0.057107162475586004
25 0.4567586421966553 0.6937150001525879 0.03223314285278317 0.06318454742431645
25 0.48925318717956545 0.6917285442352294 0.03135423660278325 0.061623764038086004
25 0.45458555221557617 0.6164094924926757 0.029758644104003862 0.06474151611328127
14 0.7461641788482666 0.3878325462341309 0.037632751464843794 0.08302431106567382
24 0.6860832214355469 0.6040083885192871 0.029890823364257857 0.0625314712524414
14 0.305360221862793 0.360746955871582 0.024484825134277355 0.06791267395019535
17 0.2652575969696045 0.2884925365447998 0.03164930343627928 0.07291975021362301
3 0.28661479949951174 0.09379249215126037 0.04829511642456058 0.18484264612197876
2 0.14324514865875243 0.09219152927398681 0.03518776893615724 0.18432099819183348
24 0.7149733543395996 0.6032612800598145 0.028319168090820357 0.0616487503051758
55 0.6686824798583985 0.24522569179534912 0.039462280273437456 0.13457303047180175
3 0.3808130264282227 0.0930684506893158 0.04308376312255863 0.18492451906204221
33 0.7469849817961165 0.2634443264563107 0.041717233009708754 0.0910194174757282
33 0.5455097087378641 0.24258570995145634 0.03508040048543681 0.13273665048543695
0 0.482933859223301 0.2236233313106796 0.08059010922330101 0.16876516990291263
9 0.33578181612318836 0.09517946105072463 0.04316689311594202 0.1804517663043478
