14 0.4683202266693115 0.4455419063568115 0.057034587860107455 0.1280387878417969
18 0.6386895179748535 0.5587844848632812 0.05469951629638681 0.09160633087158199
14 0.5254615783691406 0.44684062004089353 0.052119541168212935 0.1254286766052246
25 0.6846214294433594 0.444982635974884 0.05391883850097656 0.12284963130950921
19 0.5783218383789062 0.4467957019805908 0.050699806213378884 0.12319316864013669
16 0.3524019718170166 0.44567127227783204 0.05908594131469724 0.13226289749145514
14 0.5822227478027344 0.5594549179077148 0.05087890625000002 0.09286861419677739
16 0.355893611907959 0.5628153324127196 0.05563650131225584 0.09968957901000974
25 0.6936741352081299 0.5565007686614991 0.05054759979248047 0.09115257263183596
16 0.41293820142745974 0.56186842918396 0.0547884225845337 0.0983521461486816
14 0.5278581619262694 0.5609218597412109 0.052750015258789085 0.0932497024536133
16 0.41094222068786623 0.4460953235626221 0.053475093841552745 0.1288341522216797
14 0.4715737342834473 0.5621488571166993 0.05657005310058594 0.09472389221191413
28 0.7288393020629883 0.2314957082271576 0.06647949218750004 0.17437764406204226
19 0.629872989654541 0.446990966796875 0.05024108886718748 0.12149400711059566
25 0.7441058158874512 0.5550105094909668 0.046837806701660156 0.09202194213867188
25 0.7421942234039307 0.4441702842712402 0.049132251739501975 0.12310829162597658
