41 0.5697722911834717 0.3625717639923096 0.06973123550415039 0.08090524673461913
41 0.651011085510254 0.363193416595459 0.07106742858886717 0.08211879730224608
41 0.43144998550415037 0.6283830642700196 0.056352043151855435 0.05920524597167964
41 0.36690230369567867 0.6291390419006347 0.05477781295776368 0.056590270996093706
41 0.4870941162109375 0.27829363346099856 0.07591686248779295 0.08534159660339352
41 0.5705845832824707 0.276090931892395 0.07652807235717773 0.08913021087646483
41 0.49521770477294924 0.6345297813415527 0.05626621246337887 0.060800361633300715
41 0.493608570098877 0.47771968841552737 0.06602230072021487 0.06638889312744145
41 0.657786750793457 0.2750028133392334 0.07854385375976558 0.09168758392333984
41 0.4206382274627686 0.4734588623046875 0.0633697509765625 0.06893329620361327
41 0.4037328243255615 0.2806330680847168 0.07544755935668945 0.08172087669372557
41 0.6644484519958496 0.17615274190902708 0.077239990234375 0.10297849178314208
41 0.49004440307617186 0.3598123550415039 0.07238235473632815 0.07292146682739259
41 0.42360725402832033 0.540776538848877 0.06382160186767577 0.05913200378417971
41 0.5661184310913085 0.47629737854003906 0.0639583587646485 0.068450927734375
41 0.49388198852539067 0.5421085357666016 0.06167621612548829 0.060681724548339755
46 0.5485525131225586 0.8751913070678711 0.06928071975708017 0.06894493103027344
46 0.4058078289031982 0.8605960845947266 0.07571830749511715 0.0683811187744141
41 0.32021374702453614 0.276232647895813 0.07212638854980469 0.08573918342590334
41 0.3534592390060425 0.5379310131072998 0.058317470550537154 0.06269712448120124
46 0.6210588455200194 0.8792715072631836 0.07251701354980467 0.0730197906494141
41 0.575716209411621 0.17784837484359742 0.07839679718017578 0.1028661012649536
41 0.4871843338012696 0.17962136268615722 0.078934383392334 0.10534410476684569
41 0.49551916122436523 0.6913385391235352 0.05484161376953128 0.04984722137451181
41 0.39793319702148433 0.18544026613235473 0.07823972702026366 0.10686533451080321
41 0.5589224815368652 0.6926999092102051 0.05575160980224603 0.05147056579589848
41 0.32847900390625 0.357687783241272 0.06842184066772461 0.07314586639404297
41 0.3098525524139404 0.18168678283691408 0.07932262420654296 0.10586490631103515
41 0.3477859973907471 0.47065010070800783 0.0623485565185547 0.0716867446899414
41 0.4344367980957031 0.686688232421875 0.05474910736083982 0.05213909149169915
41 0.5602142810821533 0.6334366798400879 0.05733299255371094 0.06351299285888667
41 0.41002802848815917 0.35944356918334963 0.06880149841308592 0.0709272384643555
41 0.5610685348510742 0.5429852962493896 0.05957612991333017 0.06056852340698238
41 0.3715611457824707 0.6853621006011963 0.05202083587646483 0.05323915481567387
46 0.47933416366577153 0.8665604591369629 0.06722354888916021 0.06820392608642578
41 0.6213603019714355 0.6930926322937012 0.057523918151855424 0.05826244354248045
61 0.6216229438781739 0.6928882122039794 0.057102966308593794 0.05791101455688474
