58 0.33894848094193386 0.7026929834228656 0.041915379213483095 0.030064957865168607
36 0.6418188980284356 0.7380848969570194 0.041915379213483095 0.030064957865168607
36 0.6415994457812446 0.7058254166199408 0.041915379213483095 0.030064957865168607
36 0.6881629638416695 0.7065824620506576 0.045095869281701284 0.02906484726689318
36 0.6886581751626334 0.7374905785497703 0.04564738742924712 0.02836234078751254
36 0.5990523575990616 0.7403015885845131 0.036482368579454194 0.02846340432240324
36 0.5990523575990616 0.7125957423766479 0.036482368579454194 0.02846340432240324
58 0.3382356615988682 0.7383339505761503 0.041915379213483095 0.030064957865168607
58 0.38137364612380054 0.739601807902075 0.042653027095464646 0.026898117772492403
58 0.3810172364522677 0.702535202062659 0.042653027095464646 0.026898117772492403
