52 0.4088889122009277 0.2368643045425415 0.04911766052246097 0.1475348949432373
18 0.7813011169433595 0.38638324737548824 0.0486265182495117 0.09745340347290038
47 0.814541721343994 0.24118962287902831 0.0494352340698242 0.11288113594055177
16 0.37717738151550295 0.49664626121521 0.04366717338562015 0.07618274688720705
17 0.4032442092895508 0.05488455891609192 0.057924175262451194 0.10927947759628297
17 0.5204628944396973 0.05531041026115417 0.05664710998535161 0.11023064851760864
16 0.3316674709320068 0.49966011047363285 0.04701080322265627 0.0765861511230469
17 0.2817802429199219 0.05689772367477417 0.06333732604980469 0.10500528812408448
56 0.7636852741241456 0.24258959293365479 0.0473752975463867 0.11562714576721189
17 0.3429530620574951 0.05462456941604614 0.060298919677734375 0.10888364315032958
25 0.3981131076812744 0.7885075569152833 0.03645105361938478 0.050476455688476585
17 0.1577629804611206 0.05701470971107483 0.06126220226287843 0.11402941942214966
17 0.21841045022010802 0.053974378108978274 0.06176193952560424 0.10751354694366455
28 0.47121090888977046 0.6218057155609131 0.04950408935546874 0.1213004112243653
17 0.4624637603759766 0.05518841743469238 0.058565902709960926 0.11020560264587403
26 0.6422242641448974 0.7657074928283691 0.032668018341064475 0.05203895568847661
26 0.47186737060546874 0.7819667339324952 0.035176658630371116 0.051809406280517556
28 0.2663095474243164 0.635754919052124 0.050444841384887695 0.12162399291992188
25 0.36058759689331055 0.7909865379333496 0.03461399078369143 0.052174949645996005
26 0.575105094909668 0.7726460456848144 0.03293876647949223 0.05214691162109375
26 0.5072299480438233 0.7799323081970215 0.03369016647338868 0.050948143005371094
16 0.23384125232696534 0.5111002922058105 0.048272991180419944 0.08107366561889645
26 0.5413322925567627 0.7762768745422364 0.0329289436340332 0.05097770690917969
56 0.714232349395752 0.24452252984046935 0.04720706939697261 0.11551922559738159
28 0.573190450668335 0.6148478507995605 0.049371433258056596 0.12139873504638665
51 0.3058618545532227 0.23964056372642517 0.05039386749267577 0.1417361378669739
16 0.371239447593689 0.40238957405090336 0.04553446769714359 0.0987689971923828
16 0.22136712074279785 0.40712680816650393 0.05833296775817873 0.10078210830688478
26 0.6088913917541503 0.769227123260498 0.03258790969848635 0.051448822021484375
18 0.774240779876709 0.48256940841674806 0.04108562469482424 0.07867183685302737
16 0.2830956220626831 0.5042037010192871 0.047733306884765625 0.07259578704833985
3 0.5137370109558106 0.8838495254516602 0.04601955413818365 0.12276458740234375
25 0.322394871711731 0.7938096046447753 0.03799939155578613 0.05288887023925781
28 0.42027672529220583 0.6245943069458008 0.04946577548980713 0.12162952423095708
16 0.6910737037658692 0.05523676872253418 0.055784320831298806 0.11047353744506835
54 0.460232925415039 0.2379430294036865 0.04804487228393556 0.1471463680267334
28 0.3179182052612305 0.6330582618713378 0.04928359985351566 0.11990280151367194
16 0.6353970050811768 0.05388097763061524 0.05315799713134772 0.10767159461975098
25 0.4356151103973389 0.7852918624877929 0.03519182205200194 0.051019477844238215
52 0.35777943134307866 0.23920094966888428 0.04789786338806151 0.14088916778564453
16 0.3244919776916504 0.4046043395996094 0.04630985260009768 0.09638957977294921
26 0.6759305953979492 0.7626072406768799 0.032337188720703125 0.05320262908935547
16 0.2763051986694336 0.4078777313232422 0.050445175170898415 0.09686899185180664
19 0.553439998626709 0.397034740447998 0.04364414215087886 0.09763307571411134
26 0.7090615272521973 0.7603969573974609 0.03206748962402339 0.05390167236328125
19 0.6431789398193359 0.39148736000061035 0.04328908920288077 0.09521331787109377
2 0.4171349048614502 0.8964797973632812 0.048151111602783236 0.12380867004394525
19 0.686774730682373 0.48401651382446287 0.04298582077026358 0.07141780853271484
28 0.36908152103424074 0.6275032997131347 0.05067262649536136 0.12205543518066408
19 0.5990679740905762 0.3942995309829712 0.043922042846679665 0.09654068946838379
28 0.522099781036377 0.6179368972778321 0.04980926513671868 0.12154731750488279
16 0.8494760513305664 0.056267189979553225 0.04953308105468757 0.11253437995910645
16 0.7475116729736329 0.053932732343673705 0.052769947052001887 0.10786546468734741
16 0.5785511016845704 0.054820668697357175 0.057539176940918035 0.10964133739471435
16 0.7989027500152588 0.05512654781341553 0.04969968795776358 0.10977780818939209
19 0.7327534198760985 0.3878072500228882 0.04293146133422854 0.0953348636627197
25 0.2834996700286865 0.7964744567871094 0.03732662200927733 0.05498619079589839
28 0.6229689121246338 0.6114439964294434 0.047608470916748136 0.11959056854248051
19 0.730870819091797 0.4820846080780029 0.042114639282226585 0.07229804992675781
19 0.510843849182129 0.49239463806152345 0.04326906204223635 0.07298488616943366
28 0.7213332176208496 0.6061778545379639 0.05291805267333982 0.12062540054321291
19 0.5984273910522461 0.4873682975769043 0.042683410644531294 0.074161434173584
19 0.6882165908813477 0.38902084827423095 0.043225097656250044 0.0950194835662842
59 0.561165714263916 0.23606529831886292 0.047298431396484375 0.14294384717941286
2 0.46636028289794923 0.891777515411377 0.0459719657897949 0.12686100006103507
5 0.3663588047027588 0.9015217781066894 0.0483250617980957 0.12573032379150395
19 0.5090023040771485 0.398217248916626 0.04281177520751955 0.09638328552246095
19 0.5544486045837402 0.4892777442932129 0.042317962646484464 0.07476015090942384
26 0.46916360855102535 0.7231513023376466 0.03530139923095704 0.04424915313720701
19 0.4665998935699463 0.4941594123840332 0.042656898498535156 0.074161434173584
29 0.6847361564636231 0.8697427988052369 0.06133909225463863 0.1450965404510498
19 0.6422650814056396 0.4855119705200195 0.04260272979736324 0.07342815399169916
28 0.6713063240051269 0.6086743354797364 0.04497299194335935 0.11905860900878906
19 0.41731567382812496 0.40027217864990233 0.044231128692626964 0.09749803543090818
55 0.510986328125 0.238037109375 0.042724609375 0.13427734375
46 0.6060956790123457 0.9355709876543209 0.08318865740740744 0.08921682098765427
9 0.3016734182098766 0.9108555169753085 0.06510416666666669 0.1362364969135802
41 0.5628303079044117 0.8651338465073529 0.048828125 0.048828125
