14 0.3566750526428223 0.39466009140014646 0.02628574371337894 0.042831325531005826
19 0.5135701656341553 0.40230331420898435 0.023118019104003906 0.039493274688720714
23 0.4579117774963379 0.49086732864379884 0.024489402770996094 0.04383840560913088
15 0.44083738327026367 0.265481972694397 0.025780677795410156 0.04372453689575198
14 0.3286952018737793 0.39275677204132076 0.027669048309326205 0.04368443489074708
14 0.38472542762756345 0.39639680385589604 0.027433109283447277 0.043564271926879894
15 0.4402174949645996 0.2134221076965332 0.025547599792480447 0.058335590362548845
59 0.364948034286499 0.6942597389221191 0.02736110687255855 0.07512264251708989
26 0.2682356357574463 0.4879900932312011 0.026265716552734353 0.04598045349121088
26 0.2965349674224853 0.48800044059753417 0.029459667205810558 0.04527502059936517
16 0.40706578493118284 0.34625945091247556 0.025175642967224132 0.05676326751708988
54 0.5436524391174317 0.6874600410461427 0.021698188781738237 0.07430973052978518
26 0.32554836273193355 0.4879006385803223 0.026816082000732433 0.04566898345947262
17 0.3884669065475464 0.20709049701690674 0.027733469009399436 0.060804224014282204
55 0.3916055202484131 0.6920112609863281 0.024294090270996105 0.0760290145874023
54 0.5199647903442383 0.6868936061859131 0.02403478622436528 0.07169122695922847
19 0.5073481559753418 0.3524122476577759 0.0237262725830078 0.05487432479858395
23 0.43215093612670896 0.49029107093811036 0.02464046478271481 0.044687843322753884
47 0.4701427459716797 0.6962993144989014 0.02315692901611327 0.057410240173339844
17 0.3584044694900512 0.25772628784179685 0.026431989669799816 0.04295320510864259
18 0.48349809646606445 0.49169368743896485 0.024089622497558638 0.044533920288086004
17 0.38611440658569335 0.2600190162658691 0.027121782302856445 0.043930816650390614
14 0.32570333480834956 0.34057478904724126 0.026612091064453114 0.0587327003479004
17 0.3036355972290039 0.1949554204940796 0.028389453887939453 0.06362562179565431
16 0.4121501803398132 0.3970924377441406 0.024469971656799316 0.04318599700927733
15 0.4664756298065186 0.26805787086486815 0.025183773040771518 0.04303264617919922
15 0.5167877197265625 0.22240838408470154 0.02381420135498047 0.05711575746536257
16 0.43718924522399905 0.3980454444885254 0.024817085266113315 0.042611122131347656
17 0.41377944946289064 0.2627615690231323 0.027028465270996116 0.043105983734130854
18 0.5084548950195312 0.4920217037200928 0.02424392700195316 0.04401102066040036
16 0.48964576721191405 0.4010069966316223 0.02433090209960931 0.040681433677673295
18 0.5335583686828613 0.49321799278259276 0.024359703063964844 0.045631790161132835
15 0.5176106452941895 0.27336575984954836 0.024929618835449197 0.04272966384887694
14 0.3536226749420166 0.34266886711120603 0.026841831207275346 0.05815353393554684
16 0.4630852699279785 0.3992015600204468 0.024271202087402355 0.04189438819885255
17 0.36012992858886717 0.20334152579307557 0.02682123184204105 0.06224786043167116
17 0.3308898448944092 0.2549569606781006 0.02705669403076172 0.04336090087890623
26 0.3802213191986084 0.48978090286254883 0.026578760147094704 0.04431171417236324
19 0.5309109687805176 0.35497279167175294 0.023162651062011763 0.054262733459472634
17 0.3023009538650513 0.2515737056732178 0.028567457199096646 0.04509849548339845
17 0.27333803176879884 0.1921027421951294 0.031171894073486306 0.06330285072326661
16 0.4325881481170654 0.34844279289245605 0.024601459503173828 0.05487389564514156
26 0.35294032096862793 0.48905134201049805 0.026497364044189453 0.044676399230957065
15 0.5414950370788574 0.2232844591140747 0.024707984924316473 0.05561704635620118
16 0.48232536315917973 0.35161471366882324 0.023800086975097667 0.053208351135253906
15 0.4665287017822266 0.2165036678314209 0.024694252014160145 0.05758895874023437
15 0.5419957637786865 0.274643087387085 0.02361783981323251 0.0430145263671875
26 0.4065691947937011 0.4901430130004883 0.025421810150146495 0.04431171417236335
28 0.478562068939209 0.8319305658340455 0.03385105133056643 0.10607180595397947
17 0.2722498655319214 0.2505318641662598 0.030248069763183616 0.04913563728332518
16 0.4577815055847168 0.35032501220703127 0.024386787414550803 0.05322179794311527
25 0.2695950746536255 0.5931402206420898 0.028506374359130837 0.051843452453613326
25 0.2989436149597168 0.5926312446594239 0.028193283081054676 0.04938507080078125
15 0.491761302947998 0.21928479671478274 0.023568344116210893 0.05689754486083984
25 0.5148079872131348 0.5882774829864502 0.02427387237548828 0.04912424087524414
15 0.4149494171142578 0.21048917770385744 0.02289657592773442 0.05975875854492188
15 0.49232330322265627 0.27112569808959963 0.025042343139648482 0.04273195266723634
25 0.38445124626159666 0.5908389091491699 0.026552486419677723 0.04803791046142569
25 0.41158113479614256 0.5902522087097168 0.026246356964111317 0.04855041503906243
19 0.5379811286926269 0.4045072555541992 0.022971153259277344 0.041359615325927745
25 0.438299560546875 0.5902852058410645 0.026078605651855435 0.048358154296874956
25 0.4898219585418701 0.5886289596557617 0.025420284271240212 0.04836635589599603
25 0.46422491073608396 0.5894822120666503 0.02473487854003903 0.04750118255615232
17 0.33228335380554197 0.1996833562850952 0.02803411483764645 0.06333956718444825
25 0.32748932838439937 0.5919567108154298 0.027158212661743175 0.04881725311279295
25 0.35631551742553713 0.591344165802002 0.028048276901245117 0.04883117675781257
14 0.3807056903839111 0.34367098808288576 0.026071643829345736 0.058311557769775424
28 0.3785782982154678 0.8426071602648542 0.0351129509987087 0.1178226243465319
52 0.33514060974121096 0.6958639621734619 0.028933000564575206 0.07486190795898429
24 0.5401009559631347 0.5921006679534913 0.02548351287841799 0.057273578643798895
15 0.6489466667175293 0.22389612197875977 0.020358371734619185 0.05572824478149413
55 0.28010897636413573 0.6981823921203614 0.02501201629638672 0.07660293579101562
29 0.2752734899520874 0.8591415166854859 0.05558309555053709 0.2143436908721924
15 0.2974292278289795 0.3375100612640381 0.02760829925537106 0.061365032196044944
51 0.2796239535013834 0.6985974152882893 0.025597667694091775 0.07648496627807622
28 0.3402490748704553 0.8459495054472477 0.03893275622239212 0.11864786410550465
56 0.44371794064839687 0.6974437713623047 0.025568771362304676 0.05902633666992185
15 0.26974222660064695 0.33521715799967444 0.025619713465372673 0.06068547566731769
15 0.27136983076731364 0.3949502309163412 0.02627075513203936 0.05905787150065106
15 0.29952738285064695 0.3913695017496745 0.028549400965372673 0.044734954833984375
28 0.4455753507234999 0.8346133949559762 0.030163029428651233 0.10851864771011777
28 0.4127885108977687 0.8383807381737114 0.032411545466810576 0.1111616379624113
