9 0.5415781497955322 0.7490278244018554 0.0316670417785645 0.10978012084960942
47 0.6390213012695312 0.5275967597961426 0.022506332397460915 0.05122041702270508
54 0.5688015937805175 0.6170610427856444 0.02186851501464837 0.05923042297363279
47 0.6151727199554443 0.5274811744689941 0.023193168640136763 0.05197830200195308
52 0.212924861907959 0.6271146774291991 0.02547063827514648 0.06725063323974612
12 0.3364935398101807 0.7859902381896973 0.045003128051757824 0.07440204620361324
14 0.6183848857879639 0.30843844413757326 0.02606763839721682 0.04991655349731444
14 0.5358874797821045 0.3050091743469239 0.028208541870117232 0.05220336914062501
47 0.6867691040039063 0.5271358489990234 0.02175846099853518 0.05039262771606445
18 0.5248274326324462 0.45104060173034666 0.026731014251708984 0.0528548240661621
55 0.6326257705688476 0.6163539886474609 0.02076587677001951 0.05878295898437491
14 0.5914129734039306 0.3071791172027588 0.026114559173583962 0.05083522796630863
47 0.6633083343505859 0.5276036262512207 0.02251911163330078 0.05068492889404297
18 0.5777812480926514 0.45132622718811033 0.025130367279052712 0.05110816955566405
14 0.5640730857849121 0.3058422565460205 0.027040386199951083 0.051952409744262684
9 0.5083844184875488 0.7494311809539795 0.03286895751953123 0.11105012893676758
18 0.5515154838562012 0.4508275032043457 0.026114273071289107 0.05210571289062499
56 0.514324951171875 0.5284180641174316 0.02532835006713874 0.05192489624023433
16 0.26018433570861815 0.3875860691070556 0.0309267997741699 0.06650133132934571
14 0.5980581283569336 0.24467668533325196 0.027080726623535112 0.0717179298400879
15 0.31788034439086915 0.22245912551879882 0.031255578994750954 0.07676248550415041
34 0.26598396301269533 0.5402670860290527 0.027084779739379894 0.055420875549316406
14 0.5693176746368408 0.24278488159179687 0.028734970092773482 0.07334985733032223
54 0.5463580131530762 0.6170693397521972 0.0216827392578125 0.060527801513671875
19 0.4055671215057373 0.4559920787811279 0.027781009674072266 0.05401554107666012
18 0.6036494731903076 0.4524667263031006 0.024628829956054643 0.05111436843872075
33 0.20804948806762696 0.5399226188659668 0.02808489799499511 0.05732393264770508
16 0.26135525703430174 0.4519832611083984 0.029535388946533236 0.05648374557495117
54 0.5019066810607911 0.6163904190063476 0.022396850585937433 0.06191825866699219
16 0.2918211936950683 0.45267014503479003 0.02903919219970702 0.0550541877746582
14 0.6450201034545898 0.3095068454742431 0.026083660125732377 0.04890899658203124
19 0.3214937686920166 0.3899385929107666 0.028757095336914062 0.06578750610351558
15 0.28484010696411133 0.22037055492401125 0.03239784240722654 0.0772664546966553
15 0.2859187126159668 0.29332227706909175 0.030504894256591752 0.06429166793823243
19 0.3782532691955567 0.3928814888000488 0.02747149467468263 0.06333522796630858
15 0.38069877624511717 0.22613887786865236 0.03000679016113278 0.07523794174194337
59 0.654939842224121 0.6166635990142821 0.021417999267578147 0.05842027664184568
19 0.3218095302581787 0.45293087959289546 0.02858190536499028 0.05490131378173829
14 0.7335768699645997 0.25317583084106443 0.025727844238281228 0.06615228652954103
19 0.3771416664123535 0.4553053855895996 0.026766395568847634 0.053847885131835915
14 0.7075677394866944 0.250991153717041 0.026888179779052668 0.06743631362915037
17 0.18498129844665528 0.2128967046737671 0.03332443237304686 0.07634706497192381
55 0.18592048883438111 0.6271119117736816 0.02605259418487549 0.06629600524902335
14 0.6718822002410889 0.31066029071807866 0.026017856597900457 0.04768652915954591
14 0.5389535903930665 0.2415842056274414 0.029437828063964777 0.07350330352783202
16 0.2911709785461426 0.3889100074768066 0.029555416107177768 0.06624622344970704
14 0.6985973358154297 0.31152844429016113 0.025023460388183594 0.04739856719970703
17 0.1895514965057373 0.2863888740539551 0.03422694206237792 0.06538867950439453
55 0.5909417152404786 0.616786527633667 0.020849227905273438 0.05785913467407233
59 0.6974478721618653 0.6154075622558595 0.020722293853759788 0.058517074584960915
16 0.22882566452026365 0.38530707359313965 0.031329536437988276 0.0666966438293457
33 0.23683931827545165 0.5399743556976317 0.028177452087402355 0.05587396621704099
19 0.34952332973480227 0.4539975166320801 0.02690887451171875 0.05457668304443358
14 0.6521621704101562 0.24727845191955566 0.02727432250976558 0.0694455146789551
17 0.15077030658721924 0.21065592765808105 0.03502044677734373 0.07636246681213377
16 0.1970631003379822 0.38369503021240237 0.031149458885192854 0.06728382110595704
15 0.31714630126953125 0.2953658819198608 0.030145359039306596 0.06456370353698732
16 0.2002527952194214 0.4492027759552002 0.030052328109741205 0.05857410430908205
14 0.6252206802368163 0.24612529277801515 0.026303863525390603 0.07025036811828614
14 0.7616604804992675 0.25407958030700684 0.029027366638183616 0.06597185134887695
12 0.3813772678375244 0.783773136138916 0.04346122741699221 0.07286376953125007
16 0.16881681680679322 0.4484851360321045 0.030534648895263666 0.05898962020874021
19 0.40685858726501467 0.39485054016113286 0.02815065383911136 0.06279687881469725
54 0.5240047454833985 0.616700792312622 0.021501255035400457 0.061640357971191384
14 0.6801181793212892 0.24951274394989015 0.02768144607543943 0.06785650253295897
16 0.2311390399932861 0.45058660507202153 0.02966365814208985 0.05787010192871095
26 0.34788761138916013 0.5410476684570313 0.026604652404785156 0.05072174072265623
26 0.3746384620666504 0.5409204483032226 0.026168107986450195 0.05175476074218743
19 0.34974391460418697 0.3916125535964966 0.027730751037597645 0.06454892158508302
59 0.6766940116882324 0.6160115242004395 0.020296573638916016 0.05861091613769531
15 0.22217535972595215 0.2881141662597656 0.03050689697265624 0.06659507751464844
52 0.23868479728698733 0.6274021625518799 0.025603866577148443 0.07000846862792964
26 0.40094857215881347 0.5404085636138916 0.02587261199951174 0.053032970428466775
14 0.7250560760498047 0.312443208694458 0.026004981994628862 0.047127819061279275
56 0.5403059005737305 0.5277002334594727 0.023012828826904363 0.05264263153076165
16 0.16462031602859495 0.38249430656433103 0.03334405422210693 0.06789140701293944
24 0.6338032722473145 0.39442059993743894 0.02511882781982422 0.058339548110961925
56 0.5647244453430176 0.5273773670196533 0.02306375503540048 0.05241184234619145
15 0.2518919467926025 0.21844071745872498 0.03164625167846677 0.0772174954414368
29 0.21261100769042968 0.7590741157531739 0.04443097114562988 0.1433858871459961
12 0.29143390655517576 0.7866456031799316 0.04509191513061522 0.07699184417724603
17 0.15512773990631104 0.28535261154174807 0.033796000480651844 0.06593518257141112
18 0.5283175945281983 0.3891278266906738 0.027335643768310547 0.05849752426147464
15 0.3474466800689697 0.29724669456481934 0.02996373176574707 0.06532077789306645
24 0.7118456840515137 0.3972884178161621 0.025033569335937478 0.060673046112060536
52 0.2648037195205688 0.6264570236206055 0.025784778594970692 0.06947269439697268
15 0.25420169830322265 0.2904688358306885 0.031148433685302734 0.06556267738342286
19 0.4331582069396973 0.39583463668823243 0.023569774627685558 0.06488561630249023
26 0.42629432678222656 0.5401720523834228 0.024129486083984353 0.053304195404052734
24 0.6864048480987549 0.396121883392334 0.025024700164794966 0.05942001342773434
55 0.6120437622070313 0.6164111614227294 0.019824981689453125 0.05840663909912103
15 0.41238865852355955 0.22933051586151124 0.03086118698120116 0.0742786407470703
34 0.32030818462371824 0.5406514644622803 0.024375724792480458 0.05283432006835942
33 0.17994747161865235 0.5408605098724366 0.026490497589111317 0.05714807510375974
24 0.6603503227233887 0.395407247543335 0.02568531036376953 0.05890531539916993
15 0.21826386451721191 0.21593329906463624 0.0321630001068115 0.0775886058807373
15 0.377993106842041 0.29907419681549074 0.029799365997314475 0.06520938873291016
56 0.5897515296936036 0.5272005081176758 0.023856735229492165 0.05254096984863288
3 0.6046633720397949 0.7473392486572266 0.030793380737304643 0.10656452178955078
3 0.5727818489074707 0.7482649803161621 0.031296730041503906 0.10706634521484382
24 0.7378015041351318 0.39782052040100097 0.026114273071288996 0.0601473808288574
18 0.607333278656006 0.392955732345581 0.025967979431152366 0.058579254150390614
54 0.4104129672050476 0.6236112594604493 0.024609017372131392 0.0655364990234375
34 0.2937844514846802 0.5408130168914795 0.026193952560424782 0.054373645782470725
15 0.34911608695983887 0.22423443794250486 0.030939483642578147 0.07582511901855468
19 0.43128347396850586 0.4572138786315918 0.02237644195556643 0.05314559936523433
18 0.5557234287261963 0.39058756828308105 0.026328563690185547 0.056993961334228516
18 0.5815629005432128 0.39137556552886965 0.024819946289062478 0.056635999679565396
24 0.6549299716949464 0.4546091079711914 0.023805236816406228 0.050141334533691406
24 0.6784467697143555 0.45550026893615725 0.023230361938476607 0.04911212921142577
28 0.251600980758667 0.7809041976928711 0.03203248977661133 0.09113769531250004
15 0.4082975387573242 0.30147542953491213 0.02837028503417971 0.06394329071044919
24 0.7028071403503418 0.45548057556152344 0.023571014404296875 0.048643970489501975
24 0.6289021492004394 0.45378646850585935 0.02402353286743164 0.04990081787109374
15 0.43632330894470217 0.3021254539489746 0.02534112930297855 0.06300992965698238
8 0.6702215194702148 0.7450721740722657 0.03101758956909173 0.10407600402832029
14 0.75218186378479 0.31388125419616697 0.026337146759033203 0.04612331390380858
15 0.4403409004211426 0.2307483911514282 0.024351119995117188 0.07245149612426757
6 0.6375743224557522 0.745601147676991 0.03500069137168138 0.10413785951327437
