26 0.5053060054779053 0.6045411109924317 0.0391438484191895 0.05398168563842776
0 0.5327661991119386 0.14506964683532714 0.10395755767822268 0.2901392936706543
14 0.5531915664672851 0.3898147106170654 0.05071411132812498 0.07883968353271481
59 0.4104754447937012 0.6956698417663574 0.03339815139770508 0.07992630004882806
14 0.5017022609710693 0.3904904842376709 0.05229196548461912 0.08099889755249023
16 0.5410373210906982 0.4974193572998047 0.045871067047119185 0.0636245727539062
17 0.44866313934326174 0.39081115722656246 0.05046539306640624 0.08070249557495118
16 0.49441628456115727 0.5000416755676269 0.04651737213134771 0.06247100830078123
26 0.344301700592041 0.6098281860351562 0.041255044937133833 0.05489559173583991
26 0.3849370956420899 0.6086457252502442 0.03935985565185546 0.05453338623046877
16 0.6358920097351074 0.49483718872070315 0.04707355499267574 0.06229209899902344
17 0.3964317798614502 0.3915350914001465 0.05069198608398434 0.08046903610229494
14 0.20934998989105225 0.5089035034179688 0.045897769927978505 0.07018833160400395
16 0.40103968381881716 0.5018437385559082 0.048088669776916504 0.06263628005981448
14 0.6563693046569825 0.3871729612350464 0.05166206359863279 0.0795329570770264
17 0.2875410556793213 0.39025564193725587 0.05453863143920895 0.08571243286132812
16 0.351414966583252 0.5030116081237793 0.04623584747314452 0.06358375549316403
16 0.4480237483978271 0.5012443542480469 0.04327611923217772 0.06193180084228517
16 0.5879257202148438 0.4963084697723389 0.04558010101318366 0.06226158142089844
16 0.6839515686035156 0.4926359176635742 0.046767902374267645 0.06294250488281244
17 0.3424007177352905 0.390114426612854 0.05155096054077146 0.084673547744751
2 0.4271546483039856 0.14709150791168213 0.09968698024749756 0.29291291236877437
25 0.3021698951721191 0.613060474395752 0.0422527313232422 0.050127601623535245
17 0.22967891693115233 0.39136061668395994 0.05538740158081054 0.08225822448730469
26 0.46588788032531736 0.6038977622985839 0.038692092895507846 0.05742282867431647
14 0.6042875289916991 0.3879368782043457 0.049659347534179665 0.07999572753906248
14 0.7101425170898438 0.3853389024734497 0.051472377777099565 0.08161244392395017
26 0.4254915237426758 0.6060274124145508 0.04003276824951174 0.0558286666870117
17 0.1701948642730713 0.39426841735839846 0.05552730560302732 0.08589782714843747
25 0.2595445871353149 0.6139909744262695 0.04190058708190919 0.05176753997802741
14 0.2578503847122192 0.5051207542419434 0.047588109970092746 0.06500511169433598
19 0.3047449588775635 0.5034060478210449 0.04446611404418943 0.06533794403076176
8 0.6343101501464843 0.14414451122283936 0.0934420585632324 0.2867571353912353
2 0.3239595451472718 0.14626113294083395 0.10010367205113546 0.2910039686862333
33 0.5463263054283298 0.5972479275294713 0.03804483024441463 0.06335746220179972
33 0.5862325493170291 0.5966629437037876 0.038935124144262256 0.06218749455043249
3 0.7363564311594202 0.1454653532608696 0.09624094202898537 0.28589221014492755
47 0.6197944253177966 0.6944849046610169 0.030621027542372836 0.05669028072033899
47 0.586276814088983 0.7027608580508475 0.030621027542372836 0.05669028072033899
56 0.5515178098516949 0.7006918697033898 0.029793432203389814 0.05255230402542366
54 0.3093976085209003 0.7041047025723473 0.03045870176848875 0.0700236133440515
52 0.27203074758842444 0.7014356410771704 0.03297075964630225 0.0709656350482315
55 0.3433103898713826 0.7006506229903537 0.03045870176848875 0.07316368569131837
55 0.37439710610932475 0.701278637459807 0.03045870176848875 0.07316368569131837
34 0.6245615433673468 0.5964604591836734 0.035873724489795866 0.06178252551020402
34 0.6612324617346939 0.5972576530612244 0.035873724489795866 0.06178252551020402
