16 0.4782998085021973 0.31172404289245603 0.06022844314575193 0.11382217407226564
18 0.6795788764953613 0.4914116859436035 0.05525093078613286 0.09135494232177738
16 0.3528509378433228 0.30908305644989015 0.062235975265502896 0.11562981605529787
26 0.4753558158874511 0.7108738422393799 0.043393898010253895 0.06517524719238277
13 0.6555221557617188 0.6889558792114259 0.08545007705688479 0.10803756713867185
14 0.7373778343200683 0.31068773269653316 0.062018203735351496 0.1135237693786621
19 0.5727997779846192 0.49071321487426756 0.04880943298339846 0.09033279418945311
19 0.4670516014099121 0.4920334815979004 0.04825620651245116 0.08769855499267581
19 0.36386799812316895 0.49077425003051756 0.05334548950195317 0.08984947204589844
16 0.4161515235900879 0.3105888366699219 0.05939111709594724 0.11403436660766597
0 0.5028712272644043 0.947025203704834 0.05352344512939455 0.10594959259033199
19 0.51961669921875 0.4922523498535156 0.053160667419433594 0.08805351257324223
26 0.5246497631072998 0.6216753005981446 0.04465007781982422 0.0795255661010742
26 0.47960739135742186 0.6225610256195069 0.04288082122802728 0.07527046203613275
16 0.5420502185821533 0.3126220226287842 0.061456394195556596 0.11112036705017092
18 0.6243301391601562 0.49042491912841796 0.05123634338378902 0.09256448745727541
26 0.5204397201538086 0.7105707168579101 0.04492206573486324 0.06548156738281252
25 0.30707554817199706 0.490145206451416 0.054567909240722634 0.09098129272460942
25 0.2501287698745728 0.4908311843872071 0.055202960968017606 0.09159708023071295
16 0.225030654668808 0.3070671558380127 0.06383458375930787 0.11384067535400388
14 0.6759192466735839 0.313523530960083 0.05842256546020508 0.11259441375732426
19 0.4161857604980469 0.49196748733520507 0.05130748748779296 0.08781299591064451
25 0.3869870662689209 0.6253278255462646 0.04518909454345704 0.07640399932861319
25 0.3402435302734375 0.6267195224761963 0.0451845169067383 0.07852411270141602
17 0.6085221767425537 0.3129354000091553 0.06297588348388672 0.11170082092285155
16 0.28981456756591795 0.30790309906005864 0.06052656173706056 0.11474018096923827
25 0.43273344039916994 0.6245125770568848 0.043086719512939464 0.07628059387207031
25 0.38680377006530764 0.7128787040710449 0.04136810302734378 0.0629327774047852
28 0.6134909629821778 0.9555618286132812 0.04818038940429692 0.08887634277343748
25 0.2905785083770752 0.6287874221801758 0.05111799240112308 0.07385063171386719
25 0.429752254486084 0.7126940250396729 0.04029951095581058 0.06351194381713865
25 0.34259915351867676 0.7141449928283692 0.04358100891113281 0.06056022644042969
25 0.2957470417022705 0.7157115459442138 0.04425239562988281 0.056403827667236395
54 0.6357135772705078 0.0659749448299408 0.06749210357666025 0.126398766040802
52 0.3050538539886475 0.0646300971508026 0.06297931671142581 0.12740198373794556
29 0.5607657432556152 0.9329902172088623 0.060081100463867276 0.13401956558227535
51 0.43516178131103517 0.06356790065765382 0.06893768310546877 0.12707366943359374
59 0.23666491508483886 0.0650763213634491 0.06972255706787106 0.1301526427268982
52 0.36728634834289553 0.062723708152771 0.0666055679321289 0.1250037670135498
51 0.5052781105041504 0.06502669368471418 0.06268596649169922 0.13036327929723832
51 0.5692197027660552 0.06502669368471417 0.06268596649169922 0.1303632792972383
1 0.4453069653603894 0.9492646710692442 0.05408055278884466 0.10271414342629481
4 0.38951226344621515 0.9484970275149402 0.056912973107569764 0.10105281997011961
0 0.3345758142605634 0.9480221170774648 0.05089128521126757 0.09971941021126762
46 0.5498607276525476 0.8033943623902264 0.08493631827731107 0.09478400735294112
41 0.3690831801470588 0.807305344012605 0.07098542542016806 0.08329503676470595
27 0.4500105574324324 0.8166613879504503 0.08357967342342343 0.10161528716216217
