18 0.625233030319214 0.4613808631896973 0.021717643737792947 0.047659492492675815
47 0.7512456893920898 0.386576509475708 0.018374061584472634 0.05046682357788085
54 0.5015946388244629 0.5453053474426269 0.019992065429687456 0.06329679489135742
47 0.7703146934509277 0.38730854988098146 0.018826866149902255 0.050629043579101585
56 0.6919855117797852 0.3854093551635742 0.019557476043701172 0.05105514526367183
14 0.5410990715026855 0.38591766357421875 0.02154827117919922 0.05000982284545896
51 0.4401459217071533 0.5469355583190918 0.01988391876220702 0.06409873962402335
14 0.5194364547729492 0.38526153564453125 0.021512985229492188 0.04975452423095705
56 0.712118673324585 0.38609778881073 0.018546581268310547 0.05070233345031738
41 0.5829227447509766 0.8176158905029297 0.02102947235107422 0.03389053344726567
52 0.46085376739501954 0.5468896389007569 0.019540786743164062 0.06386051177978513
56 0.668779468536377 0.38490822315216067 0.024602508544921853 0.052805471420288075
23 0.6673877716064454 0.46207165718078613 0.02003002166748047 0.046952247619628906
17 0.359051513671875 0.37819504737854004 0.022780513763427712 0.0545247077941895
16 0.40296177864074706 0.4711367130279541 0.022121906280517578 0.05181245803833007
16 0.4253642082214355 0.47159013748168943 0.022209358215332042 0.05098915100097656
18 0.6040361881256103 0.46132097244262693 0.019927692413330034 0.04746646881103517
41 0.6148449897766113 0.7409876823425293 0.03092117309570319 0.03591423034667973
16 0.5137043476104737 0.47270927429199217 0.02191085815429694 0.049541854858398404
31 0.7244062423706055 0.6215344429016113 0.01643161773681645 0.06362504959106441
41 0.6825902462005615 0.7759604930877686 0.03004379272460933 0.03579254150390632
41 0.6474163055419921 0.7775283813476563 0.03161640167236335 0.03503837585449221
26 0.4233048439025879 0.6400970458984374 0.02120914459228518 0.04831829071044924
17 0.33702883720397947 0.37791306972503663 0.02043256759643558 0.054827356338501
41 0.581294059753418 0.8503721237182618 0.020432090759277433 0.03211631774902346
41 0.6789836883544922 0.8105754852294922 0.029895210266113192 0.03227977752685551
52 0.48105521202087403 0.5461894989013671 0.019483184814453103 0.0632439613342285
47 0.7315303802490234 0.3859194278717041 0.019182586669921897 0.050112533569335926
26 0.40182175636291506 0.6405572891235352 0.020564746856689464 0.048029613494873
26 0.4438914775848388 0.6399410247802735 0.020047378540039074 0.04825038909912116
41 0.685239601135254 0.7390159130096436 0.030718421936035134 0.03741083145141599
26 0.380327844619751 0.6411775588989258 0.021206760406494107 0.048790931701660156
17 0.38251290321350095 0.3800592660903931 0.02303085327148441 0.053958272933959994
17 0.4064781665802002 0.3809025526046753 0.02498769760131836 0.05302033424377445
16 0.4478113651275635 0.4721211433410645 0.02147598266601558 0.05048599243164059
41 0.5854323863983154 0.7806997299194336 0.022298049926757768 0.03392906188964839
46 0.7437618255615235 0.5169925689697266 0.037821292877197266 0.028791332244872958
16 0.3800526142120361 0.4705488204956055 0.022967815399169922 0.0528236389160156
59 0.48239488601684566 0.6287245750427246 0.018265533447265614 0.06472425460815434
15 0.4742161750793457 0.3837383031845093 0.01997661590576172 0.05038924217224122
23 0.6469755172729492 0.46206169128417973 0.020196723937988326 0.046982574462890614
41 0.6145901679992676 0.7792116641998291 0.02969017028808585 0.035753059387207076
16 0.46924867630004885 0.4723974704742432 0.021370124816894542 0.05025930404663087
16 0.5349303722381592 0.47283163070678713 0.019378471374511763 0.049160385131835904
59 0.5021481513977051 0.6272171497344972 0.018495178222656283 0.06277599334716799
16 0.4914754867553711 0.472576904296875 0.02195529937744145 0.0498319625854492
25 0.6875986576080322 0.4615061283111572 0.019140625000000022 0.04721536636352541
16 0.3571122646331787 0.47008481025695803 0.022381639480590854 0.05365505218505856
15 0.45326814651489256 0.3830871105194092 0.02191467285156251 0.05271768569946289
41 0.6133651733398438 0.8148883819580077 0.028606986999511808 0.03225841522216799
41 0.6460030555725098 0.8124622344970703 0.03241653442382819 0.03178482055664067
26 0.35829591751098633 0.6420224666595459 0.021680212020874 0.04936962127685551
59 0.5216890335083008 0.627329158782959 0.01837081909179683 0.060407066345214866
24 0.7619458675384522 0.4623270988464355 0.020453166961669877 0.046578407287597656
25 0.7064658164978027 0.4608499526977539 0.018107604980468706 0.046044445037841775
26 0.3380549192428589 0.64195556640625 0.01668858528137207 0.049908924102783137
14 0.4964715003967285 0.3848071336746216 0.02333793640136722 0.050142240524292
59 0.46351847648620603 0.6286888122558594 0.017902565002441417 0.06472415924072261
41 0.6096097946166992 0.8471660614013672 0.030697441101074197 0.03295783996582036
56 0.6564350128173828 0.3840540885925293 0.02639160156250009 0.05410051345825195
15 0.4309669017791748 0.38222694396972656 0.02250804901123049 0.052720928192138694
46 0.35213685035705566 0.8301850318908691 0.048474121093750044 0.05517082214355473
41 0.6503726005554199 0.7396576404571533 0.0335540771484375 0.03855133056640625
34 0.35756564140319824 0.5549509048461914 0.02316226959228518 0.054657936096191406
41 0.5872632026672363 0.7449645042419433 0.019779014587402388 0.03301563262939455
45 0.35208988189697266 0.7568462371826172 0.045486831665039085 0.05415325164794915
31 0.7433232307434081 0.6195520401000976 0.02000007629394529 0.06696376800537107
51 0.4200602531433105 0.547627830505371 0.020219993591308605 0.0640684127807617
25 0.7250565528869628 0.4609200954437256 0.01821002960205076 0.04533309936523433
16 0.3367591857910156 0.46969308853149416 0.017561674118041992 0.054859733581543
24 0.7427886009216309 0.46117563247680665 0.01766614913940423 0.04529724121093748
31 0.706369686126709 0.6225018501281738 0.020486640930175715 0.0629619598388671
28 0.6132525444030762 0.6225821495056152 0.0239507675170898 0.07484693527221686
28 0.63760404586792 0.6217073917388916 0.02306652069091797 0.07284402847290039
41 0.6775238037109375 0.8440135955810546 0.02994394302368164 0.03366508483886721
46 0.4007074356079101 0.8325672149658203 0.04415588378906249 0.050569343566894576
41 0.6447480201721192 0.8457154273986816 0.032078456878662176 0.03401622772216795
52 0.3575321674346924 0.5545706748962402 0.023105001449584994 0.05547695159912114
51 0.5222025871276855 0.5458235740661621 0.020100116729736328 0.06253814697265625
46 0.7037547588348388 0.5190435886383057 0.04285545349121089 0.03095169067382808
45 0.39919612407684324 0.7475813388824463 0.04897561073303219 0.05244855880737309
45 0.4492293357849121 0.8316204071044921 0.05032377243041991 0.052765274047851585
28 0.6613693237304688 0.6214390754699708 0.02215290069580078 0.0706972122192383
46 0.6187123775482177 0.5222097396850587 0.05299844741821291 0.03639373779296873
46 0.448912239074707 0.8308556556701661 0.05004730224609372 0.05310344696044922
46 0.4810987903225806 0.7336399529569891 0.06037886424731176 0.035177251344086
46 0.5003655320854596 0.8303306220680156 0.05004730224609366 0.05310344696044922
28 0.6837383712734189 0.6196658005585541 0.01964453533963051 0.0689102344684771
