18 0.4396510124206543 0.5820021629333496 0.03043994903564451 0.06906328201293954
18 0.40874648094177246 0.5821517944335938 0.031072139739990234 0.070159912109375
18 0.37624340057373046 0.5836304664611816 0.03374958038330078 0.07331142425537107
19 0.4360372543334961 0.4931663513183594 0.029029369354248047 0.06727094650268556
19 0.49279255867004396 0.4939711093902588 0.027642917633056707 0.06568765640258789
19 0.5209026336669922 0.49450597763061527 0.02721118927001953 0.06577911376953127
18 0.5789146423339844 0.49462394714355473 0.02987260818481441 0.06450843811035162
16 0.40564584732055664 0.49297695159912114 0.029295253753662154 0.06854486465454107
26 0.5235980987548827 0.6725915908813477 0.02979221343994143 0.06635189056396484
19 0.4644951820373535 0.493491268157959 0.026896858215332053 0.06559791564941408
26 0.5534595489501952 0.6724037170410156 0.028308296203613303 0.06659870147705083
29 0.3767064571380615 0.8502721786499023 0.06085681915283203 0.2373855590820313
25 0.5271328926086426 0.5801008701324463 0.028465080261230513 0.06640319824218754
17 0.3975815296173095 0.40261101722717285 0.028960418701171886 0.06691179275512693
25 0.5562397956848144 0.5800492286682128 0.02850475311279299 0.06569805145263674
25 0.49272975921630857 0.6730757713317871 0.028548336029052768 0.06860704421997066
14 0.4569873809814453 0.4055966377258301 0.027787113189697288 0.06576614379882811
25 0.368268346786499 0.6774530410766602 0.02944068908691405 0.07462797164917001
26 0.6091023921966553 0.6689967155456543 0.02576036453247066 0.06638908386230469
25 0.5851531982421875 0.5799003601074219 0.027181816101074174 0.06566696166992192
16 0.3747471809387207 0.4938199996948242 0.03034515380859376 0.07376556396484368
56 0.4806970596313477 0.3219449520111084 0.02788085937500001 0.07293834686279299
25 0.4627087116241455 0.6741423606872559 0.029787063598632812 0.06924877166748056
25 0.39945063591003416 0.6763076782226562 0.03116855621337894 0.07141284942626958
18 0.5494531631469727 0.494474983215332 0.028665256500244096 0.06395874023437503
26 0.5820430755615233 0.6706781387329102 0.026812171936035134 0.06569232940673819
25 0.4984085083007812 0.5813226222991943 0.027837562561035145 0.06704082489013674
25 0.4313937187194824 0.6747280597686767 0.0308876991271973 0.07017364501953127
25 0.6128310680389404 0.5798237800598145 0.026798343658447243 0.06597652435302737
26 0.662930965423584 0.6662837028503418 0.0271343231201171 0.06782464981079106
26 0.6355481147766113 0.6673420906066894 0.025777435302734464 0.06664028167724612
25 0.46994838714599607 0.5816071510314942 0.029059600830078136 0.068520736694336
16 0.570655632019043 0.4105782985687256 0.026946067810058594 0.06457996368408203
18 0.607036018371582 0.4951794147491455 0.02836399078369145 0.06450643539428708
17 0.3676504850387573 0.4019554138183594 0.030336332321167003 0.0701305389404297
25 0.6395354270935059 0.5800026893615723 0.025967407226562544 0.0658176422119141
28 0.43535842895507815 0.8867692947387695 0.050890731811523426 0.15660858154296875
17 0.4269264221191406 0.4036385536193848 0.028333663940429688 0.06625223159790039
14 0.514699649810791 0.4079274654388428 0.02674732208251951 0.0650750160217285
56 0.5094743728637696 0.32425537109375 0.026956939697265647 0.07316112518310547
19 0.6239156723022461 0.411621618270874 0.024188423156738192 0.06499614715576174
19 0.6492047309875488 0.41196770668029786 0.02597255706787105 0.0653238296508789
16 0.5427946090698242 0.40979299545288084 0.027156829833984375 0.06550197601318358
16 0.5980061531066895 0.4111778736114502 0.02661542892456059 0.06464347839355467
14 0.486494255065918 0.4069591045379639 0.028317832946777366 0.06583814620971679
41 0.6225685596466064 0.8299254417419434 0.0502902030944824 0.06297893524169917
28 0.5080130577087403 0.880861473083496 0.047447586059570335 0.15418338775634766
41 0.6248682022094727 0.8956761360168457 0.048435211181640625 0.06659126281738281
18 0.6337151527404785 0.4959226608276367 0.026593780517578214 0.065357780456543
41 0.6218613147735595 0.7594285011291504 0.05060930252075191 0.07150287628173824
41 0.6725933074951171 0.7594311714172364 0.04317245483398435 0.06249942779541018
25 0.666292953491211 0.5808321952819824 0.02463531494140625 0.065338134765625
41 0.6774636268615722 0.8913972854614258 0.04798698425292969 0.06189460754394538
14 0.5058128720238095 0.18484933035714288 0.026739211309523836 0.134858630952381
14 0.5412713913690477 0.19008091517857145 0.030226934523809534 0.12904575892857142
14 0.5825427827380953 0.19124348958333331 0.03603980654761896 0.13369605654761904
14 0.6255580357142858 0.195893787202381 0.03603980654761896 0.1336960565476191
1 0.46337890625 0.18543061755952384 0.03720238095238093 0.13369605654761907
2 0.41687593005952384 0.17496744791666666 0.034877232142857206 0.14764694940476192
56 0.6238141741071429 0.32958984375 0.023251488095238138 0.0732421875
56 0.5959123883928572 0.3284272693452381 0.023251488095238138 0.0732421875
56 0.5680106026785715 0.3284272693452381 0.023251488095238138 0.0732421875
41 0.6788199636671278 0.8276494556003147 0.04798698425292969 0.06189460754394538
