16 0.7131047248840332 0.33255414962768554 0.04685144424438481 0.07912578582763674
15 0.34276866912841797 0.09803853034973144 0.0513125419616699 0.09034278392791747
5 0.4071700096130371 0.6449539184570312 0.04797506332397461 0.17194175720214844
16 0.4452559471130371 0.10076175928115845 0.047027969360351585 0.0859994649887085
25 0.5000710487365723 0.3348585844039917 0.04384098052978519 0.07701444625854492
16 0.6498159408569336 0.24471852779388426 0.038277626037597656 0.0887637138366699
17 0.7640514850616456 0.33970503807067876 0.04965019226074219 0.09549241065979003
16 0.5452569961547852 0.33451728820800786 0.04407482147216801 0.07636184692382814
16 0.6656919479370118 0.33318581581115725 0.04409923553466799 0.07926712036132816
17 0.732523250579834 0.24371429085731505 0.0415824890136719 0.08801821470260618
25 0.46228852272033694 0.24418678283691408 0.03528699874877933 0.08882865905761719
14 0.2483825922012329 0.3301685094833374 0.04663057327270509 0.0821828842163086
14 0.4252259254455566 0.2440267562866211 0.03674716949462892 0.08912811279296878
14 0.29076128005981444 0.33007087707519533 0.034743213653564475 0.0780644416809082
25 0.45494465827941893 0.3343450546264648 0.0389094352722168 0.07569189071655275
14 0.3309587955474853 0.33218426704406734 0.0419785499572754 0.07725877761840821
3 0.35842022895812986 0.6525226593017578 0.04799489974975585 0.19056816101074214
17 0.24350090026855467 0.09808664917945861 0.05061011314392089 0.0896539330482483
16 0.3945735216140747 0.09844400882720947 0.0515777111053467 0.09041862487792968
16 0.588161849975586 0.3336982011795044 0.03973598480224605 0.07722535133361819
26 0.5350661277770996 0.10440793335437774 0.04384670257568368 0.08043317198753355
25 0.5768074989318848 0.24500586986541747 0.035556793212890625 0.08982081413269044
25 0.7098762035369872 0.10468361377716065 0.04556427001953123 0.08322148323059082
25 0.6652444839477539 0.10624358654022217 0.04117298126220703 0.07909088134765625
14 0.38770041465759275 0.24379711151123046 0.03745565414428714 0.08814764022827148
19 0.292418098449707 0.09881669282913208 0.04743976593017579 0.09004328250885009
16 0.6895833492279053 0.24469220638275146 0.038220691680908137 0.08908247947692871
25 0.5004033088684082 0.2448291778564453 0.03965110778808595 0.09072022438049318
25 0.6126830577850342 0.24460759162902831 0.03496770858764653 0.0883435249328613
14 0.3091249465942383 0.2432774543762207 0.0387910842895508 0.08636741638183593
25 0.7579804420471191 0.1036687582731247 0.04905776977539067 0.08560777306556702
16 0.6260273933410645 0.33328678607940676 0.033920001983642645 0.07796416282653812
25 0.5392029762268067 0.24573993682861328 0.03808250427246096 0.09192070960998533
14 0.34870855808258056 0.24372963905334472 0.03839955329895017 0.08703842163085937
23 0.4143290996551514 0.33354554176330564 0.03888673782348634 0.07611513137817383
28 0.6515364170074462 0.6697005271911621 0.04493913650512693 0.13550138473510742
41 0.44182081222534175 0.8598751068115233 0.04141216278076171 0.04780998229980471
14 0.27062580585479734 0.24177999496459962 0.035546684265136685 0.08532462120056153
26 0.5799703598022461 0.10478200912475585 0.04246578216552743 0.0797767162322998
41 0.38444380760192876 0.9241273880004883 0.05050783157348632 0.04677734374999998
23 0.3739347457885742 0.3326691150665283 0.04036321640014651 0.07612981796264645
41 0.38217411041259763 0.8713465690612793 0.053051280975341786 0.05382652282714839
26 0.49154176712036135 0.104635950922966 0.04137496948242192 0.07929430603981016
41 0.38895487785339355 0.9709156036376954 0.04917163848876949 0.04215698242187493
41 0.4414665222167969 0.960212230682373 0.03534355163574221 0.03940582275390625
26 0.6229789733886719 0.1056861400604248 0.04124870300292971 0.07858309745788575
41 0.3247591495513916 0.9186769485473633 0.05087051391601566 0.04927558898925777
41 0.31978013515472414 0.8607786178588868 0.05206236839294437 0.05791740417480462
42 0.4866044044494629 0.9685426712036133 0.04787368774414069 0.027190017700195357
8 0.30577926635742186 0.6576488494873047 0.055138015747070335 0.1857105255126953
41 0.4392795715190221 0.9092477833914492 0.04141216278076171 0.04780998229980471
41 0.32584825271124296 0.9695017626737572 0.05087051391601566 0.04927558898925766
27 0.6001375159438775 0.8368044483418368 0.06327726403061229 0.06028778698979598
27 0.6574358258928572 0.8435307716836735 0.050322863520408156 0.06078603316326536
27 0.6178252551020409 0.9538922991071428 0.0697544642857143 0.0702527104591838
27 0.5480707908163266 0.9449238679846939 0.06875797193877542 0.08520009566326536
43 0.4867466517857143 0.9395926339285714 0.042689732142857206 0.028180803571428603
43 0.4884207589285713 0.9114118303571428 0.042689732142856984 0.028180803571428603
