47 0.4728879928588867 0.8876008987426758 0.03102807998657231 0.0670864105224609
18 0.6114968299865722 0.42698460817337036 0.03564538955688479 0.08099954128265385
18 0.5756994247436523 0.42899360656738283 0.035192680358886674 0.08127021789550781
47 0.4076251983642578 0.8890233993530274 0.029385852813720748 0.07014045715332029
34 0.5464035987854003 0.5743759155273438 0.030865478515624933 0.06886959075927734
18 0.6476001739501953 0.42505598068237305 0.034757232666015714 0.08379039764404295
52 0.5112839221954346 0.6923071861267089 0.029873847961425837 0.09549407958984368
56 0.5370096683502197 0.8856588363647461 0.029698944091796853 0.06884880065917964
47 0.3761383295059204 0.8889545440673827 0.028422975540161155 0.07015571594238279
47 0.44025936126708987 0.8890825271606445 0.03068294525146481 0.07010364532470703
56 0.5057827949523925 0.8864233016967773 0.029221343994140614 0.06918926239013679
16 0.6540055274963379 0.27116458415985106 0.037596702575683594 0.09130644798278809
19 0.3931624174118042 0.43092546463012693 0.034434175491332986 0.08040418624877926
19 0.35652458667755127 0.4304186820983887 0.03453598022460935 0.08257064819335935
47 0.34950432777404783 0.888821792602539 0.023126029968261685 0.06943016052246087
15 0.46128692626953127 0.27294235229492186 0.036622047424316406 0.09029436111450195
16 0.61459321975708 0.27155771255493166 0.037522506713867254 0.0910165786743164
17 0.3507392883300781 0.27182507514953613 0.038797950744628884 0.08998908996582033
17 0.31497955322265625 0.2708787441253662 0.034082984924316384 0.08577985763549803
34 0.5144392967224121 0.5743248939514161 0.03177795410156248 0.07160110473632819
16 0.4993713855743408 0.2738361835479736 0.03603487014770507 0.09165124893188478
15 0.4247261047363281 0.27298622131347655 0.035411262512207 0.08910522460937498
15 0.3890259742736817 0.2725375652313232 0.03499622344970704 0.09004182815551759
19 0.4300694465637207 0.4316054344177246 0.03561592102050781 0.08183908462524414
26 0.600822925567627 0.8002971649169921 0.031346130371093794 0.06649646759033201
54 0.5423975467681885 0.6886064529418945 0.029674720764160223 0.09660644531250007
26 0.6316569328308106 0.7990740776062011 0.029493713378906272 0.06878128051757815
16 0.5756786823272705 0.2725376129150391 0.03661632537841797 0.09139652252197267
26 0.5691809177398681 0.800302791595459 0.030078029632568337 0.06469173431396491
59 0.3897314548492432 0.793118667602539 0.028968143463134755 0.08200359344482422
16 0.5376218795776367 0.27377252578735356 0.03748722076416011 0.0913412094116211
55 0.44902610778808594 0.6933472633361817 0.03116321563720703 0.09389152526855471
14 0.5393241405487061 0.43065272569656377 0.035021400451660134 0.08269841670989991
59 0.4495382308959961 0.7926840782165527 0.028466415405273393 0.0806283950805664
25 0.37473273277282715 0.5740617752075196 0.035778045654296875 0.0757284164428711
14 0.46710929870605467 0.4319552898406982 0.035582160949707065 0.08327169418334962
54 0.5725943565368652 0.6864799976348877 0.02810802459716799 0.09667444229125977
25 0.33863511085510256 0.5747736930847168 0.035761642456054676 0.07619762420654297
24 0.44511613845825193 0.5756092071533203 0.033834266662597645 0.07840595245361337
59 0.35797431468963625 0.7932068347930907 0.031557178497314486 0.08210668563842771
54 0.6022300243377685 0.6857711791992187 0.030106544494628906 0.09778823852539065
59 0.42003197669982906 0.792566680908203 0.028204631805419933 0.08145103454589842
24 0.41024799346923824 0.5748263359069825 0.03445653915405272 0.07826385498046873
14 0.5038693428039551 0.43129706382751465 0.033727073669433616 0.0837037086486816
51 0.35506210327148435 0.6914848327636719 0.03277282714843749 0.0954635620117188
54 0.6338439464569092 0.6882388114929199 0.0318428039550781 0.0988311767578125
33 0.5795374393463135 0.5735289573669433 0.0320656776428222 0.07271499633789069
59 0.47940826416015625 0.7928328514099121 0.02914485931396482 0.07932777404785152
55 0.4801003456115722 0.6940292358398438 0.03039579391479491 0.09564285278320317
59 0.5095568656921386 0.7927354812622069 0.028296470642089844 0.07860603332519533
24 0.4796572685241699 0.5752765655517578 0.034369468688964844 0.07769317626953132
33 0.6121412754058837 0.5738332748413086 0.03144130706787107 0.07335166931152337
19 0.3208836195242666 0.42970586275532296 0.03453598022460935 0.08257064819335935
33 0.6445745555153728 0.5720512264836444 0.03144130706787107 0.07335166931152337
59 0.5394952781008977 0.7913098425760756 0.028296470642089844 0.07860603332519533
