41 0.45521392822265627 0.6912368774414063 0.0521087646484375 0.05653743743896489
41 0.5745863914489746 0.6900291442871094 0.052530097961425826 0.058506774902343794
41 0.573953104019165 0.843478775024414 0.05287876129150393 0.05706901550292964
41 0.5715830802917481 0.7471933841705323 0.053185462951660156 0.056798267364501887
41 0.6309774398803711 0.689139461517334 0.048583984375 0.056225490570068315
41 0.5758761405944824 0.629176139831543 0.05210542678833008 0.06125917434692374
41 0.631304525292438 0.8414674344270126 0.0483199575672979 0.05143860526706856
41 0.6345660209655761 0.6294170379638673 0.052082061767578125 0.05893363952636721
41 0.5692300796508789 0.8981880187988281 0.049310493469238326 0.04938907623291011
41 0.45630321502685545 0.6291807651519776 0.04875221252441403 0.0640143394470215
41 0.6250897879241615 0.7457070468574443 0.050040054321288996 0.057061195373535156
41 0.5105225086212158 0.9460735321044922 0.04669809341430664 0.04768104553222652
41 0.45145206451416015 0.9498662948608398 0.04976043701171873 0.04939765930175777
41 0.4535055160522461 0.8417865753173828 0.04884471893310549 0.056862258911132835
41 0.5113903999328613 0.841254711151123 0.04943656921386713 0.054892539978027344
41 0.3964426517486572 0.6901240348815918 0.05374546051025386 0.06017742156982431
41 0.5140803337097168 0.7472706794738769 0.054351806640625056 0.05560874938964844
41 0.5115708827972412 0.8959751129150391 0.0489927291870117 0.049639129638671786
41 0.5153324127197265 0.6916325569152832 0.05505294799804694 0.05683193206787107
43 0.32518768310546875 0.2877674579620361 0.06616353988647461 0.05564794540405271
41 0.45215497016906736 0.8968799591064454 0.04951353073120118 0.048171043395996094
41 0.453342866897583 0.7475951194763184 0.0523353576660156 0.05440025329589837
41 0.5155816078186035 0.6301704406738281 0.05172023773193363 0.06403427124023442
41 0.33473060131072996 0.6913400650024415 0.0546114444732666 0.057924842834472634
41 0.397664737701416 0.6289111614227294 0.05275382995605471 0.06010999679565432
41 0.5674410820007324 0.9484761238098145 0.0461175918579102 0.04940242767333991
41 0.39656291007995603 0.7492488861083985 0.052144241333007824 0.05560703277587886
41 0.33290605545043944 0.6298724174499511 0.055471515655517556 0.0660598754882813
43 0.32300028800964353 0.2329045295715332 0.06828975677490234 0.05520038604736327
41 0.3941362619400024 0.9564932823181151 0.04958395957946776 0.049567794799804665
44 0.39315247535705566 0.2368441104888916 0.06170711517333982 0.05352573394775392
41 0.3932563304901123 0.9041604995727539 0.051639556884765625 0.051006317138671875
41 0.3352180004119873 0.7495237350463867 0.053321456909179665 0.058710765838623
41 0.6262439250946046 0.8944975852966308 0.0481539726257324 0.05055370330810549
43 0.32179849147796635 0.17839767932891845 0.06437759399414061 0.05682063102722168
41 0.3926984786987305 0.8470724105834961 0.05394697189331055 0.059842491149902366
41 0.33383173942565914 0.9621184349060059 0.0508896827697754 0.05233840942382806
41 0.32938480377197266 0.8507594108581542 0.055987644195556685 0.059155845642089866
44 0.39315247535705566 0.1822406158652357 0.06170711517333982 0.05352573394775392
44 0.3910523409484535 0.2924976723168486 0.06170711517333982 0.05352573394775395
44 0.4530063060022169 0.2909225715103971 0.06170711517333982 0.05352573394775395
44 0.4551064404108191 0.23526900968244002 0.06170711517333982 0.053525733947754034
44 0.4551064404108191 0.1806655150587841 0.06170711517333982 0.05352573394775392
41 0.6209935890730991 0.9449008111030825 0.0481539726257324 0.05055370330810549
