52 0.4098651885986328 0.5747177124023437 0.02392444610595701 0.06310558319091797
47 0.7702458381652832 0.36128010749816897 0.02666597366333001 0.0687875270843506
47 0.7149435520172118 0.36198081970214846 0.02572145462036135 0.06741790771484374
34 0.24074745178222656 0.5858583450317383 0.022724628448486328 0.046389007568359286
47 0.7430805206298827 0.3618798732757569 0.024915122985839866 0.06867904663085939
23 0.5794811725616456 0.4551365852355957 0.02490653991699221 0.04464912414550781
59 0.42945213317871095 0.6576875209808349 0.021780967712402344 0.06522397994995122
24 0.7366934776306152 0.4555610179901123 0.02573871612548828 0.047406959533691395
18 0.4175806999206543 0.4537266731262207 0.025583457946777355 0.045648002624511685
18 0.4433283805847168 0.4539906501770019 0.025876426696777366 0.04609699249267579
18 0.3914785385131836 0.45396766662597654 0.02591428756713865 0.046131134033203125
59 0.36585702896118166 0.7287284851074218 0.022082805633544922 0.055814933776855535
56 0.6619348049163818 0.3612534523010254 0.024772357940673895 0.0669835567474365
24 0.7104376316070556 0.45541038513183596 0.02545995712280269 0.04755992889404298
46 0.3908477783203125 0.8185458898544311 0.05594453811645511 0.04785771369934089
46 0.3320252180099487 0.8136383056640625 0.055185556411743164 0.045619964599609375
56 0.6354300498962402 0.36108870506286617 0.025141906738281317 0.06735153198242189
28 0.7130492687225342 0.6365889549255371 0.029836654663085938 0.08940410614013672
59 0.38913283348083494 0.7273039817810059 0.021637821197509732 0.05720672607421884
26 0.2676760196685791 0.6663113117218018 0.023705005645751953 0.05452995300292962
26 0.31525363922119143 0.6659860610961914 0.022630882263183605 0.055147552490234286
16 0.2882288932800293 0.4544706344604492 0.026288366317749057 0.046074295043945335
47 0.6883161544799805 0.36164445877075196 0.02587251663208001 0.06675329208374026
56 0.6082226753234863 0.36119956970214845 0.02638378143310549 0.06727085113525388
54 0.43468680381774905 0.5734364032745362 0.023854446411132824 0.06372518539428706
56 0.5806341648101807 0.3606973648071289 0.025552749633789062 0.06716451644897464
59 0.41173601150512695 0.72689790725708 0.02110080718994145 0.05752582550048835
26 0.29565820693969724 0.7348172187805175 0.022177076339721713 0.04625244140625007
25 0.6034325599670409 0.5484085083007812 0.024834060668945335 0.04312877655029301
23 0.5770861625671386 0.5478303909301758 0.02596702575683596 0.043794441223144465
29 0.5682957649230957 0.8748043060302735 0.040547752380371116 0.13654098510742185
59 0.4526876449584961 0.6579978942871094 0.02137794494628903 0.0648368835449219
41 0.3157895088195801 0.9345232009887696 0.04096345901489257 0.03001823425292971
55 0.4580610275268555 0.573025608062744 0.022361946105957042 0.06355915069580076
26 0.33851351737976076 0.6654335498809815 0.023054504394531217 0.055209350585937456
15 0.31535613536834717 0.35515899658203126 0.028412914276123025 0.05941352844238279
15 0.39652504920959475 0.3560538053512573 0.024313545227050815 0.06229152679443356
56 0.5549746513366699 0.3605334281921387 0.0242462158203125 0.06690254211425783
26 0.2915938138961792 0.666140079498291 0.02290940284729004 0.05454998016357426
24 0.7638517379760742 0.4562355995178223 0.02656631469726567 0.04769124984741213
59 0.3846778392791748 0.6593929290771484 0.0208157539367676 0.06632375717163086
28 0.6830991744995117 0.6370782852172852 0.02911663055419922 0.08912334442138681
24 0.7319514274597168 0.5510015487670898 0.02491121292114251 0.04890098571777335
26 0.2725710153579712 0.7348695755004884 0.022669076919555664 0.045992469787597634
28 0.6234570503234864 0.6370092391967773 0.029714965820312522 0.09065456390380855
26 0.24440951347351075 0.6663891792297363 0.021148872375488265 0.05550174713134759
26 0.24944093227386477 0.735053825378418 0.021936655044555692 0.044999313354492254
19 0.34066104888916016 0.4545106887817383 0.024110412597656228 0.04519844055175781
59 0.40709381103515624 0.6583932876586914 0.021326637268066384 0.0654001235961914
41 0.3606228828430176 0.9004983901977539 0.03519325256347661 0.037709808349609464
46 0.4471480369567871 0.8173238992691041 0.05412731170654295 0.04657664299011233
28 0.6530683517456055 0.6370415687561035 0.028598213195800803 0.08989753723144522
17 0.2616832733154297 0.35223960876464844 0.025429725646972656 0.05779695510864258
28 0.6488970279693603 0.7481698036193847 0.030620574951171875 0.09415283203125002
16 0.26027631759643555 0.4546595573425293 0.026466751098632835 0.046426200866699185
59 0.43496456146240237 0.7268822669982911 0.02202634811401366 0.058001232147216863
15 0.34318790435791013 0.3547134160995483 0.026761722564697277 0.061081933975219715
41 0.2676857948303223 0.9334446907043457 0.03859348297119142 0.031037330627441406
25 0.6832596778869628 0.4547987937927246 0.02528514862060549 0.047425651550292935
25 0.6315843105316162 0.4547126293182373 0.024723529815673828 0.04500637054443357
25 0.6293549537658691 0.5485512733459472 0.0251007080078125 0.04335460662841795
25 0.6054237365722657 0.4551480770111084 0.024935340881347634 0.044253921508789096
15 0.3705178737640381 0.3553797245025635 0.02735033035278317 0.06234016418457028
29 0.6854801177978516 0.8762435913085938 0.03587684631347665 0.13612861633300777
17 0.2879369020462036 0.35305142402648926 0.02564301490783688 0.05633153915405276
28 0.5927400588989258 0.6367038249969483 0.031516075134277344 0.09092721939086912
26 0.31850008964538573 0.7344043254852295 0.022203063964843728 0.04689588546752921
28 0.5872087001800537 0.7484524250030518 0.02967624664306634 0.09385833740234384
14 0.4486706733703613 0.3578521251678467 0.02493419647216799 0.061245012283325184
41 0.4050175189971924 0.9351306915283203 0.037597560882568326 0.032389831542968706
16 0.23481361865997313 0.4549105167388916 0.023035955429077132 0.046635341644287065
41 0.4501596450805664 0.8993829727172852 0.035371971130371105 0.03955345153808598
25 0.657259750366211 0.4548058986663818 0.02538719177246096 0.046190834045410134
29 0.723045253753662 0.8763669013977051 0.03821144104003904 0.1359788894653321
29 0.6091366767883301 0.8760487556457519 0.03814716339111324 0.13515987396240237
28 0.6179736137390137 0.7486465454101563 0.030543708801269553 0.09449558258056634
29 0.6478977680206299 0.876833724975586 0.038505840301513605 0.13535308837890625
25 0.6552236557006836 0.5490798950195312 0.025364494323730447 0.04376106262207036
28 0.678349781036377 0.7478047370910644 0.02798118591308596 0.09317903518676762
59 0.36205062866210935 0.6600110054016113 0.02144417762756351 0.06466960906982422
25 0.6810033321380615 0.5493897438049317 0.024850177764892623 0.04389238357543945
14 0.42217607498168946 0.35736804008483886 0.02614936828613279 0.062079429626464844
46 0.2768338680267334 0.8147121429443359 0.056623840332031244 0.041229248046875
41 0.36069662570953365 0.9351629257202149 0.03770012855529786 0.029233169555664018
59 0.4577749729156494 0.7271673202514648 0.021329784393310514 0.0555345535278321
19 0.31526045799255376 0.45444722175598146 0.025623035430908214 0.04472789764404295
41 0.31567015647888186 0.8992460250854493 0.03614196777343753 0.03710174560546875
17 0.23478641510009768 0.35207557678222656 0.025897121429443365 0.058837509155273415
18 0.46539740562438964 0.4541894912719726 0.01778545379638674 0.04627342224121095
41 0.4050262928009033 0.8986812591552734 0.034453582763671886 0.03872566223144536
25 0.7061357498168945 0.5493998527526855 0.024247360229492143 0.045121955871582076
41 0.4498214244842529 0.9357322692871094 0.03599147796630858 0.03148460388183594
41 0.26621508598327637 0.896883773803711 0.03670959472656252 0.03957862854003913
24 0.758768653869629 0.5547326564788819 0.02560558319091799 0.056974506378173806
28 0.7443548202514648 0.6363921165466309 0.030960273742675737 0.08949012756347652
26 0.34222822189331054 0.7334354400634766 0.023688888549804665 0.048177146911621116
19 0.36570641994476316 0.4544306755065918 0.024218225479125943 0.04514265060424805
33 0.26586689949035647 0.5849192619323731 0.02607555389404298 0.04733886718750002
29 0.5344942092895508 0.8754880905151368 0.02632560729980471 0.13438129425048828
28 0.5610584259033202 0.6365396499633789 0.030419921874999978 0.09119720458984382
28 0.7070841789245605 0.7475828170776367 0.0277612686157227 0.09322834014892578
51 0.3853414297103882 0.5746500015258789 0.02273111343383788 0.06363887786865241
23 0.5538089752197266 0.4548514366149902 0.023785400390624933 0.044986724853515625
23 0.551053524017334 0.5474649906158447 0.02482128143310547 0.043917942047119185
28 0.7374348163604736 0.7475221633911133 0.0314206123352051 0.09391384124755853
51 0.36113138198852535 0.5751738548278809 0.022774410247802745 0.0628213882446289
14 0.4676840782165527 0.35761547088623047 0.013890743255615234 0.06061568260192873
47 0.6353893280029297 0.3609818458557129 0.02460765838623047 0.06624307632446286
28 0.5549726564907334 0.7475043060710129 0.02967624664306634 0.09385833740234384
