54 0.5355310916900635 0.39069085121154784 0.021067333221435613 0.06284618377685547
54 0.5813208103179932 0.39064297676086424 0.02250595092773444 0.06345853805541996
16 0.3524512529373169 0.3142244815826416 0.020654058456420876 0.04462413787841801
54 0.5579870223999024 0.390331506729126 0.02211894989013674 0.06456136703491211
2 0.308085298538208 0.583534049987793 0.030593776702880826 0.11204929351806647
51 0.6793514251708985 0.3891850233078003 0.024204349517822243 0.06621766090393066
0 0.36748175621032714 0.5892123699188232 0.0285947322845459 0.11132507324218743
52 0.6295117378234862 0.39191384315490724 0.02329311370849607 0.06177291870117185
16 0.624076509475708 0.3061002254486084 0.02541570663452153 0.06218271255493163
16 0.5415181159973144 0.31017513275146485 0.026158714294433616 0.05909919738769531
16 0.5974687576293944 0.3076189994812012 0.02533855438232424 0.06053705215454103
17 0.6789133071899414 0.30271081924438475 0.028804969787597723 0.06264123916625974
29 0.6737002372741699 0.7187987327575683 0.043517780303955034 0.1432559967041016
19 0.7350656986236572 0.300127911567688 0.021372890472412198 0.06527924537658691
16 0.3082819223403931 0.31783456802368165 0.020487165451049838 0.03996410369873049
16 0.5703201293945312 0.3085731267929077 0.027524375915527255 0.060059976577758745
25 0.25726165771484377 0.4887758731842041 0.017897033691406217 0.03917331695556642
25 0.24843921661376953 0.40999823808670044 0.01903715133666989 0.04053342342376709
25 0.29466977119445803 0.40859618186950686 0.020358848571777333 0.04069213867187499
25 0.297579288482666 0.48834848403930664 0.019837474822998025 0.04091682434082028
28 0.5974810600280762 0.5450324058532715 0.02708930969238288 0.0978610992431641
25 0.42304530143737795 0.48962960243225095 0.020745277404785156 0.04213638305664058
52 0.60530366897583 0.39149887561798097 0.02286186218261721 0.062468862533569314
26 0.24443488121032714 0.22737512588500974 0.01955809593200683 0.03975477218627929
16 0.5154654502868652 0.31162846088409424 0.023695945739746094 0.058663797378539995
25 0.40152243375778196 0.4894435405731201 0.020909905433654785 0.04219236373901364
29 0.7183334827423096 0.7209390640258789 0.043198585510253906 0.1463165283203125
29 0.5888509750366211 0.7128407478332519 0.03859291076660165 0.13564653396606452
25 0.38000388145446773 0.4886747360229492 0.019779396057128917 0.04145107269287113
28 0.6891267776489258 0.5512225151062011 0.031221961975097634 0.10166273117065427
29 0.5498688697814942 0.7091526985168457 0.03719635009765632 0.1331884384155273
28 0.6578089714050293 0.5492175102233887 0.030336952209472634 0.09960842132568365
26 0.41582517623901366 0.21091761589050292 0.02266826629638674 0.04293174743652345
26 0.3705733060836792 0.2146913766860962 0.0212668418884277 0.043947696685791016
25 0.2702480316162109 0.40950469970703124 0.023980522155761685 0.04071807861328125
28 0.5687946319580077 0.5439998626708984 0.03025064468383787 0.09479942321777346
28 0.6267642021179199 0.5469805717468261 0.030096721649169877 0.09820175170898432
29 0.6301446914672851 0.7155765533447266 0.04122037887573238 0.13914508819580074
25 0.3180408239364624 0.48878316879272465 0.019896507263183594 0.04123306274414068
26 0.30525779724121094 0.22147753238677978 0.0210904121398926 0.04192328453063965
54 0.5135038375854493 0.39072670936584475 0.020611667633056663 0.06151437759399414
28 0.5389945030212402 0.5419347763061524 0.027817630767822288 0.0944598197937011
3 0.2780556917190552 0.5852251052856445 0.028728771209716786 0.11253232955932613
2 0.3388547658920288 0.5867131233215332 0.029078245162963867 0.11153106689453118
25 0.38066406249999996 0.40510445833206177 0.021672439575195324 0.04320924282073979
25 0.35827951431274413 0.40618090629577636 0.02147808074951174 0.0426057815551758
16 0.330942964553833 0.31652140617370605 0.02162141799926759 0.04158906936645512
25 0.3381180286407471 0.48882632255554204 0.019312238693237282 0.04153270721435548
25 0.4243016242980957 0.40457658767700194 0.021318817138671897 0.044571876525878906
26 0.3932498931884766 0.21278712749481202 0.021549797058105502 0.04381084442138672
17 0.7086806297302246 0.3008105278015137 0.029169082641601562 0.06494655609130862
26 0.26424465179443357 0.22586984634399415 0.019208908081054688 0.041473388671875
25 0.4026321887969971 0.40429463386535647 0.020793819427490257 0.04323730468750003
25 0.31628208160400395 0.4077000617980957 0.0222637176513672 0.04146385192871094
25 0.3378641128540039 0.40695013999938967 0.020059251785278343 0.041840362548828114
0 0.3987520456314087 0.5939516067504882 0.03177199363708494 0.11070909500122073
28 0.7230856418609619 0.5529843330383301 0.0349773406982421 0.10612602233886714
5 0.43125476837158205 0.5954753875732421 0.03093757629394528 0.11284999847412103
26 0.39852398952635204 0.16352792376338843 0.02045086067501861 0.051956760765302284
26 0.28426852226257326 0.22420291900634765 0.019863080978393566 0.04223384857177734
29 0.5158317565917969 0.7044906616210938 0.029588699340820312 0.13026962280273446
29 0.1712127447128296 0.9651051521301269 0.06952176094055176 0.06978969573974614
17 0.2677236538666945 0.3202463117420164 0.017117980810312072 0.042266457712548444
26 0.34867229461669924 0.21668309569358826 0.021568202972412076 0.04388190507888795
26 0.3265191078186035 0.21921300292015075 0.02077627182006836 0.04302150011062622
25 0.35843377113342284 0.4878539085388184 0.02075052261352539 0.04223995208740239
17 0.6511240005493164 0.3045183658599854 0.026033496856689542 0.06240329742431644
13 0.42336263656616213 0.7246806144714355 0.04049987792968751 0.07472839355468752
19 0.42005300521850586 0.3117321491241455 0.024328517913818404 0.04325256347656253
17 0.2873628616333008 0.318742823600769 0.0213484287261963 0.040377187728881825
25 0.4381274223327637 0.49000439643859867 0.01179256439208981 0.040732288360595725
25 0.27682037353515626 0.48816885948181155 0.019724464416503884 0.040261268615722656
26 0.27520937919616695 0.17839374542236328 0.020871829986572277 0.04892606735229493
14 0.37422604560852046 0.31392650604248046 0.02241830825805663 0.0433622360229492
51 0.7059226036071777 0.38884420394897456 0.026555633544921964 0.06734590530395507
19 0.396642279624939 0.31297204494476316 0.021940088272094704 0.04295034408569337
26 0.3768972873687744 0.1661205768585205 0.02233467102050779 0.05439419746398924
26 0.2951770067214966 0.1761305332183838 0.019464921951293956 0.04950289726257323
26 0.25263538360595705 0.18038270473480225 0.022487831115722667 0.0504624366760254
26 0.35525939606203893 0.1666353422816437 0.02113334967358277 0.05336466661774286
26 0.3347129078194646 0.16989860806134666 0.01919956254486993 0.050705709315762654
26 0.3150686334855486 0.1734390377998352 0.017671752212071123 0.050051420277888226
26 0.4201567413783309 0.1639772053992394 0.019245227020565858 0.051058197493600355
17 0.24769160258464326 0.32254165095141807 0.01962198722056857 0.042683792114257824
13 0.3836595152245193 0.7234596494768486 0.03921964520313703 0.07652995469140234
13 0.3473185828474701 0.7189770675096355 0.03313614110477631 0.07781069239632044
13 0.31362064549180324 0.717373206967213 0.03297899590163933 0.07396260245901642
13 0.2784003586065573 0.7112897028688523 0.03554047131147536 0.0771644467213114
28 0.509732882985139 0.541582226667163 0.027817630767821955 0.0944598197937011
51 0.7325088937135669 0.38685932622701635 0.024189114231633946 0.06946435743033608
56 0.4960214120370371 0.2064887152777778 0.022063078703703776 0.07233796296296297
28 0.6603155177038627 0.1678430123390558 0.038140423819742475 0.10017100321888411
28 0.7330337982832618 0.16428044527896996 0.03436829399141639 0.09975187768240346
28 0.6965698766094421 0.16469957081545064 0.03436829399141639 0.09975187768240346
