18 0.45757017135620115 0.44436569213867183 0.0305774688720703 0.06334381103515624
47 0.837653923034668 0.31776866912841795 0.028311157226562522 0.07606906890869142
18 0.4265104293823242 0.44616274833679204 0.03087577819824222 0.06392450332641603
18 0.304996395111084 0.5372211456298828 0.032616615295410156 0.0619178771972656
47 0.8110784769058228 0.31726808547973634 0.02404131889343264 0.07622218132019043
15 0.215604567527771 0.34258060455322265 0.037348222732543956 0.07847704887390139
18 0.33571929931640626 0.5354934215545655 0.03065500259399412 0.06260490417480469
26 0.27003254890441897 0.2167707860469818 0.03519001007080075 0.0639586567878723
18 0.2721767902374268 0.5387997627258301 0.03298358917236327 0.06017169952392587
18 0.487108850479126 0.44282684326171873 0.028261184692382812 0.062443161010742154
18 0.23991937637329103 0.541309118270874 0.030358409881591802 0.0604303359985352
26 0.3053098678588867 0.2159441947937012 0.03433475494384769 0.0637735366821289
18 0.2087888240814209 0.5444232940673828 0.0310154438018799 0.06337089538574225
47 0.7791821479797363 0.3184016227722168 0.027067184448242188 0.07711896896362302
14 0.2867364645004272 0.3411057949066162 0.03607511520385742 0.0749407768249512
47 0.7206567764282226 0.3201639652252197 0.027162170410156228 0.07939939498901372
16 0.32248947620391843 0.3406432390213013 0.03285942077636722 0.07388296127319338
33 0.4751800537109375 0.2153388738632202 0.032993030548095714 0.06359696388244629
16 0.1949303150177002 0.4607541084289551 0.03767714500427244 0.07210445404052734
14 0.251638126373291 0.34038476943969725 0.032329559326171875 0.07407102584838865
26 0.23406419754028318 0.2172721803188324 0.03587379455566406 0.063892662525177
33 0.4086720943450928 0.21536411643028258 0.03283052444458012 0.06456547975540161
26 0.16453099250793457 0.21756885051727295 0.035329580307006836 0.06556420326232909
16 0.48947792053222655 0.33893232345581054 0.028177642822265647 0.07473669052124021
19 0.3642488956451416 0.451596450805664 0.030516481399536166 0.06563539505004884
25 0.3654920578002929 0.5341363906860352 0.02865571975708009 0.06189022064208982
16 0.45909919738769533 0.3394497871398926 0.031731605529785156 0.07583971023559571
16 0.39009506702423097 0.33940587043762205 0.03306221961975098 0.07357316017150878
47 0.7497562408447265 0.31919839382171633 0.02820529937744143 0.07803306579589847
16 0.4250992774963379 0.3393275260925293 0.035198211669921875 0.07486925125122068
16 0.2314140558242798 0.4590933799743653 0.033627986907958984 0.07051963806152345
16 0.33183941841125486 0.45432701110839846 0.03213195800781249 0.06709756851196286
26 0.19974303245544434 0.21731324195861818 0.032675933837890636 0.06424808502197266
16 0.29823069572448735 0.45618200302124023 0.0343181610107422 0.06727771759033208
16 0.35613265037536623 0.3394131183624267 0.033086013793945324 0.07179279327392579
29 0.4295633316040039 0.8233899116516114 0.040461158752441384 0.1296575546264649
56 0.6300688266754151 0.32052648067474365 0.02864141464233405 0.08041028976440434
25 0.453248929977417 0.528378963470459 0.028263664245605447 0.06429481506347656
16 0.2647524356842041 0.4573887825012207 0.03250603675842287 0.06919708251953122
25 0.4284175395965576 0.5989065170288086 0.02724761962890626 0.05448207855224618
56 0.661855411529541 0.3205238342285156 0.02819747924804694 0.08081331253051754
33 0.44207396507263186 0.21528186798095703 0.03204574584960934 0.06412482261657715
29 0.4725189208984375 0.8178884267807007 0.04170513153076172 0.13097462654113767
25 0.3708513259887695 0.6024251937866212 0.02892436981201174 0.054260635375976585
25 0.25288991928100585 0.6084189414978027 0.030061531066894548 0.0537261962890625
25 0.28282790184021 0.6071450710296631 0.0275589942932129 0.05353326797485347
25 0.31252708435058596 0.6057802200317384 0.028566646575927723 0.05435047149658201
25 0.34187328815460205 0.6041986465454101 0.02862768173217778 0.05441303253173835
25 0.39461793899536135 0.5317212581634522 0.029185104370117176 0.06369590759277344
25 0.4565727233886719 0.5982564926147461 0.027635574340820312 0.05478668212890625
34 0.3740717649459839 0.21575729846954345 0.03366866111755373 0.06512417793273925
25 0.4239872932434082 0.5300425052642822 0.0286118507385254 0.06368608474731441
19 0.39523193836212156 0.44881258010864256 0.03031640052795409 0.0639352798461914
56 0.6918725013732909 0.3206127643585205 0.027720546722412087 0.08131732940673825
25 0.22262897491455078 0.6113735675811768 0.02891063690185547 0.05586051940917969
25 0.48520350456237793 0.5966796875 0.028544712066650435 0.054876518249511674
25 0.3998530864715576 0.6004747390747069 0.02793636322021481 0.05401000976562498
17 0.17886250019073485 0.3431055545806885 0.03520898818969728 0.07643327713012693
25 0.48243260383605957 0.5269345283508301 0.028002834320068337 0.06284894943237301
34 0.3403175830841064 0.21513400673866273 0.03252267837524414 0.0654472231864929
28 0.31480474472045894 0.7006492614746094 0.029928874969482433 0.10734901428222665
31 0.34471688088569935 0.7078778023028192 0.02691583269425024 0.09557728876594362
28 0.28154850006103516 0.7000507831573486 0.03305139541625979 0.10411920547485354
56 0.5980567932128906 0.32132959365844727 0.03179636001586905 0.08274765014648433
54 0.5782187385896665 0.5694970063403644 0.024218940734863192 0.07004394531250002
55 0.6032704361939236 0.567805550345549 0.02175510519801971 0.07009978341584155
52 0.6293892632543513 0.5697694508375319 0.024081516265869185 0.07243709564208978
51 0.6536957110655064 0.5694319108057755 0.02263484999288079 0.07362926467163478
59 0.7329881887520308 0.5675707019535841 0.02365188598632817 0.07247896194458014
59 0.758617696508897 0.5660563650384414 0.02246379852294922 0.0733097076416016
59 0.7831672546484778 0.5659568857152001 0.022580718994140603 0.07424850463867183
59 0.8074244210451802 0.5672609238196564 0.022580718994140603 0.07424850463867183
41 0.6565955204853697 0.6935807682575212 0.04222741396488294 0.06359662235195251
46 0.6003738558492251 0.6906468895021565 0.06749263164918917 0.06946437986268206
31 0.3741628493971497 0.7063868671883153 0.02691583269425024 0.09557728876594362
31 0.4024906165727222 0.7063868671883153 0.02691583269425024 0.09557728876594362
31 0.4336138870879894 0.7054550327417504 0.030270436701883785 0.09520455498731761
