18 0.6125584125518799 0.5205072402954102 0.027805995941162176 0.05484619140624997
23 0.668857192993164 0.5207146644592285 0.027989578247070268 0.055241870880127
52 0.3612318515777588 0.5742902755737305 0.023089790344238303 0.06556072235107413
23 0.7274701595306396 0.5201608657836914 0.028006935119628817 0.05497837066650385
18 0.5846876144409179 0.520414161682129 0.02698860168457029 0.05569019317626955
23 0.6982028007507324 0.5203323364257812 0.02855415344238288 0.054661178588867154
23 0.6405859947204591 0.5207161903381348 0.02674160003662107 0.05510168075561528
24 0.6666057586669922 0.6069056987762451 0.02681598663330076 0.04567775726318368
23 0.7564346313476562 0.521450138092041 0.02790775299072268 0.05816936492919922
18 0.5074307441711425 0.521817684173584 0.020048999786376975 0.060470485687255826
24 0.6941198348999023 0.6078475952148437 0.027108097076416038 0.045921707153320335
18 0.5574737548828126 0.5201419353485107 0.02629718780517576 0.05616950988769531
56 0.5898923873901367 0.39747166633605957 0.02947082519531241 0.06842670440673826
47 0.7702322483062745 0.3976815938949585 0.03008394241333001 0.07054457664489744
56 0.6204846382141114 0.39746415615081787 0.02804908752441404 0.06729178428649907
17 0.24566838741302488 0.3961009979248047 0.025884771347045893 0.04842433929443357
18 0.53091459274292 0.5207346439361572 0.026591682434082053 0.05811119079589844
24 0.7222180366516113 0.6084355354309082 0.028231906890869185 0.04713773727416992
47 0.7088497161865235 0.39797253608703614 0.028382396697998025 0.06873168945312502
17 0.21973733901977538 0.39592366218566893 0.026457405090332037 0.04776287078857422
61 0.6215126991271973 0.8418391227722168 0.03869819641113281 0.047009849548339866
16 0.36362905502319337 0.49589967727661133 0.026127719879150413 0.047789192199707065
59 0.4119137763977051 0.6638056755065918 0.021907424926757846 0.06577215194702146
46 0.3704895063908431 0.7405286519196781 0.05176824635832844 0.043386227197020566
16 0.3370200634002686 0.495575475692749 0.025550985336303678 0.0478945732116699
14 0.4116664409637451 0.3976954460144043 0.029201984405517578 0.04920234680175778
41 0.3930059432983398 0.8693914413452148 0.03560609817504884 0.03835105895996094
41 0.2597338199615479 0.8281452178955078 0.03355808258056642 0.03615837097167962
17 0.27301061153411865 0.3963264942169189 0.028723192214965776 0.04837675094604493
41 0.3913144111633301 0.8277156829833985 0.03328533172607423 0.04245986938476565
46 0.25888885720802923 0.7357649977189782 0.0531050410583942 0.04597684762773724
15 0.35477938652038576 0.396986436843872 0.027265357971191395 0.04871110916137694
15 0.3272979736328125 0.3970439910888672 0.026131725311279275 0.048389434814453125
29 0.6277059958531306 0.7232623383239075 0.03665531598604643 0.14065767225328374
16 0.2097503662109375 0.4928587913513184 0.023150253295898454 0.047891807556152355
47 0.7392968177795409 0.39737663269042967 0.02879533767700193 0.06924123764038087
56 0.6797598361968994 0.3976943254470825 0.02707529067993164 0.06778998374938966
54 0.3852872133255005 0.5750199794769287 0.022957706451416038 0.06479310989379883
26 0.27126507759094237 0.6720741271972657 0.022487068176269553 0.04458808898925781
59 0.3887587547302246 0.663359260559082 0.022361278533935547 0.06585578918457036
19 0.3907416582107544 0.4965265274047852 0.026318407058715798 0.04812192916870123
56 0.6501733779907226 0.39754800796508794 0.027102661132812567 0.06775684356689454
16 0.31068925857543944 0.4952272415161133 0.02487978935241697 0.04783992767333989
46 0.31395415145985406 0.7398585014969763 0.05631272810218979 0.04277957547320066
25 0.5128282546997069 0.6009948253631592 0.023835754394531228 0.04498033523559575
14 0.38306157588958745 0.39708836078643794 0.02857322692871095 0.04825167655944823
59 0.34233760833740234 0.6626937389373779 0.02317676544189451 0.06613645553588876
61 0.6694424629211426 0.8494623184204102 0.040671157836913996 0.049635696411132746
29 0.5886689427134755 0.7193040271381755 0.039072657155466484 0.14052570259178077
16 0.2848662376403809 0.49458990097045896 0.02504892349243165 0.04811239242553711
61 0.6684316158294679 0.8911350250244141 0.03952589035034182 0.03496360778808594
41 0.2639984846115112 0.865444278717041 0.03512158393859863 0.03617935180664067
26 0.24829089641571045 0.6720603466033935 0.02246327400207518 0.04414157867431645
16 0.2587711334228516 0.4940730094909668 0.02551050186157225 0.04791069030761719
26 0.29446465969085694 0.672562837600708 0.022948169708251975 0.045269775390625044
25 0.6137441158294678 0.6045095920562744 0.02550506591796875 0.04544677734374991
41 0.3006723880767822 0.8306137084960938 0.034540653228759766 0.039716148376464866
25 0.537497615814209 0.6015471458435059 0.024965286254882812 0.04541492462158203
16 0.23353080749511718 0.4934375762939453 0.02304363250732422 0.047709083557128884
25 0.5629578590393067 0.6024315834045411 0.02537117004394529 0.04552316665649414
41 0.4399685859680176 0.8742180824279785 0.03298969268798824 0.036133766174316406
25 0.5884227752685547 0.6033856868743896 0.024975585937500044 0.045370960235595614
26 0.2261125087738037 0.6720357894897461 0.021069765090942383 0.043233394622802734
25 0.6395453453063965 0.6057868957519531 0.02576923370361328 0.04568367004394536
59 0.4358337879180908 0.6636271476745605 0.023837852478027333 0.06485919952392583
61 0.6223435401916504 0.8848007202148438 0.03957290649414058 0.03760833740234382
26 0.31821179389953613 0.6730997562408447 0.023894405364990212 0.045720386505127
51 0.3368335962295532 0.5732557296752929 0.02389516830444338 0.0647768020629883
19 0.418365478515625 0.4970588684082031 0.027963447570800826 0.048272514343261685
41 0.30485584735870364 0.8688291549682617 0.03684439659118649 0.03551845550537114
41 0.3451714992523193 0.8312540054321289 0.03514852523803713 0.04258232116699223
17 0.30062530040740965 0.39702827930450435 0.026021957397460938 0.04779486656188964
33 0.21995105743408205 0.5785430692408207 0.023745155334472662 0.049531745910644576
46 0.42650933265686036 0.7403428077697753 0.05438079833984377 0.041387748718261785
17 0.1929706573486328 0.3964258670806885 0.02649073600769042 0.04753561019897462
59 0.3656226634979248 0.662609052658081 0.02253580093383789 0.06625499725341799
29 0.5494830330649575 0.7145927010001717 0.039641420133821326 0.13653403481284343
41 0.5318061299584991 0.8352609980758743 0.03648586273193366 0.041278839111328125
24 0.7498433113098144 0.6108220100402832 0.02690467834472654 0.05073900222778327
41 0.43733015060424807 0.8334786415100097 0.03586425781249997 0.04201354980468752
28 0.6617197791298667 0.7486345657935509 0.028187330476530326 0.09903495495135961
41 0.39435980319976804 0.9026405334472656 0.03646445274353027 0.030483245849609375
41 0.3490389347076416 0.871776008605957 0.03583211898803712 0.03523902893066411
34 0.24497284662984586 0.5814753107780957 0.025337153455636835 0.04747388797954921
41 0.5320576667785644 0.878516960144043 0.03606185913085935 0.03894577026367185
61 0.7163132667541503 0.8887934684753418 0.03887929916381838 0.03798408508300777
14 0.432997989654541 0.39782214164733887 0.015180587768554688 0.04842596054077153
41 0.44001798629760747 0.9065414428710937 0.03596191406249999 0.028487014770507857
61 0.7185478210449219 0.8463984489440918 0.04102878570556645 0.04784412384033199
61 0.6204977989196777 0.9177455902099609 0.03935432434082031 0.028408050537109375
28 0.6906220407196969 0.7507039672567015 0.029592803030302983 0.09574979057400934
55 0.4091954112052918 0.5755417823791504 0.023751091957092296 0.06405181884765632
28 0.7233590790719697 0.7535291043591825 0.03514145359848475 0.09474168409715278
55 0.43271844952645966 0.5758981920506832 0.023751091957092296 0.06405181884765632
41 0.3530115402527969 0.9042894126725023 0.03807477533382225 0.026132625384922448
41 0.3085695275425041 0.9013204905238466 0.038569202214261966 0.02779355362383995
41 0.2672260056446939 0.8988256228231166 0.038569202214261966 0.02779355362383995
41 0.577992273260046 0.8857507564403393 0.03606185913085935 0.03894577026367185
61 0.664794722309819 0.9227709593596283 0.036802337787769535 0.026314488163700855
61 0.7175564236111112 0.9224537037037037 0.03544560185185175 0.02857349537037046
