56 0.5318771839141845 0.358151912689209 0.02240886688232424 0.057982015609741255
47 0.5796453475952148 0.35637331008911133 0.02093296051025384 0.0570858955383301
23 0.5821504116058349 0.44393711090087895 0.02274608612060547 0.04061489105224608
52 0.33416611564402676 0.5005890194250613 0.021608698124788217 0.0600863106396734
47 0.6510085582733154 0.35789985656738277 0.021608161926269465 0.06268234252929689
18 0.5094766616821289 0.4461958885192871 0.024292182922363237 0.040509605407714866
47 0.6025473594665527 0.35826888084411623 0.021741485595703103 0.06025609970092777
47 0.6278374671936036 0.35785708427429197 0.02124996185302741 0.0611865997314453
18 0.5343790054321289 0.4459780216217041 0.024255657196044833 0.0410722732543945
56 0.5070135116577148 0.3578629970550537 0.023563194274902333 0.05684375762939453
14 0.35799722671508794 0.3457300662994385 0.024475860595703114 0.04877738952636723
47 0.6738637924194335 0.3548539638519287 0.021320247650146507 0.05741548538208008
59 0.4064267158508301 0.5844732284545899 0.02178163528442384 0.06230697631835935
56 0.5558380126953125 0.35684704780578613 0.022808265686035112 0.056097316741943404
56 0.48291792869567873 0.3593443870544434 0.022413158416748014 0.05886545181274411
19 0.36179256439208984 0.4195866584777832 0.024180221557617232 0.05002861022949223
26 0.1972201108932495 0.6062597274780274 0.02344827651977538 0.05026264190673824
26 0.22117924690246582 0.6055567741394043 0.023401546478271473 0.04913320541381838
23 0.5589964866638184 0.4449617385864258 0.023176383972168035 0.04107093811035156
14 0.40422539710998534 0.34668526649475095 0.018512630462646507 0.04809207916259767
17 0.20101711750030518 0.34586586952209475 0.028876256942749035 0.05067415237426759
18 0.4852750778198242 0.4468372344970703 0.022611999511718772 0.041062355041503906
19 0.38625235557556153 0.41898307800292967 0.023693418502807595 0.04950895309448239
16 0.3368342399597168 0.42026591300964355 0.02424335479736328 0.05011901855468748
59 0.3609549522399902 0.5857870578765869 0.02121286392211913 0.06665868759155269
52 0.35733453740878984 0.49919396322600695 0.02111040134819181 0.05789396130308816
25 0.6050604343414306 0.44264926910400393 0.02155084609985347 0.04127359390258789
16 0.3115706443786621 0.42132968902587886 0.025392150878906228 0.05123395919799806
16 0.17891693115234375 0.42342486381530764 0.027209043502807617 0.050537872314453114
26 0.2694671154022217 0.6024384498596191 0.023561382293701194 0.04847736358642574
16 0.28558852672576907 0.42187862396240233 0.02526011466979977 0.05165729522705076
59 0.3389045238494873 0.5866623878479004 0.020712280273437467 0.06677169799804683
14 0.38288273811340334 0.34607939720153813 0.02351174354553226 0.04814405441284181
16 0.20722222924232483 0.42377376556396484 0.026423442363739003 0.050341796874999956
16 0.23405890464782714 0.422980260848999 0.02564153671264649 0.05141706466674806
24 0.6716590881347656 0.445772647857666 0.021843147277831987 0.05271930694580074
28 0.5411734104156494 0.6427815437316895 0.02754077911376951 0.08069210052490228
26 0.24554884433746338 0.6041920185089111 0.023644781112670876 0.04848260879516597
15 0.28063216209411623 0.34573075771331785 0.025467681884765614 0.050831460952758756
15 0.3327281713485718 0.3452907562255859 0.024433755874633756 0.048789215087890636
16 0.260044527053833 0.4221433520317078 0.025413894653320335 0.05193541049957273
29 0.28550052642822266 0.8544111251831055 0.0409578323364258 0.11878833770751962
24 0.6492068767547607 0.44446430206298826 0.022034263610839933 0.04918193817138672
29 0.398624587059021 0.8397432327270509 0.036615610122680664 0.11618385314941404
17 0.17119508981704712 0.3452720642089844 0.029818582534790028 0.05376586914062498
26 0.2933546543121338 0.6012840270996094 0.023297977447509777 0.048334789276123
51 0.3106312990188599 0.501724624633789 0.021201896667480458 0.06104335784912107
17 0.2288966178894043 0.34747538566589353 0.025801944732666005 0.047558450698852506
59 0.3835894107818604 0.5853653907775879 0.02177963256835941 0.0646422386169434
59 0.316715407371521 0.5884206295013428 0.021585845947265647 0.06833143234252925
29 0.36184799671173096 0.8441867589950561 0.035670471191406206 0.11536259651184078
15 0.2551487922668457 0.34607892036437987 0.02587919235229491 0.05002703666687014
25 0.6268332958221436 0.4417617797851563 0.020745182037353538 0.04206542968749999
33 0.19015897512435914 0.5134181976318359 0.02540409564971924 0.04699974060058598
15 0.30618188381195066 0.3456584453582764 0.02556881904602054 0.05072965621948239
29 0.2417924404144287 0.8595165014266968 0.041886615753173845 0.12210927009582528
41 0.6563167572021484 0.8601673126220704 0.03490028381347665 0.02951545715332038
28 0.5361917972564697 0.5403543472290039 0.026871967315673873 0.08964920043945312
28 0.5633699417114257 0.5387231826782226 0.02648582458496096 0.09005565643310554
29 0.32483830451965334 0.8493731498718262 0.03625679016113281 0.1192996978759765
41 0.6155061244964599 0.8618620872497558 0.0329359054565429 0.03451690673828123
55 0.3802298759927555 0.4993264762722716 0.023055415250817113 0.057628935210558896
43 0.6572131633758544 0.767298698425293 0.03466434478759772 0.028000450134277433
47 0.5562343597412109 0.35723447799682617 0.023471260070800692 0.057263851165771484
32 0.6401670932769775 0.6375851631164551 0.022213459014892578 0.07339782714843746
28 0.5880236148834228 0.5375512123107911 0.023727607727050848 0.08909015655517571
28 0.568406343460083 0.6409482479095459 0.026399707794189542 0.07917995452880866
43 0.6565759181976318 0.7350645065307617 0.03621892929077153 0.033917236328125044
32 0.6162908554077149 0.6396312236785888 0.023556613922119163 0.07450666427612307
32 0.5102124183006536 0.5424453635620915 0.02106311274509809 0.08552900326797386
34 0.216487962372449 0.5151865433673469 0.02740353954081634 0.04284917091836732
51 0.28721372886579866 0.5027211169807277 0.021201896667480458 0.06104335784912107
55 0.4048930615794902 0.4988282300988022 0.022557169077347727 0.05862542755749767
36 0.21419270833333334 0.6890190972222223 0.045572916666666685 0.01605902777777779
36 0.26323784722222227 0.6833767361111112 0.04557291666666674 0.01605902777777779
36 0.30794270833333337 0.6825086805555556 0.04296875000000011 0.01866319444444442
36 0.3526475694444445 0.6768663194444444 0.04296875000000011 0.01866319444444442
36 0.22268349023709905 0.7431735965829847 0.04411828800557885 0.024668758716875905
36 0.27008150278940024 0.7407219752440725 0.044118288005578876 0.024668758716875905
58 0.3170709117852162 0.7358187325662482 0.044118288005578876 0.024668758716875905
36 0.22452220624128316 0.7674855081938632 0.044526891562064214 0.019356912482566213
36 0.27110301168061374 0.7654424904114363 0.04452689156206424 0.019356912482566213
58 0.3172752135634589 0.7613564548465828 0.04452689156206424 0.019356912482566213
43 0.6206522027847214 0.7663365678834211 0.03466434478759772 0.028000450134277433
41 0.5790874504263309 0.863846924666269 0.03293590545654301 0.03451690673828123
28 0.5122686189091847 0.6438720877299051 0.026399707794189486 0.07917995452880866
28 0.48447975926770426 0.6488593621168308 0.028652632307863468 0.07438414339533816
32 0.5926765160646268 0.6415239008600842 0.019325711769971998 0.07478341085468221
32 0.663048026661673 0.6381466240226152 0.020893957514962813 0.0756902848889014
44 0.5830136601796407 0.7678003368263473 0.03625561377245501 0.032747005988023936
44 0.5444189745508983 0.7701394086826348 0.033916541916167664 0.03157747005988021
44 0.5093328967065864 0.7742327844311377 0.03040793413173576 0.03040793413173648
28 0.6143753013913593 0.5360011131044418 0.023727607727050848 0.08909015655517571
28 0.6407269878992958 0.5367761627076164 0.023727607727050848 0.08909015655517571
