9 0.3799089193344116 0.783884334564209 0.03718800544738765 0.10658817291259759
50 0.7994112014770508 0.22795901298522947 0.026708793640136674 0.08866477012634275
47 0.3686487674713135 0.2162990629673004 0.025880956649780296 0.07073563337326047
34 0.7183816432952881 0.24116630554199217 0.024821472167968706 0.06325845718383788
47 0.45598483085632324 0.21727750301361082 0.02787084579467769 0.07265257835388181
23 0.330171012878418 0.5966646194458007 0.025018882751464855 0.04946441650390632
18 0.43311619758605957 0.5943331718444824 0.02521991729736328 0.049109458923339844
34 0.6641084671020507 0.23999729156494143 0.025937461853027366 0.0645991325378418
50 0.7726016044616699 0.23044593334198 0.025774574279785245 0.08690867424011231
17 0.2828793048858642 0.32650935649871826 0.027078819274902355 0.05823473930358891
34 0.6914445877075195 0.24025540351867675 0.02659397125244134 0.06405696868896482
54 0.7342857360839843 0.3402838706970215 0.024704360961914085 0.08370800018310542
47 0.42609395980834963 0.21675162911415102 0.026238822937011685 0.07189730405807496
14 0.42646965980529783 0.5132866859436035 0.024323749542236317 0.054780006408691406
14 0.26942589282989504 0.5116531372070312 0.026923227310180653 0.0542625427246094
52 0.6298173904418944 0.34046108722686763 0.02378025054931643 0.082718563079834
17 0.2539998531341553 0.32580037117004396 0.02860918045043942 0.05840444564819336
54 0.6815745830535889 0.3398434638977051 0.02451047897338876 0.08373785018920898
23 0.30304393768310545 0.5977669715881349 0.02601308822631837 0.04795417785644529
23 0.2766610622406006 0.5978147983551025 0.02451610565185547 0.048671054840087935
47 0.3971435070037842 0.2166902780532837 0.02607069015502933 0.07161579132080081
54 0.707470703125 0.3403517007827759 0.025508880615234375 0.08286256790161128
34 0.6365427494049072 0.2395160675048828 0.026901626586914085 0.0665360927581787
5 0.5827150344848633 0.7845522880554199 0.034531021118163974 0.10432720184326172
18 0.40733004808425904 0.5946630954742431 0.0249278783798218 0.049437522888183594
29 0.6912840843200684 0.7744914054870605 0.03984184265136714 0.12532329559326172
56 0.3117876768112182 0.21421647667884824 0.028414297103881825 0.0725399851799011
59 0.5775832176208495 0.4487963199615479 0.02525272369384768 0.07885189056396485
56 0.34066851139068605 0.2151271104812622 0.025163888931274414 0.0698362350463867
15 0.45202150344848635 0.32963132858276367 0.0279427528381348 0.06273317337036133
16 0.29200010299682616 0.42724820375442507 0.02735338211059568 0.05791566371917728
16 0.4244351387023926 0.4298316478729248 0.025082969665527366 0.058041763305664074
59 0.651729679107666 0.4504000663757324 0.024122238159179688 0.07844238281249999
26 0.5745128631591797 0.5760543823242188 0.024054527282714844 0.05104522705078118
15 0.4236028671264649 0.3292847633361816 0.027369308471679676 0.06281528472900394
26 0.6710443019866943 0.5771916389465332 0.02353725433349607 0.0490394592285156
59 0.6267960071563721 0.449985408782959 0.02397089004516606 0.07821636199951171
26 0.6231658935546875 0.5760056972503662 0.02414503097534182 0.050244045257568315
16 0.2647160530090332 0.42599917650222774 0.025937509536743175 0.05731694698333739
26 0.6950379371643067 0.5770998001098633 0.023376083374023415 0.04932460784912118
26 0.5987519264221192 0.5758198261260987 0.02406091690063472 0.05075607299804685
16 0.31888470649719236 0.42806077003479004 0.025222110748291005 0.058202934265136674
15 0.33992977142333985 0.32700607776641843 0.026175975799560547 0.06104564666748047
15 0.39519114494323726 0.32824537754058836 0.02742319107055663 0.06261239051818851
18 0.38133087158203127 0.5951993942260743 0.025625133514404264 0.049078750610351496
24 0.42564144134521487 0.6835817813873291 0.024474143981933594 0.048270797729492165
25 0.30501866340637207 0.6832817077636719 0.022846794128417947 0.04988784790039069
14 0.4520315170288086 0.5133195877075195 0.02507324218750001 0.054805755615234375
33 0.554104995727539 0.2380565643310547 0.022854042053222723 0.06364450454711915
16 0.34496235847473145 0.4287297248840332 0.025772714614868186 0.058173179626464844
26 0.5498296737670898 0.5762290000915526 0.024361038208007835 0.05035057067871096
16 0.39795114994049074 0.42961874008178713 0.025664281845092785 0.05809249877929684
26 0.7188422203063964 0.5764437675476074 0.023197174072265625 0.05073909759521489
16 0.45102686882019044 0.4300986289978027 0.025499343872070312 0.05788383483886722
59 0.5513893604278564 0.44792146682739253 0.022635555267333962 0.07820577621459962
26 0.647144079208374 0.5764415740966797 0.023505783081054776 0.049388885498046875
17 0.22756247520446776 0.3264101505279541 0.02293138504028322 0.06050443649291992
25 0.28041255474090576 0.6835702896118164 0.02354540824890139 0.050204467773437456
59 0.6762591361999511 0.4508208274841309 0.023447036743164062 0.07929229736328125
34 0.7446972846984863 0.24075908660888673 0.025543212890625 0.06457676887512209
59 0.7770191192626953 0.4514477729797363 0.02411937713623047 0.08038616180419922
59 0.7004224777221679 0.45076823234558105 0.023462677001953147 0.0799990653991699
24 0.40082974433898927 0.6841691017150879 0.024200057983398415 0.04665431976318357
59 0.6026465892791748 0.449506950378418 0.022787189483642667 0.07805156707763672
17 0.31174530982971194 0.32698688507080076 0.02840251922607423 0.058280277252197255
16 0.37141778469085696 0.4291975021362305 0.025297880172729492 0.05860700607299807
26 0.7424609661102295 0.5760777473449707 0.022719764709472567 0.05215911865234368
33 0.608073091506958 0.2391300916671753 0.02719812393188481 0.06647529602050783
24 0.3761247158050537 0.6839372634887695 0.024268150329589844 0.04625911712646491
56 0.28165717124938966 0.21393065452575682 0.028086280822753884 0.07467308044433593
59 0.7253444194793701 0.4499725341796875 0.023995685577392623 0.07968921661376954
14 0.4009361267089844 0.5126575469970703 0.02454795837402346 0.05419998168945317
29 0.7330116748809814 0.7724716663360596 0.04045677185058594 0.12526159286499028
15 0.47589845657348634 0.32940440177917485 0.017932319641113303 0.06275610923767089
54 0.6558893203735352 0.34104628562927247 0.025050640106201172 0.08473768234252932
24 0.47339296340942383 0.6823919296264649 0.02126235961914058 0.04911651611328127
14 0.47495784759521487 0.5128701210021973 0.02009811401367184 0.05385780334472662
59 0.7510864734649658 0.4501376152038574 0.024549007415771484 0.08095741271972656
15 0.36763606071472166 0.3282899856567383 0.026371860504150357 0.06139993667602539
19 0.4604424953460693 0.5934970855712891 0.02707214355468751 0.05003070831298828
25 0.3289361000061035 0.6832141399383544 0.022716617584228493 0.04850921630859373
28 0.6834253787994384 0.6567374229431152 0.028944969177246094 0.0902053833007812
14 0.2972132682800293 0.5117045402526855 0.02584705352783201 0.053310394287109375
25 0.3522955417633057 0.6831881999969482 0.021933603286743153 0.04818649291992183
14 0.3483581066131592 0.5118639945983887 0.023460531234741233 0.05321292877197259
4 0.5484017372131347 0.7853717803955078 0.031278038024902366 0.1030731201171875
24 0.45061769485473635 0.6826495170593261 0.024147224426269542 0.049772357940673806
55 0.7606260299682617 0.34011664390563967 0.02456932067871087 0.08474154472351075
29 0.6521259307861329 0.7747684478759765 0.03887233734130857 0.12426261901855473
25 0.25562846660614014 0.6841897964477539 0.023300027847290017 0.048105812072753995
51 0.6040478706359863 0.33956904411315914 0.024191093444824174 0.08208065032958983
23 0.3554089546203614 0.5960517883300781 0.02412266731262208 0.04963035583496089
26 0.7656447410583496 0.5764884948730469 0.02162857055664069 0.05404052734375009
33 0.5802999973297118 0.23870720863342287 0.02703104019165037 0.06575083732604983
2 0.3073376178741455 0.7872837066650391 0.03543405532836913 0.10211696624755862
55 0.7870438575744629 0.3405629634857178 0.02554244995117194 0.0830952167510986
28 0.6239337921142578 0.6569620132446289 0.02871913909912105 0.08910961151123042
14 0.37399241924285886 0.5121817111968994 0.025616741180419955 0.05386409759521482
19 0.2527451992034912 0.5976730823516845 0.021455669403076166 0.05180273056030271
28 0.6531973838806153 0.656804084777832 0.029995822906494163 0.08991050720214844
16 0.23743262290954592 0.42554311752319335 0.024993991851806646 0.05817213058471682
28 0.7113836288452149 0.6572454929351806 0.027410697937011785 0.08885269165039067
16 0.4744584083557129 0.430024528503418 0.020207977294921853 0.05784273147583008
28 0.5943805217742919 0.6581429481506348 0.029463672637939475 0.0897933959960937
19 0.323557710647583 0.5113651275634765 0.023350143432617154 0.05396842956542963
6 0.4146692961165049 0.7844356796116505 0.035080400485436924 0.109033677184466
6 0.4535421723300971 0.7834875606796117 0.035080400485436924 0.109033677184466
32 0.5649461468446602 0.6583358616504854 0.02654733009708743 0.09007129854368934
31 0.7419411599099099 0.6583614864864865 0.02551379504504503 0.08182010135135132
8 0.6158331432481752 0.7861969662408759 0.029938412408759163 0.10264598540145986
