47 0.5554798126220704 0.18839254379272463 0.02645673751831057 0.05640497207641601
5 0.3585801124572754 0.7959880828857422 0.038769435882568315 0.13727741241455083
52 0.49047145843505857 0.4387073040008545 0.020296859741210926 0.06791124343872068
2 0.2761524200439453 0.8013778924942017 0.04116449356079099 0.1358279705047607
15 0.3338187217712402 0.2565016746520996 0.025639915466308616 0.04815311431884764
16 0.4935468673706055 0.27238483428955074 0.025541305541992188 0.04409055709838866
16 0.2772571325302124 0.3346005201339722 0.026495933532714844 0.0485814571380615
46 0.471286678314209 0.7862276077270508 0.059990882873535156 0.05853958129882808
47 0.5289998054504395 0.18520340919494627 0.02402076721191415 0.05783596038818359
26 0.27155106067657475 0.5313970565795898 0.0256641387939453 0.04723958969116204
59 0.4010601043701172 0.5254319190979004 0.024259853363037154 0.06666431427001951
26 0.29777245521545415 0.5330992698669434 0.025736522674560558 0.046460533142089866
59 0.42665824890136717 0.5264133453369141 0.02337055206298827 0.0689958572387695
59 0.5212467193603516 0.530402660369873 0.02192478179931634 0.0683996200561523
16 0.24987173080444336 0.3324371337890625 0.026427173614501975 0.04971561431884769
16 0.3050896883010864 0.3368429660797119 0.027092170715332042 0.04705619812011719
56 0.47603588104248046 0.17991644144058228 0.028670883178710915 0.05659520626068115
26 0.323711633682251 0.5339339256286622 0.02578492164611812 0.04633007049560545
41 0.5217628479003906 0.8249040603637695 0.03668365478515634 0.04373950958251949
15 0.38787193298339845 0.2604325771331787 0.026718997955322288 0.04782342910766599
16 0.3319821357727051 0.3389705181121826 0.02593641281127934 0.0469371795654297
17 0.24703490734100342 0.249564790725708 0.027996349334716814 0.05914764404296874
15 0.36026303768157963 0.2581062316894531 0.026716899871826183 0.04779500961303709
51 0.44521641731262207 0.4346790790557862 0.022789382934570335 0.07024745941162108
56 0.446591854095459 0.17657259702682493 0.026590728759765647 0.05893967151641846
26 0.3752118110656738 0.5353694915771484 0.025098133087158192 0.045047760009765625
28 0.35858778953552245 0.6339702129364013 0.03022565841674807 0.0945429801940918
16 0.5198185920715332 0.27402772903442385 0.025486755371093683 0.044387722015380826
33 0.2445765733718872 0.4332442283630371 0.02628669738769529 0.051675605773925826
16 0.35844295024871825 0.34140357971191404 0.02574324607849121 0.04755525588989257
41 0.5247653007507325 0.7798971652984619 0.039002609252929754 0.044633007049560525
26 0.34939069747924806 0.5349306106567383 0.025439643859863303 0.045221805572509766
23 0.4408091068267822 0.347689437866211 0.02627792358398434 0.047693443298339855
16 0.4413901329040527 0.26711063385009765 0.024669647216796875 0.04701719284057615
54 0.5131970405578613 0.4392031192779541 0.022983074188232422 0.06852760314941403
59 0.45064773559570315 0.5275758266448974 0.022386646270751986 0.06849641799926753
16 0.4672530651092529 0.27015321254730223 0.02457389831542972 0.04478487968444822
59 0.4978633880615234 0.5294954776763916 0.021830368041992176 0.06986837387084965
59 0.5446837902069093 0.5317779541015626 0.021372890472412087 0.06831159591674807
19 0.41234607696533204 0.34536137580871584 0.028005981445312522 0.04753746986389157
26 0.24482045173645017 0.5308561325073242 0.02646746635437011 0.05009651184082031
28 0.42008919715881343 0.6339885711669921 0.03028411865234376 0.09744930267333984
17 0.2758745670318603 0.2489922046661377 0.02804594039916991 0.050371074676513694
19 0.5466609954833984 0.2761992931365967 0.0245208740234375 0.04342660903930662
28 0.38912634849548344 0.6334305286407471 0.030119609832763683 0.09735326766967767
28 0.32668266296386717 0.6337167739868164 0.03187751770019531 0.09376811981201172
16 0.384714674949646 0.3434102535247803 0.025153636932373047 0.04723339080810551
28 0.4513858795166016 0.6358940124511718 0.030678749084472656 0.09571590423583987
59 0.47444519996643064 0.5283927917480469 0.02211942672729489 0.0694112777709961
25 0.49158029556274413 0.3520083904266358 0.02375659942626951 0.046738338470458995
25 0.5404077053070069 0.35503110885620115 0.023112583160400324 0.04578857421874999
24 0.5650149822235107 0.36432907581329343 0.02420244216918943 0.06107697486877445
25 0.5163187026977539 0.3537715673446655 0.023490715026855513 0.046233415603637695
17 0.3051835298538208 0.2526005744934082 0.02907419204711914 0.04973745346069339
41 0.5262620449066162 0.7306095123291017 0.042713832855224565 0.05242357254028318
19 0.5717610359191894 0.28635573387145996 0.024071121215820335 0.06133918762207036
52 0.4685952186584473 0.4365484237670898 0.0222625732421875 0.06894702911376954
44 0.4222709655761719 0.7688424110412597 0.036562442779541016 0.037231063842773415
56 0.5034757614135742 0.18314218521118164 0.023082733154296875 0.05716094970703123
16 0.41464262008666997 0.26383099555969236 0.024991703033447277 0.04675102233886716
25 0.4667265892028809 0.35006709098815914 0.02374858856201173 0.046762657165527355
31 0.4809326171875 0.6417205333709717 0.026093101501464877 0.08426141738891602
44 0.4215091705322266 0.800465202331543 0.03533630371093749 0.02937030792236328
5 0.3182995796203613 0.7996615409851074 0.03845682144165041 0.13540439605712895
34 0.2712955951690674 0.43407325744628905 0.025592994689941417 0.04972972869873049
28 0.29446413516998293 0.6323084354400634 0.030351734161376986 0.09244318008422858
31 0.5092015316611842 0.6417205333709717 0.026093101501465044 0.08426141738891602
28 0.25934215052086007 0.6305951678962038 0.030351734161376986 0.09244318008422858
51 0.4194775607234748 0.43543610424958457 0.022789382934570335 0.07024745941162108
55 0.5355801841085271 0.4401950096899225 0.020439680232558155 0.06434714147286824
