43 0.28176040510445133 0.33764259324482016 0.11706187208276414 0.08964608058686241
43 0.29209969386811246 0.4202679632357127 0.10842356308344722 0.06500966779086975
43 0.31429303278688525 0.4847912397540983 0.09605532786885251 0.06403688524590162
44 0.40650573511704746 0.34500794679957875 0.11615274627576161 0.0921697564463797
44 0.41406438997751593 0.4212852158398793 0.10143064627447629 0.06297516258253644
44 0.42715804303278687 0.482389856557377 0.09445440573770492 0.056032274590163966
41 0.524999256202397 0.3490547221866462 0.11615274627576166 0.12739004333162562
41 0.5261400566726435 0.46085800976918256 0.10030777727971307 0.08981284330885697
41 0.6400806864754098 0.45677510245901637 0.10405993852459017 0.10085809426229508
41 0.6495361328125 0.3450524168587773 0.11257595486111116 0.11938543267588791
41 0.7832437039290187 0.3424620359104622 0.11550542001081521 0.12776803883481325
41 0.7565727859246927 0.45239202224926 0.10330950627561475 0.10810115515425772
46 0.4187661125066102 0.6031432814978848 0.1336511766261237 0.11503400152035959
46 0.5502999405076678 0.6052670854541248 0.11203872785563196 0.11130282010179804
46 0.6728673135080645 0.6130005722005551 0.12207031249999989 0.11579573059888959
46 0.2927257713346113 0.6023815524193548 0.11055400168561608 0.10710685483870963
