36 0.5293314435840708 0.37766178097345127 0.062223451327433676 0.057038163716814194
36 0.5911227876106194 0.38155074668141586 0.062223451327433565 0.058766592920353966
36 0.6559388827433628 0.3845754977876106 0.062223451327433565 0.058766592920353966
36 0.5794558904867256 0.5619555448008848 0.060495022123893794 0.05487762721238931
36 0.5148558490044247 0.5667087251106194 0.0678408462389381 0.052284983407079544
36 0.4461507881637167 0.5662766178097345 0.06784084623893805 0.052284983407079544
36 0.45589281719200553 0.6301374159478472 0.07263325606542714 0.05333136279457085
36 0.5313843902257134 0.6251975070224719 0.06912202011037105 0.0504740168539326
36 0.597166572897764 0.6227341555477528 0.06299107295447215 0.0479887201544944
58 0.43711319686830097 0.8110644912363272 0.06893233317759556 0.0590385252913207
58 0.5061752159140879 0.7963737555309733 0.0627325327735942 0.05703816371681414
58 0.5718555256486011 0.7872995022123893 0.06013988896828448 0.05185287610619471
58 0.5809297789671852 0.8443376659292035 0.06013988896828448 0.05185287610619471
58 0.5163682245575222 0.8598935287610618 0.06395188053097373 0.060495022123893794
58 0.44485446626106206 0.8786901963495575 0.07216191924778792 0.05833448561946908
34 0.5927734375 0.9398490287162162 0.030088682432432456 0.08762668918918926
34 0.6223342483108107 0.9345703125 0.027449324324324453 0.08815456081081086
33 0.6487278293918919 0.924144847972973 0.02586570945945943 0.08208403716216217
33 0.675121410472973 0.9182062922297297 0.024809966216216228 0.0791807432432432
