47 0.7436758995056152 0.213646799325943 0.02594280242919922 0.07760475873947145
26 0.34714205265045167 0.48736205101013186 0.029977416992187478 0.06471557617187501
45 0.3961761713027954 0.6284856796264648 0.06642994880676267 0.07351646423339853
26 0.31583738327026367 0.48782601356506344 0.030611419677734397 0.06532535552978513
26 0.2835479736328125 0.48773832321166993 0.0326838493347168 0.06584892272949217
15 0.2702798843383789 0.13227796852588652 0.03787517547607422 0.09461984038352965
19 0.44824790954589844 0.29600338935852055 0.031095504760742188 0.08190364837646485
23 0.6466248512268067 0.31687369346618655 0.02503833770751951 0.06927137374877929
15 0.19286541938781737 0.11881548166275024 0.031869459152221696 0.09823343753814696
26 0.2500904560089111 0.4870832443237305 0.03234720230102536 0.06692523956298829
47 0.7179495334625243 0.21011564731597898 0.027218723297119163 0.08066368103027341
52 0.386521577835083 0.39227087497711177 0.028626632690429643 0.09453101158142091
19 0.5071701049804688 0.3026876926422119 0.023628711700439453 0.07944488525390625
54 0.44744319915771485 0.39549684524536133 0.025705718994140647 0.09326114654541018
47 0.691993236541748 0.205858713388443 0.025972175598144576 0.08355225324630738
19 0.3823493003845215 0.28835818767547605 0.0338310241699219 0.0827376842498779
26 0.18681581020355226 0.48419675827026365 0.02520830631256102 0.06845760345458984
15 0.3476693630218506 0.1480039596557617 0.036489772796630904 0.09199013710021973
14 0.5166686058044434 0.17964004278182982 0.03331212997436517 0.08556501865386965
15 0.2296896457672119 0.12523040771484376 0.041617965698242165 0.09947972297668457
16 0.26951682567596436 0.27360024452209475 0.039872169494628906 0.08942732810974122
19 0.4800116539001465 0.30057337284088137 0.030923461914062478 0.08123359680175785
41 0.34438071250915525 0.759581184387207 0.042447566986083984 0.04328937530517574
16 0.30914154052734377 0.27918190956115724 0.036075592041015625 0.08674049377441406
19 0.41639041900634766 0.2917184114456177 0.032181167602539085 0.0832343578338623
15 0.41809720993041993 0.16133947372436525 0.033310317993164085 0.08923215866088866
24 0.7701304435729981 0.33201918601989744 0.024952697753906183 0.06769256591796874
26 0.3783121585845947 0.4863677978515625 0.02963314056396482 0.06423645019531249
25 0.6732042312622071 0.320936393737793 0.027890777587890603 0.07071075439453123
26 0.21658573150634763 0.4845873832702636 0.03266515731811523 0.06866722106933593
16 0.34530105590820315 0.28309807777404783 0.034467267990112294 0.08453149795532228
26 0.24920578002929689 0.5550686836242675 0.03218526840209959 0.06355476379394531
26 0.28165178298950194 0.5544354438781738 0.030119991302490212 0.06144523620605469
54 0.4177618503570557 0.3926711559295654 0.029617500305175792 0.09602880477905273
26 0.313093614578247 0.5539987564086915 0.02982611656188966 0.06108379364013672
14 0.48490152359008787 0.17482712268829345 0.02926158905029297 0.08959765434265138
26 0.21547937393188477 0.5560264587402344 0.03226861953735349 0.06743640899658199
1 0.5309976100921632 0.7637709617614745 0.028630828857421853 0.09592781066894529
16 0.22671768665313718 0.26860389709472654 0.039331340789794916 0.09161739349365233
15 0.30981163978576665 0.14166021347045898 0.03781871795654296 0.09680955410003661
15 0.38345248699188234 0.15469553470611572 0.033199644088745095 0.08642935752868652
26 0.3439768075942993 0.5524171829223633 0.029723978042602517 0.06213779449462886
26 0.37415056228637694 0.5487954139709472 0.030210494995117188 0.0654306411743164
25 0.6999519348144532 0.3242522716522217 0.02596073150634759 0.06961765289306637
28 0.6119339942932129 0.5435004234313965 0.02663917541503913 0.09613571166992191
45 0.3222076416015625 0.6279134750366211 0.07882299423217776 0.06274776458740239
26 0.18626983165740968 0.5575404167175293 0.024492216110229476 0.0693918228149415
56 0.6669570922851562 0.19928699731826782 0.027019500732421875 0.08864090442657468
52 0.35601253509521485 0.3901329040527344 0.02892103195190432 0.09552812576293945
59 0.42963542938232424 0.5346833229064941 0.025482654571533203 0.08295173645019527
59 0.4031390190124512 0.5374274253845215 0.024681663513183627 0.08436450958251956
59 0.4560081481933594 0.5333844184875488 0.02608070373535154 0.08347797393798828
25 0.7253382682800293 0.32617707252502437 0.02513751983642576 0.06794567108154298
34 0.21982545852661134 0.3961122989654541 0.036855220794677734 0.07876081466674806
41 0.24712166786193845 0.7779523849487304 0.04649877548217771 0.04394130706787103
18 0.5979515552520752 0.31300153732299807 0.022396278381347612 0.0682074546813965
41 0.29033606052398686 0.8403584480285644 0.04130582809448241 0.032544517517089866
14 0.4520259857177734 0.1681911826133728 0.033305835723876964 0.09146940708160399
29 0.6326118469238281 0.7400313377380371 0.03213691711425781 0.1102840423583984
1 0.5634224891662598 0.7612388610839844 0.03168754577636712 0.09556369781494134
28 0.5837480545043945 0.5440264701843261 0.029656410217285156 0.09695110321044925
28 0.6380413055419922 0.5429142951965332 0.02627143859863279 0.09436073303222653
16 0.19165184497833254 0.2657784461975098 0.029228591918945307 0.09382486343383792
41 0.29815258979797366 0.7625209808349609 0.0405594825744629 0.04388370513916018
41 0.3398409605026245 0.8019804000854492 0.041177892684936546 0.03978805541992192
24 0.7960033416748047 0.33457293510437014 0.026086044311523393 0.06611642837524417
41 0.3357139825820923 0.835114860534668 0.0430240154266357 0.028860092163085938
28 0.6637937545776367 0.5416613578796386 0.02835140228271482 0.0947820663452148
41 0.293806505203247 0.8041692733764648 0.03841657638549806 0.03720169067382817
29 0.6667515754699707 0.7359856128692628 0.03275432586669924 0.10724315643310545
45 0.44806370735168455 0.6218703269958497 0.03855381011962894 0.07258911132812507
29 0.5988989830017091 0.7435709953308105 0.03330221176147463 0.11364440917968743
28 0.7204651832580566 0.54092378616333 0.02962970733642578 0.09464778900146487
31 0.6538369981866132 0.43781795710848087 0.02182161766186097 0.09750005069531886
56 0.636873435974121 0.19673418998718262 0.03280906677246087 0.08898048400878905
41 0.19367400407791135 0.7840904235839844 0.04176595211029052 0.048195838928222656
42 0.19275290966033937 0.8292366981506347 0.03817391395568848 0.04051227569580085
42 0.6133447170257569 0.6381519317626954 0.03375253677368162 0.028011131286621027
24 0.7604726791381836 0.3309014797210693 0.04294395446777344 0.06882910728454589
51 0.32428717613220215 0.3871347904205322 0.029917240142822266 0.09602146148681645
55 0.4747720718383789 0.3955082893371582 0.02762069702148434 0.09088201522827144
25 0.7474096775054933 0.3296720266342163 0.02128944396972654 0.0677943229675293
28 0.6912114143371582 0.5410778999328614 0.028070449829101562 0.09420909881591799
43 0.6885597229003906 0.6340338706970214 0.04244499206542962 0.028914451599121094
24 0.7480545043945312 0.33080830574035647 0.02225141525268559 0.06843047142028807
41 0.24481301307678222 0.8203901290893555 0.04312219619750976 0.03942031860351558
31 0.6026732921600342 0.43462427854537966 0.03031444549560547 0.09473059177398685
23 0.6211421012878418 0.31534180641174314 0.02522621154785154 0.06930961608886715
0 0.5019036387743769 0.7659012552000979 0.025531510004894287 0.10094145889804973
42 0.6090615481661077 0.668990747552169 0.03375253677368162 0.028011131286621027
42 0.5773660986047042 0.6355820304469058 0.03375253677368162 0.028011131286621027
42 0.5405308464117218 0.6372952979907653 0.03375253677368162 0.028011131286621027
42 0.5340970412766248 0.6665383847576067 0.03634054178071755 0.02653294078521584
42 0.5722978864784514 0.6665169695842099 0.0347848823989626 0.030767026496816396
43 0.6802239806866953 0.6622645161182583 0.0352065450643777 0.023345163042453265
28 0.554318480525943 0.5449582950674373 0.02247464090800122 0.0936823275449466
58 0.2522786458333333 0.6455078125 0.05664062499999997 0.033203125
36 0.24876644736842102 0.6794133771929824 0.062362938596491224 0.039610745614035214
36 0.1960177951388889 0.6910626446759259 0.05031105324074073 0.0356264467592593
61 0.4339992717161017 0.7282094147245762 0.024827860169491567 0.050483315677966045
61 0.42282673463983056 0.7747616525423728 0.03062102754237289 0.03848318326271194
61 0.4193094544491526 0.8144862288135593 0.029379634533898302 0.03765558792372892
61 0.38165386652542377 0.8235897775423728 0.042621159957627164 0.031862420550847426
61 0.3843435513771186 0.7871755826271186 0.043034957627118675 0.040138373940677985
61 0.3942746954449153 0.7373129634533899 0.052966101694915335 0.056276483050847426
44 0.6503140318627452 0.6302083333333333 0.03319035947712423 0.03382863562091509
44 0.6429738562091504 0.6630795547385621 0.029998978758170036 0.02680759803921573
31 0.7043736190126653 0.4387492012559322 0.025238609313964933 0.09422273635864259
31 0.7326425334863494 0.4370359337120725 0.025238609313964933 0.09422273635864259
31 0.7609114479600336 0.4378925674840024 0.025238609313964933 0.09422273635864259
31 0.6786746058547705 0.4378925674840024 0.025238609313964933 0.09422273635864276
31 0.6315645201164379 0.4352480557926914 0.02182161766186097 0.09750005069531886
