41 0.2775125503540039 0.9362764358520508 0.0675626754760742 0.06270103454589848
41 0.35909409523010255 0.31488838195800783 0.0807379722595215 0.1091257572174072
41 0.5808328628540038 0.9317910194396972 0.06584224700927732 0.06660404205322268
41 0.5106786951105644 0.8685977793754417 0.06725120544433594 0.06669464111328138
41 0.5925436973571778 0.6657644748687743 0.06355228424072268 0.07602605819702146
41 0.584941804323265 0.8651061654948503 0.06658096313476569 0.0651702880859375
41 0.3806743860244751 0.5138273715972901 0.07715449333190921 0.07760562896728518
41 0.44539451599121094 0.4151251792907715 0.07938938140869145 0.08173933029174807
41 0.5294579982757568 0.4196768283843994 0.07830171585083007 0.07849416732788084
41 0.36220607757568357 0.4126212239265442 0.07662162780761722 0.08009831905364989
41 0.5056676864624023 0.9355629920959472 0.059731864929199185 0.05802497863769529
41 0.612615966796875 0.42137594223022456 0.07301597595214848 0.08378915786743163
41 0.3754734516143799 0.594834566116333 0.0722230911254883 0.08009510040283208
41 0.4310615062713623 0.9353181838989257 0.06255693435668941 0.06203727722167962
41 0.3547130107879639 0.9325527191162108 0.06275553703308107 0.06037483215332029
41 0.5344562530517578 0.3219233751296997 0.08018417358398433 0.10787992477416997
41 0.4530920505523682 0.5897558212280274 0.06999263763427732 0.07991371154785154
41 0.538310956954956 0.5190486907958984 0.06953010559082029 0.07705631256103512
41 0.6208033084869384 0.3255368709564209 0.07999820709228522 0.11166801452636715
41 0.2719762325286865 0.8666767120361328 0.0653543472290039 0.07058315277099614
41 0.3708666801452637 0.6709128379821777 0.07187662124633792 0.06828718185424809
41 0.3518025875091553 0.8633112907409668 0.06797924041748049 0.06769027709960929
41 0.2911070346832275 0.6686904907226563 0.06888790130615235 0.07552032470703118
41 0.5964113235473633 0.5854506492614746 0.0622156143188477 0.0784866333007812
41 0.4602505683898926 0.5124617576599121 0.06657371520996092 0.06879920959472652
41 0.52031569480896 0.6720615386962892 0.0686114311218261 0.06422557830810549
41 0.4474032402038574 0.3174257278442383 0.08095207214355471 0.10584669113159184
41 0.4466057777404785 0.669224739074707 0.06584148406982421 0.07281484603881827
41 0.528409481048584 0.5980839729309082 0.06709098815917969 0.07812728881835929
41 0.4317569255828857 0.865389060974121 0.06870622634887696 0.0647605895996094
41 0.29489879608154296 0.591331672668457 0.07501306533813479 0.08153247833251953
41 0.27227683067321773 0.4138847827911377 0.081618595123291 0.0800899505615234
41 0.29656162261962893 0.5142385482788085 0.07270412445068358 0.07259883880615237
61 0.2636435688405797 0.31105638586956524 0.0905797101449276 0.11322463768115942
