18 0.43643665313720703 0.44072790145874025 0.03223552703857424 0.07024135589599612
34 0.5588800430297851 0.655029296875 0.02774314880371087 0.059656715393066495
47 0.502782440185547 0.5340614318847656 0.029574775695800803 0.07191333770751956
56 0.4079456806182861 0.5330570697784424 0.030025386810302757 0.07235774993896488
24 0.5973820686340332 0.4431733608245849 0.03103981018066415 0.07775373458862306
14 0.5080933570861816 0.33170826435089107 0.03325500488281247 0.08006854057312013
23 0.502199935913086 0.4429948329925537 0.03139858245849603 0.07314901351928715
17 0.4060862064361572 0.32885208129882815 0.03353900909423824 0.08078107833862308
19 0.36935369968414306 0.44054508209228516 0.031978607177734375 0.07390136718749996
51 0.4665245056152344 0.7401178359985352 0.025442123413085938 0.07820205688476556
18 0.40325307846069336 0.44035811424255367 0.03307123184204097 0.07218389511108397
19 0.33572874069213865 0.438736629486084 0.0339344024658203 0.07670450210571289
26 0.35779266357421874 0.6522549629211425 0.02773847579956057 0.0638460159301758
54 0.5216651916503906 0.741215705871582 0.026856708526611373 0.07989435195922856
24 0.23645310401916503 0.46340503692626955 0.030842208862304682 0.06548404693603516
34 0.6155236244201661 0.6574410438537598 0.02799720764160163 0.0660848617553711
26 0.3862310409545898 0.6529680728912354 0.0274059295654297 0.06017227172851558
34 0.5873169422149658 0.6563076972961426 0.026553630828857422 0.0645247459411622
56 0.439358901977539 0.5327730655670166 0.030716705322265614 0.07243061065673834
16 0.5759747982025146 0.33262732028961184 0.032963466644287065 0.07823820114135743
16 0.5420583724975585 0.3316338062286377 0.032570266723632835 0.07914934158325193
24 0.630295181274414 0.44371762275695803 0.032663249969482444 0.0802596092224121
17 0.3343576192855835 0.32588033676147465 0.03951859474182129 0.08117599487304689
26 0.44398422241210933 0.6557709693908691 0.028438377380371083 0.06029376983642576
17 0.3714289665222168 0.32705471515655515 0.03434357643127439 0.08135828971862796
14 0.43985595703125 0.3305752754211426 0.03279476165771483 0.08254079818725585
59 0.4139922142028809 0.7392998695373535 0.0259868621826172 0.07832508087158208
56 0.4712201118469238 0.5335096836090087 0.02968015670776364 0.07186994552612302
16 0.6424592971801757 0.33253989219665525 0.031854534149169944 0.07811212539672852
14 0.47391376495361326 0.3314054489135742 0.032615756988525424 0.08079395294189451
25 0.5343543529510498 0.44300293922424316 0.03093795776367192 0.07307195663452148
16 0.1989070177078247 0.3398317337036133 0.03484797477722168 0.08011226654052733
23 0.46952476501464846 0.44153661727905275 0.031463623046875 0.07122335433959959
16 0.16408867835998536 0.3392498016357422 0.0330510139465332 0.0794247627258301
47 0.5343088150024414 0.5348736763000488 0.029772567749023482 0.073551082611084
16 0.6094478607177735 0.33259263038635256 0.0324193954467773 0.0789681434631348
26 0.41472558975219725 0.6540827751159668 0.027881050109863303 0.059669876098632724
52 0.49391994476318357 0.7409166336059569 0.026403236389160145 0.07985630035400393
25 0.5656659603118896 0.4430697441101074 0.030688571929931685 0.07444610595703127
59 0.3870660066604614 0.7388038635253906 0.02615532875061033 0.08114051818847656
16 0.13616669178009033 0.3381264448165894 0.021843576431274436 0.07858424186706542
33 0.5298293590545655 0.655413818359375 0.027789211273193337 0.057510757446289085
59 0.35948128700256343 0.7408678531646729 0.027495098114013683 0.08420429229736337
25 0.1393822431564331 0.4626008987426758 0.027126359939575184 0.0653524398803711
16 0.22957625389099123 0.3396316051483155 0.026193761825561518 0.07885293960571288
33 0.5013907432556153 0.656423282623291 0.026687908172607355 0.05529289245605462
25 0.17001270055770873 0.46282353401184084 0.033479237556457514 0.06579999923706054
25 0.2042616128921509 0.46364240646362304 0.0333183765411377 0.06500282287597658
51 0.44046554565429685 0.7393796920776368 0.024018573760986317 0.07799892425537103
33 0.4730389287394863 0.6585234170318932 0.0266879081726073 0.05529289245605462
55 0.5477430555555556 0.7395833333333334 0.02430555555555558 0.07725694444444442
