18 0.41497125625610354 0.42899953126907353 0.03656330108642575 0.06596391201019286
18 0.3769363880157471 0.4302371501922607 0.03755044937133789 0.06706686019897462
18 0.6247714996337891 0.4216033101081848 0.03242378234863286 0.0639400243759155
18 0.5229743003845215 0.42562165260314944 0.03448829650878904 0.06434354782104496
18 0.451962661743164 0.42782683372497554 0.03544025421142577 0.06494874954223634
18 0.5579214572906495 0.42424689531326293 0.03301429748535156 0.06387403011322024
18 0.5914311885833741 0.4231595993041992 0.03266963958740232 0.06372222900390623
18 0.3802019119262695 0.538442325592041 0.03590679168701172 0.0637142181396485
18 0.33811798095703127 0.43111109733581543 0.0386368751525879 0.06805038452148438
16 0.29103102684021 0.33245534896850587 0.04495525360107422 0.0938730239868164
18 0.487747859954834 0.42672038078308105 0.034554672241211004 0.06427831649780269
15 0.6012695789337158 0.08842805624008178 0.033880519866943404 0.07524027824401855
18 0.41639461517333987 0.5361521720886231 0.03502883911132809 0.06268157958984377
18 0.30242252349853516 0.5428082466125488 0.0393249034881592 0.06562881469726556
14 0.45509271621704106 0.20915091037750244 0.037569808959960926 0.07386126518249514
15 0.6365312576293944 0.09196074008941652 0.03485498428344724 0.07400476932525636
15 0.6724602699279785 0.10188855826854705 0.0355072021484375 0.08951860070228576
16 0.6022202968597412 0.21430487036705018 0.03375034332275395 0.07072430849075317
14 0.49352703094482425 0.21116065979003906 0.036084556579589866 0.07216711044311525
14 0.33044207096099854 0.20302501320838928 0.04133496284484861 0.07783831357955934
14 0.414352560043335 0.20703110694885254 0.040491580963134766 0.07512159347534181
18 0.4527010440826416 0.5346639156341553 0.03538084030151367 0.06029005050659175
54 0.3757054328918457 0.7250632762908935 0.032507038116455056 0.09409875869750983
18 0.34171237945556643 0.5409538269042968 0.03844165802001953 0.06437435150146487
52 0.47026748657226564 0.710057544708252 0.02899370193481443 0.09089040756225586
16 0.6304690361022949 0.3223396301269531 0.0327911376953125 0.06590948104858402
19 0.297586727142334 0.43480596542358396 0.04013833999633787 0.07285919189453122
14 0.5306661605834961 0.21296773552894593 0.03540649414062502 0.07013520002365112
16 0.3744421482086182 0.32218227386474607 0.03855590820312499 0.07166175842285155
14 0.3728827953338623 0.20575055480003357 0.040369272232055664 0.07601281404495241
16 0.4138326644897461 0.32288439273834224 0.038043212890624956 0.06946272850036622
59 0.3074990749359131 0.7373823165893555 0.03659849166870116 0.10883140563964844
54 0.4080898284912109 0.7198473930358886 0.03055458068847655 0.09350662231445306
14 0.5668022155761718 0.21344501972198487 0.03471317291259768 0.0705808162689209
26 0.646541976928711 0.5220307826995849 0.029688644409179732 0.06688146591186522
16 0.3343759536743164 0.3216929197311401 0.03969573974609375 0.07227621078491214
16 0.4897392272949219 0.323285436630249 0.036091995239257824 0.06828465461730954
16 0.5260150909423829 0.32333903312683104 0.034327125549316384 0.06846151351928709
16 0.4525413513183594 0.32319440841674807 0.03621110916137693 0.06854953765869137
16 0.5959218978881835 0.3227864742279053 0.0346494674682617 0.06617703437805172
18 0.6577624320983886 0.4211420059204102 0.03170337677001955 0.06469116210937503
29 0.3289755474437367 0.9094904119318181 0.0578248284079812 0.18101917613636365
29 0.44158592224121096 0.9085917949676514 0.05461101531982421 0.1828164100646973
16 0.5610514640808106 0.3231499195098877 0.03379764556884768 0.0670646667480469
29 0.3858151891014793 0.9081032492897727 0.054744724793867605 0.18379350142045459
28 0.5687366832386365 0.9257923473011364 0.035511363636363646 0.13261274857954541
25 0.4877788066864014 0.5312583446502686 0.03278064727783203 0.06030187606811532
17 0.3194423198699951 0.06322817206382751 0.042663192749023415 0.08298228979110718
25 0.5545332908630372 0.5267058372497558 0.032034683227538996 0.06103210449218749
17 0.36217331886291504 0.06694386601448059 0.04178943634033205 0.0817846179008484
16 0.6711143493652344 0.2160660266876221 0.034052371978759766 0.07101821899414065
17 0.2753661870956421 0.05927492529153824 0.044175481796264626 0.08450994193553925
17 0.404432725906372 0.07031589597463608 0.041699600219726574 0.08022177517414093
25 0.5212253093719483 0.5289570808410644 0.0330172538757324 0.06078033447265624
16 0.636370849609375 0.21538238525390627 0.03171749114990241 0.06978816986083985
17 0.5264340877532959 0.08254705816507339 0.037396907806396484 0.0769147127866745
16 0.6640832901000977 0.3231449365615845 0.03113479614257819 0.06689047813415527
14 0.28617610931396487 0.2089780390262604 0.04372367858886722 0.09749468564987185
17 0.4462641716003418 0.07518949508666992 0.0398101806640625 0.07949590682983398
17 0.48700294494628904 0.078814297914505 0.04013938903808589 0.07778233289718628
28 0.6038355827331543 0.6721024513244629 0.03392305374145499 0.12161531448364249
17 0.5640920639038085 0.08571522235870362 0.036977195739746116 0.07394711971282958
28 0.56779706622615 0.6764430855259751 0.03687272360830596 0.12833598165801086
28 0.6380021861105254 0.6695528680627996 0.03369850100892968 0.12106596339832654
25 0.5857637405395508 0.5248616218566895 0.030060100555419855 0.06012268066406251
28 0.6035729739976967 0.9191223310387655 0.0329872131347656 0.12076911926269573
28 0.5300366950757576 0.6816998106060606 0.034623579545454475 0.1319839015151517
3 0.637867802782021 0.8835705384842234 0.032789629155939304 0.14934756782813075
51 0.43989852071328794 0.714918415442757 0.02883067596472849 0.09024783632029665
52 0.4986552611641262 0.7066572230795155 0.027018621693486677 0.0896476662677268
34 0.6162919044494629 0.5219156217383571 0.028359603881835893 0.06235275268554685
28 0.532995058598867 0.9328281001829808 0.035511363636363646 0.13261274857954553
28 0.4910980887513564 0.935544149688607 0.0445251224988541 0.1298643916197274
