1 0.2998027801513672 0.8321313858032227 0.03304615020751955 0.09610462188720703
0 0.36911852359771724 0.8340488195419311 0.03277139663696288 0.09716992378234857
47 0.2940427303314209 0.30949423313140867 0.02684478759765624 0.07222766876220704
17 0.2672707557678223 0.3931976318359375 0.025945281982421853 0.04802999496459964
52 0.6202094078063964 0.582614517211914 0.02329807281494134 0.07280540466308594
29 0.6751139163970947 0.8376361846923828 0.04141988754272452 0.12097339630126946
59 0.6936317443847657 0.5870826721191407 0.02512493133544924 0.07664508819580085
19 0.4239474296569824 0.6786556243896484 0.021055793762207065 0.03881759643554683
19 0.40122480392456056 0.6777382850646972 0.02334604263305662 0.03944272994995113
47 0.32173192501068115 0.31104388236999514 0.02303204536437986 0.06833148002624512
24 0.6713761329650879 0.494707727432251 0.028361034393310502 0.04488258361816411
17 0.24166283607482908 0.39204721450805663 0.024800777435302707 0.04842710494995117
54 0.6452877044677734 0.5849871635437012 0.024557304382324285 0.07355175018310556
19 0.37720141410827634 0.6767014026641847 0.023160839080810514 0.03960762023925779
19 0.6649971008300781 0.3219303607940674 0.02778491973876962 0.05081233978271482
16 0.3957399845123291 0.5427435874938965 0.022251129150390625 0.046518135070800826
17 0.216613507270813 0.3903675079345703 0.024851036071777355 0.04904375076293943
14 0.27787349224090574 0.46719608306884763 0.02713890075683595 0.047094154357910145
51 0.5750314712524414 0.578540563583374 0.022319126129150324 0.07438678741455074
15 0.42502603530883787 0.40083132982254027 0.02183284759521481 0.0478563070297241
14 0.30571718215942384 0.4696456909179687 0.02651014328002932 0.04513912200927733
14 0.3866969347000122 0.4740752696990967 0.02598581314086912 0.04588022232055666
19 0.6098307609558105 0.31982836723327634 0.026955032348632835 0.051759910583496105
19 0.637396764755249 0.32077410221099856 0.02666673660278318 0.05138382911682132
15 0.3734457969665527 0.3985749959945679 0.02626380920410154 0.04783301353454589
14 0.413427734375 0.47560625076293944 0.02670660018920895 0.04583110809326174
15 0.2933566331863403 0.3950526714324951 0.025407791137695312 0.0486575126647949
15 0.3459428310394287 0.39761953353881835 0.026305389404296886 0.04795494079589846
17 0.19045349359512329 0.3888564109802246 0.026960539817810047 0.048852634429931596
25 0.7143645286560059 0.4043108940124511 0.027494430541992188 0.05735187530517577
19 0.5548947334289551 0.3180257320404053 0.02663621902465818 0.05130062103271488
16 0.3723849058151245 0.5420076370239257 0.023057985305786177 0.04705200195312498
18 0.7513389587402344 0.32388288974761964 0.027842712402343706 0.05106749534606936
15 0.40035964250564576 0.40046420097351076 0.025997519493103027 0.04656267166137695
2 0.335077166557312 0.8334538459777832 0.03282475471496582 0.09813289642333978
29 0.5238337993621827 0.8295104026794433 0.03436355590820306 0.1171134948730469
17 0.4033010482788086 0.315436315536499 0.026415348052978516 0.06352777481079103
16 0.35779380798339844 0.6134908199310303 0.023393344879150346 0.04053831100463867
24 0.6993952751159669 0.4954685211181641 0.027038955688476585 0.04424371719360348
23 0.6923800468444824 0.322871470451355 0.025261878967285156 0.050529909133911144
25 0.5269032955169678 0.39815735816955566 0.025540828704833984 0.0603919982910156
19 0.3531580448150635 0.675288200378418 0.02332420349121095 0.039468574523925826
16 0.32284865379333494 0.5415795803070069 0.02484378814697269 0.049812698364257835
14 0.3326218605041504 0.4714632034301758 0.025498485565185525 0.046009063720703125
16 0.4090639233589172 0.6159876823425293 0.025107741355895996 0.040592956542968794
14 0.24989590644836424 0.46610593795776367 0.026554489135742182 0.04771823883056636
25 0.6865694999694825 0.4032014966011047 0.026697731018066384 0.05731809139251709
14 0.35956795215606685 0.4725931167602539 0.02737994194030763 0.0463386535644531
16 0.38303794860839846 0.6150792598724365 0.025530719757080045 0.040253639221191406
28 0.5822138786315918 0.6863470077514648 0.03164539337158212 0.08684635162353516
15 0.319212818145752 0.39640970230102535 0.0250870704650879 0.04855031967163087
29 0.6352160930633546 0.8336710929870605 0.03724966049194334 0.12403545379638681
16 0.3072939872741699 0.6123284339904784 0.02653193473815918 0.03918800354003904
25 0.494621467590332 0.48737001419067383 0.016028404235839788 0.044805812835693404
29 0.5596288204193115 0.8322494268417359 0.03559179306030269 0.11823887825012203
24 0.7269358158111572 0.49657750129699707 0.02606754302978509 0.044131565093994185
29 0.596496295928955 0.8331314086914062 0.03896045684814453 0.12105751037597656
25 0.6320817947387696 0.40114784240722656 0.02515621185302741 0.056981372833252
51 0.5971875190734863 0.579599142074585 0.02055969238281241 0.0735478401184082
16 0.3334613800048828 0.6124681472778319 0.024475765228271495 0.040517234802246116
25 0.6589293956756592 0.40201292037963865 0.025864601135253906 0.05692443847656253
25 0.5413682937622071 0.4886300086975098 0.02508811950683587 0.046117973327636785
25 0.5532957077026367 0.3992138147354126 0.025945854187011674 0.05948843955993649
17 0.3761605262756348 0.3146956920623779 0.026835823059081998 0.06351270675659176
25 0.6191229343414306 0.4925938606262207 0.025198936462402344 0.04472160339355469
17 0.4269148826599121 0.3161143779754639 0.020005798339843728 0.06254281997680666
16 0.41932039260864257 0.5444269180297852 0.02452983856201174 0.04688177108764657
19 0.528063440322876 0.31714744567871095 0.02610158920288086 0.050436115264892556
19 0.2820446014404297 0.6715456008911133 0.0229977607727051 0.039012908935546875
19 0.5824402809143067 0.3188157558441162 0.026886177062988237 0.05179023742675781
25 0.5934110641479493 0.4910555839538574 0.024675941467285134 0.04568910598754883
25 0.5795131683349609 0.40018630027770996 0.025664329528808594 0.05833444595336912
25 0.6057289123535157 0.40072764158248897 0.025263977050781317 0.05759184360504149
25 0.6443441390991211 0.4935275077819824 0.024518394470214866 0.044471454620361284
25 0.5677763938903808 0.4897191047668457 0.025824546813964844 0.04593238830566404
31 0.6114243507385253 0.6919207572937012 0.02619371414184568 0.07936439514160165
3 0.2649569034576416 0.8313291549682618 0.034743213653564475 0.09426212310791016
17 0.34789137840271 0.3143399715423584 0.027910995483398426 0.06381173133850099
16 0.3483497142791748 0.5417781829833985 0.02282238006591797 0.048905467987060525
19 0.3296207666397095 0.6742506504058838 0.022742795944213856 0.03884420394897459
25 0.5155006408691407 0.48788480758666997 0.025395298004150413 0.045714569091796886
5 0.40330753326416013 0.8363212585449219 0.03242712020874022 0.09849338531494145
19 0.2110386848449707 0.6687156200408935 0.019420146942138672 0.03815040588378904
19 0.30654377937316896 0.6730175018310547 0.023241519927978516 0.039008712768554776
19 0.23363156318664552 0.6690971374511718 0.024348449707031233 0.038885307312011785
25 0.7425713539123535 0.4049980640411377 0.02761154174804692 0.05755815505981443
29 0.49163093566894533 0.8260700225830078 0.027680397033691406 0.11829833984374993
14 0.30001440048217776 0.5400030136108398 0.020453310012817416 0.0495582580566406
56 0.26650686264038087 0.307943058013916 0.025244140625000022 0.071865177154541
14 0.25466012954711914 0.5366612434387208 0.022745513916015647 0.04874839782714846
14 0.2227036476135254 0.46436271667480467 0.025034475326538103 0.047007369995117176
14 0.2298112392425537 0.5357224464416503 0.024212360382080078 0.05033187866210931
32 0.5226294994354248 0.6812089443206787 0.029802036285400346 0.08768062591552739
18 0.7209999084472656 0.3235033035278321 0.030567932128906183 0.05258960723876954
14 0.2562070846557617 0.6091839790344238 0.02306165695190429 0.041161727905273504
55 0.6692236423492431 0.5862606048583985 0.022233200073242143 0.0743583679199219
32 0.49435534477233883 0.6824481010437011 0.023969268798828103 0.08210992813110352
8 0.26420419216156005 0.8311102151870727 0.03370561599731445 0.09188036918640141
14 0.2778840303421021 0.5377915382385254 0.022215509414672818 0.04841823577880866
14 0.19734103679656984 0.4632735252380371 0.023736667633056624 0.04642677307128906
56 0.24169378280639647 0.30607166290283205 0.024063491821289057 0.07157039642333984
14 0.28089718818664555 0.6112725734710693 0.02510099411010741 0.0397838592529296
14 0.23231930732727052 0.6076920032501221 0.023193359375 0.0416459083557128
31 0.6917348384857178 0.6954651832580566 0.027038383483886652 0.07752962112426753
32 0.5522132873535157 0.6826877593994141 0.02998695373535154 0.0875406265258789
31 0.6627604166666666 0.6933976715686274 0.024892769607843146 0.0785079656862745
31 0.6378676470588235 0.6933976715686274 0.024892769607843146 0.0785079656862745
