15 0.3634780406951904 0.37863588333129883 0.04195213317871094 0.07648649215698244
14 0.4946925163269043 0.37969963550567626 0.041596508026123025 0.07805933952331545
54 0.5447967052459717 0.6545330524444579 0.03394927978515616 0.10631313323974612
26 0.6160285472869873 0.5331746101379394 0.037744903564453036 0.06627826690673833
14 0.4508028030395508 0.3791293382644653 0.042444038391113326 0.07764468193054197
15 0.40704798698425293 0.37897181510925293 0.041799068450927734 0.07773694992065427
18 0.3738454818725586 0.5279632091522217 0.039959335327148404 0.07282123565673826
16 0.5406022071838379 0.38007907867431645 0.04556198120117183 0.07746343612670897
3 0.3220539093017578 0.12180233001708984 0.07427148818969731 0.23168210983276366
16 0.5872584342956543 0.3800527095794678 0.04404525756835942 0.0779435157775879
19 0.6741460800170898 0.3806307315826416 0.04135265350341799 0.07943019866943357
26 0.6561729907989502 0.5322200775146484 0.03904666900634757 0.07040967941284182
47 0.3957385540008545 0.6646977424621583 0.0344395637512207 0.08176174163818362
56 0.3605896949768066 0.6643004417419434 0.034045886993408214 0.08122911453247061
29 0.4411298751831055 0.8424302101135254 0.054038047790527344 0.22505950927734375
13 0.6297213077545165 0.9084057807922363 0.06515512466430662 0.1141870498657227
25 0.4137715816497803 0.5278067588806152 0.0378746032714844 0.07070503234863285
2 0.5358416080474854 0.12240543365478516 0.06999225616455074 0.23232665061950683
25 0.5741902351379394 0.5348336696624756 0.038913726806640625 0.06095552444458008
25 0.5335072040557861 0.5354686260223389 0.03797655105590825 0.05921926498413088
25 0.45416588783264156 0.5309384822845459 0.039147090911865245 0.0661015510559082
52 0.5084720611572265 0.6563952445983887 0.03530235290527339 0.1057466506958008
2 0.4635551452636719 0.12189130783081055 0.06999378204345702 0.2319404125213623
19 0.6314342498779297 0.3804595708847046 0.04013633728027344 0.07572903633117672
17 0.3195864200592041 0.37903025150299074 0.04456110000610353 0.07809720039367679
25 0.4940647125244141 0.5350671291351319 0.03772516250610353 0.059786415100097634
28 0.39310803413391116 0.8746648550033569 0.04240932464599606 0.15149846076965334
51 0.5819637298583984 0.6554931640624999 0.03574676513671882 0.10540237426757815
5 0.6070915222167969 0.12088592052459717 0.0660598754882813 0.23754425048828123
55 0.6574716567993164 0.6582459449768067 0.03677024841308585 0.10510635375976562
31 0.35175291415864385 0.8815907393936562 0.036261870797756446 0.12981588144217981
0 0.39403960704803465 0.1226275086402893 0.06386990547180177 0.23845975399017336
4 0.6846976902173912 0.12494338768115944 0.07501132246376829 0.23918704710144925
23 0.32817704637732575 0.5340143093661305 0.04584084772153896 0.07594459555345312
6 0.4949789131637168 0.8562206167035398 0.048828125 0.20352253871681414
