46 0.2768702651515152 0.37482244318181823 0.1278409090909091 0.11659564393939398
46 0.4103338068181818 0.3736387310606061 0.1272490530303031 0.12014678030303033
45 0.5349195075757576 0.3541074810606061 0.11126893939393928 0.14737215909090906
45 0.6624644886363635 0.353219696969697 0.14500473484848475 0.13494318181818182
41 0.28242462444603755 0.5787977811137313 0.08800773103493231 0.09415464069461565
41 0.2986632508116883 0.6655083198051949 0.0773640422077922 0.08053469967532467
41 0.31546773538961037 0.7377993100649352 0.07799817370129869 0.0615107548701298
41 0.38300273944805185 0.5789493709415585 0.07990056818181823 0.08243709415584433
41 0.39283062042314437 0.6617926332620391 0.07292743610176311 0.07908823185254521
41 0.40044135551948046 0.7346286525974026 0.07799817370129869 0.0615107548701298
41 0.47812246347402587 0.5849736201298701 0.07990056818181829 0.08560775162337675
41 0.4816101866883116 0.6693131087662338 0.0779981737012988 0.0779981737012988
41 0.47932823905109495 0.7358101275150488 0.079122947080292 0.05372760080931849
61 0.5703885957792207 0.5789493709415585 0.0767299107142857 0.09511972402597402
61 0.5724823230379534 0.665273253820533 0.075844313283699 0.07499151575794893
61 0.5713397930194806 0.7339945211038961 0.07229099025974028 0.0615107548701298
42 0.6550451501623377 0.7035562094155845 0.06594967532467533 0.04755986201298701
43 0.6661247381284916 0.5911094622905029 0.07637918994413406 0.06819570530726249
43 0.6617602129888269 0.6522128142458101 0.06983240223463671 0.052919867318435676
