18 0.5776453495025635 0.37376890182495115 0.030241870880126975 0.07101612091064452
18 0.5481865882873536 0.3744986534118652 0.02881126403808587 0.07057228088378908
23 0.639649486541748 0.37174210548400877 0.03244037628173824 0.07233266830444335
47 0.6692151069641112 0.48484091758728026 0.020075225830078147 0.07521619796752932
23 0.6078396320343018 0.373261022567749 0.029062747955322266 0.07184076309204102
15 0.42964944839477537 0.2709174156188965 0.02447614669799808 0.06612510681152342
52 0.6255789279937745 0.5725015640258788 0.027011013031005837 0.08284702301025393
19 0.6336205959320069 0.2541835308074951 0.030594730377197288 0.07727222442626955
15 0.45487079620361326 0.2686851263046265 0.026184844970703114 0.06861443519592286
47 0.6458527565002441 0.48283815383911133 0.028789710998535223 0.07431640624999997
16 0.4916117668151856 0.37659878730773927 0.02730102539062501 0.06507539749145508
15 0.48184895515441895 0.26611738204956054 0.02813854217529299 0.07119779586791994
14 0.5695424556732178 0.2630268335342407 0.029736995697021484 0.07636704444885256
59 0.5951575279235839 0.6748851299285888 0.02632484436035154 0.07574481964111324
59 0.5690902709960937 0.6722712993621827 0.02330722808837893 0.07621974945068366
16 0.4636401176452637 0.3771941900253296 0.02622261047363278 0.06389241218566893
26 0.45575809478759766 0.6668044090270996 0.020926284790039107 0.051127624511718706
54 0.6529629707336426 0.575815773010254 0.02589359283447268 0.08423480987548826
14 0.6011178970336915 0.2602847576141357 0.03210535049438479 0.07810993194580079
59 0.5457978248596191 0.6699010848999023 0.021631813049316495 0.07610549926757815
24 0.4770650863647461 0.4783642768859863 0.028569030761718794 0.06303482055664056
16 0.4369570255279541 0.37694897651672366 0.024166297912597667 0.06323022842407228
18 0.520436954498291 0.3754919052124024 0.027727699279785134 0.0680978775024414
34 0.4546979904174805 0.5685587882995605 0.02119674682617184 0.05691032409667973
16 0.3876180648803711 0.3773368120193481 0.02499732971191404 0.06267161369323732
24 0.44947071075439454 0.4780478954315186 0.024827575683593728 0.06204271316528326
17 0.4052211880683899 0.2731841325759888 0.025157523155212413 0.06341004371643066
26 0.4768875122070313 0.6698729038238526 0.020446014404296886 0.05204124450683589
16 0.4124403953552246 0.37691426277160645 0.022915267944335904 0.06274499893188479
17 0.3788797378540039 0.27536721229553224 0.028045654296875 0.06507205963134766
14 0.5396154403686524 0.2646315097808838 0.02903041839599607 0.07495150566101072
14 0.5106687545776367 0.266526460647583 0.028248214721679654 0.07260293960571287
26 0.41357717514038084 0.659225082397461 0.01949892044067386 0.05349884033203123
19 0.6652090072631835 0.2516527891159058 0.03225135803222656 0.07869968414306641
29 0.5077038764953613 0.8234908819198608 0.03511924743652339 0.13712201118469236
29 0.43041210174560546 0.8112076759338378 0.03901042938232424 0.13833370208740237
26 0.4995913028717041 0.6715229511260986 0.024283313751220725 0.05477256774902339
28 0.5676385879516601 0.8647100448608398 0.02881889343261712 0.09880104064941408
28 0.5387310028076172 0.8613816261291504 0.027582168579101562 0.0924016952514648
29 0.4694673538208008 0.8146856307983399 0.03600502014160156 0.1411558151245117
33 0.40782822370529176 0.5663904666900634 0.021205163002014138 0.05065317153930671
51 0.5975177764892579 0.5712515830993652 0.025440788269042947 0.08093986511230467
26 0.43441104888916016 0.662752342224121 0.020801544189453125 0.05103645324707029
25 0.3990021228790283 0.4744026184082031 0.024362468719482444 0.05636405944824213
31 0.596353816986084 0.8831817626953125 0.027946281433105402 0.08085098266601565
25 0.4238236427307129 0.4751474857330322 0.024652099609374978 0.05684080123901364
59 0.5233001708984375 0.667839241027832 0.0215801239013671 0.07168731689453123
51 0.5719509124755859 0.5680341720581055 0.022590827941894487 0.07670536041259757
34 0.4770111083984375 0.5699319839477539 0.022048377990722623 0.060776138305663974
33 0.4310883998870849 0.5682669162750245 0.022886085510253895 0.05271158218383787
56 0.5869294166564942 0.47962160110473634 0.027473831176757835 0.06876525878906248
16 0.6687182426452636 0.3707667589187622 0.02445640563964846 0.07325301170349119
55 0.5481681823730469 0.5673647880554199 0.023851203918457076 0.0770217895507812
56 0.6159502983093261 0.4811849594116211 0.02803115844726556 0.07261857986450199
56 0.5584896087646485 0.4788252353668213 0.02626380920410154 0.06699438095092775
51 0.5478590488433838 0.5672418117523194 0.024155807495117143 0.07578802108764648
31 0.625394630432129 0.8863826751708984 0.031176757812500067 0.08385963439941402
32 0.6587632179260254 0.888206672668457 0.029768371582031272 0.10022315979003904
