15 0.39162778854370117 0.4641979217529297 0.02448196411132808 0.04356575012207031
15 0.366915225982666 0.4639878749847412 0.02403669357299809 0.04320821762084959
15 0.2935612201690674 0.4622977256774902 0.02296624183654783 0.04354419708251955
15 0.3416741847991943 0.4635529041290283 0.02543954849243163 0.04306964874267577
59 0.5895345687866211 0.5634850978851318 0.020989322662353538 0.06841754913330078
19 0.354352068901062 0.6299917221069335 0.022930622100830078 0.04852600097656257
18 0.42955551147460935 0.7044269561767578 0.023398590087890636 0.046640205383300715
59 0.6576649665832519 0.5648778915405274 0.020873641967773415 0.07143859863281254
15 0.31710038185119627 0.4626635551452637 0.023679733276367188 0.04286108016967777
15 0.2700131177902222 0.4622639656066895 0.023299980163574208 0.043415069580078125
59 0.5672158241271973 0.5628139495849609 0.02181529998779297 0.06859912872314455
17 0.4436448097229004 0.3780919075012207 0.023378849029541016 0.043332958221435514
59 0.7034423351287842 0.5664774894714355 0.022557163238525302 0.07326030731201172
26 0.5433112144470216 0.5720733642578125 0.02449998855590818 0.05274982452392574
59 0.6352203369140625 0.5646880626678467 0.02154827117919922 0.0721445083618164
59 0.6123824119567871 0.5644403457641601 0.0213817596435546 0.0697428703308105
19 0.40012407302856445 0.6296019554138184 0.022460746765136763 0.048147392272949174
29 0.43060617446899413 0.8054487228393554 0.03675785064697268 0.11420230865478509
17 0.3408521890640259 0.37672786712646483 0.02482409477233888 0.04334688186645508
54 0.6777661323547364 0.48094663619995115 0.023322200775146462 0.07619819641113285
59 0.72770094871521 0.5669034004211426 0.02331409454345712 0.07401924133300775
54 0.7031228065490722 0.4803638458251953 0.024009513854980402 0.07593460083007808
16 0.3011692762374878 0.5474882125854492 0.02395939826965332 0.04962272644042964
52 0.653744888305664 0.48102054595947263 0.022727012634277344 0.0741458892822266
19 0.42349586486816404 0.6291247367858886 0.022447013854980435 0.0487462997436523
17 0.41910719871520996 0.3777624607086182 0.024567031860351585 0.043177509307861295
17 0.4651947021484375 0.37812128067016604 0.019532775878906228 0.044224834442138705
16 0.3492030620574951 0.5486215591430663 0.02255077362060548 0.0480772018432617
51 0.5823934555053711 0.47815942764282227 0.022731971740722723 0.07154169082641598
29 0.3561013221740723 0.8034224510192871 0.03656988143920897 0.1157180786132812
19 0.3776546478271484 0.6291516304016114 0.02170562744140625 0.04720592498779297
16 0.32548794746398924 0.5478601455688477 0.023335075378418002 0.04871101379394527
17 0.31563749313354494 0.37653074264526365 0.02464089393615726 0.04361257553100589
17 0.3672743320465088 0.3768409013748169 0.027318382263183616 0.043393850326538086
16 0.27641825675964354 0.547256851196289 0.024945735931396484 0.05043163299560549
29 0.392733097076416 0.8051335334777832 0.03630180358886714 0.1130601882934571
14 0.30521385669708256 0.6294917106628418 0.02403063774108888 0.04756851196289058
17 0.3939632892608642 0.3772690534591675 0.025366497039794933 0.04286794662475585
17 0.26590735912323 0.37584285736083983 0.02405228614807131 0.044716930389404275
59 0.6800594329833984 0.5657082557678224 0.02220306396484384 0.07008113861083987
16 0.4423851490020752 0.4650134086608887 0.02442178726196287 0.04438953399658202
15 0.2468125343322754 0.4616489887237549 0.022853755950927757 0.043864917755126964
16 0.39674391746521 0.5494072914123536 0.02374782562255856 0.047966957092285156
59 0.7504068851470946 0.5657970905303955 0.02146205902099607 0.07392406463623047
19 0.44682688713073726 0.6294314384460449 0.02230234146118165 0.048105812072753884
16 0.3728521347045899 0.5491331100463868 0.023058700561523426 0.047618865966796875
29 0.3188198089599609 0.8029267311096191 0.03666629791259768 0.11595191955566408
17 0.29039816856384276 0.3763068675994873 0.024280452728271507 0.04488124847412106
16 0.25278868675231936 0.5465899467468261 0.022551202774047818 0.05101203918457031
56 0.3406663417816162 0.2870200157165527 0.024669742584228493 0.053838491439819336
29 0.46327457427978513 0.8046857833862304 0.027670860290527344 0.11684684753417962
56 0.39329168796539304 0.28836798667907715 0.023641920089721713 0.05535135269165037
28 0.6161569088224379 0.7374958030761234 0.028464126586913996 0.08032932281494143
55 0.7544313430786133 0.4822993278503418 0.024537849426269576 0.080596923828125
16 0.420064640045166 0.5494513511657715 0.022266960144042947 0.048427581787109375
25 0.4535989761352539 0.7057486534118652 0.023313713073730424 0.044880676269531294
47 0.42032670974731445 0.288440465927124 0.025451850891113237 0.05578279495239258
16 0.4649659156799316 0.5505238533020019 0.020778083801269498 0.050602722167968794
16 0.4433296203613281 0.549795961380005 0.022725677490234353 0.0489164352416992
14 0.2817210674285888 0.6292884826660157 0.021964359283447255 0.049039268493652366
17 0.2399899959564209 0.3763556957244873 0.02719058990478518 0.04758367538452146
23 0.358641242980957 0.7030773162841797 0.02273001670837399 0.04497241973876953
29 0.2838958740234375 0.801545524597168 0.03280668258666991 0.1171112060546875
52 0.6059532165527344 0.47894425392150874 0.0228466033935546 0.07184915542602538
16 0.4650098800659179 0.465608024597168 0.019828605651855458 0.044919204711914074
23 0.38255887031555175 0.7032634735107421 0.02303280830383303 0.04522895812988281
14 0.2592722177505493 0.630534553527832 0.021209573745727517 0.05139636993408203
28 0.6735143631223648 0.7396001331389896 0.02741298675537107 0.08220386505126953
19 0.4669782638549804 0.6300424575805663 0.01773042678833009 0.04878292083740232
33 0.54372239112854 0.38784532546997075 0.024490928649902433 0.04640645980834962
52 0.630035400390625 0.48001651763916015 0.022253227233886674 0.0724099159240722
51 0.5589923858642578 0.4776447296142578 0.021921539306640536 0.07052173614501955
51 0.5368523597717285 0.47779092788696287 0.021532440185546786 0.07035217285156253
28 0.6449137657407729 0.738520001608228 0.028836631774902366 0.08138923645019536
33 0.5688445091247558 0.3896027565002441 0.024129295349121116 0.04931001663208007
31 0.74014452087434 0.6533344492378077 0.027037203064598003 0.07812896071627917
16 0.417246150970459 0.4647204399108886 0.024944877624511697 0.04371814727783202
23 0.40600113868713383 0.7038874149322509 0.022976207733154286 0.04573478698730471
55 0.5367194175720216 0.4777992725372314 0.02120151519775393 0.07097434997558594
31 0.6619343757629395 0.6495879173278809 0.024830627441406294 0.07487678527832031
47 0.44747467041015626 0.28838210105895995 0.02577342987060549 0.055745506286621116
31 0.6370845317840577 0.649494743347168 0.02443561553955076 0.07465934753417969
31 0.6876279830932617 0.6504726409912109 0.024967098236084007 0.07505035400390625
28 0.5871504753354995 0.73730988426814 0.028899192810058594 0.0791223526000977
31 0.6111205101013184 0.6495294570922852 0.02582130432128904 0.07420578002929679
56 0.36764268875122075 0.2880799293518066 0.02612929344177245 0.05487794876098634
14 0.3299491882324219 0.6299817562103271 0.023799705505371083 0.04773225784301749
23 0.33567447662353517 0.7026960372924804 0.021837949752807617 0.04513187408447272
32 0.7247337818145752 0.8322635889053345 0.024140453338623025 0.07460780143737789
28 0.7318842857603042 0.7428720466674321 0.024769592285156294 0.08123645782470701
32 0.6985278606414795 0.8326429605484009 0.026676273345947243 0.07504839897155768
32 0.5562245368957519 0.8321245431900024 0.027018737792968817 0.07453227043151855
23 0.3123406823757475 0.7035602518942503 0.021837949752807617 0.04513187408447272
19 0.28867175916654875 0.7017215340538363 0.022930622100830078 0.04852600097656257
19 0.2640416430161063 0.7025857486556062 0.022930622100830078 0.04852600097656257
31 0.5857253918280969 0.6487955655807104 0.02402740625234745 0.07629956465501042
31 0.561937330930661 0.6484825647794283 0.02402740625234745 0.07629956465501042
28 0.5576879308761238 0.7360347484398273 0.027039502831085804 0.08225492219085806
28 0.5336688123671143 0.7335028187215729 0.020188308875729977 0.0804327639991621
28 0.7030967190152122 0.7412925088216389 0.02532317903306769 0.08439553351629347
31 0.7125836283465128 0.6517666621774441 0.024618791024816677 0.07661423721795868
31 0.5379107932322482 0.6477075151762538 0.02402740625234745 0.07629956465501042
32 0.5315804882655069 0.8301006449593438 0.02035836870708152 0.07668487079559816
32 0.5833512730068631 0.8325120679915897 0.027018737792968817 0.07453227043151855
32 0.6108655339195617 0.8313494935868279 0.027018737792968817 0.07453227043151855
32 0.6387673196338473 0.832899592793177 0.027018737792968817 0.07453227043151855
32 0.6674441549513077 0.8321245431900024 0.027018737792968817 0.07453227043151855
