9 0.590894079208374 0.7991155624389649 0.032190799713134766 0.11675186157226558
34 0.35774874687194824 0.5812061309814454 0.02805395126342769 0.05777873992919924
47 0.7385374069213868 0.5544401168823242 0.02263507843017576 0.05404262542724614
47 0.7142058372497558 0.555081844329834 0.022885513305664018 0.053549003601074174
47 0.68930025100708 0.5559062957763672 0.023031234741210938 0.053624725341796964
9 0.556777048110962 0.800141429901123 0.03404150009155271 0.11901016235351558
15 0.41988611221313477 0.24666316509246827 0.03130683898925779 0.07957396507263184
14 0.582613754272461 0.2582746982574463 0.0315403938293457 0.07412214279174806
52 0.2406369686126709 0.679176139831543 0.02798643112182614 0.07383747100830085
18 0.6518158912658691 0.4772998809814453 0.025985527038574263 0.05484027862548835
55 0.684575891494751 0.6503412246704101 0.020603179931640625 0.0639727592468261
18 0.6278914451599121 0.4154582142829895 0.02592687606811528 0.061534667015075706
54 0.4517899036407471 0.6657368659973144 0.02542285919189452 0.07326593399047854
16 0.26276602745056155 0.48626174926757815 0.031154966354370123 0.06044654846191411
14 0.5807233810424806 0.32440505027770994 0.030793762207031228 0.05285363197326659
55 0.6631823539733888 0.6511528968811036 0.021298980712890603 0.06409282684326179
18 0.6249870300292968 0.4775871276855469 0.026640796661376975 0.05519247055053711
17 0.2149665355682373 0.2350106477737427 0.03512277603149416 0.08027815818786624
16 0.2953647136688232 0.48652496337890627 0.031214809417724643 0.06030244827270509
19 0.44782075881958006 0.4215695381164551 0.028795433044433605 0.06708517074584963
19 0.4180584907531738 0.4217238903045655 0.02922515869140624 0.06904869079589843
52 0.296624755859375 0.675536823272705 0.026940155029296864 0.0751420974731446
55 0.6408159255981445 0.6532188415527345 0.02116317749023444 0.06320629119873045
16 0.3275144577026367 0.48650598526000977 0.030636644363403298 0.05853195190429683
54 0.5495666980743408 0.6564203262329101 0.021386718749999978 0.06681089401245122
47 0.6648470878601074 0.5568418502807617 0.023409271240234397 0.05314989089965816
19 0.3584582328796387 0.4862308979034424 0.0288418769836426 0.05743980407714849
33 0.26845607757568357 0.5829314231872559 0.02971854209899899 0.060658264160156294
34 0.2988575458526611 0.583163595199585 0.02983894348144528 0.05806932449340818
54 0.5948863506317139 0.6545650005340576 0.022134399414062478 0.06667833328247075
16 0.2932676076889038 0.41842679977416997 0.03241372108459473 0.07052440643310548
15 0.2878534317016601 0.3170026779174805 0.03431029319763185 0.06881041526794435
16 0.25953488349914555 0.4187452793121338 0.03222627639770509 0.07166204452514646
17 0.21927261352539062 0.31439561843872066 0.03648834228515624 0.06883926391601564
15 0.35500245094299315 0.24447462558746338 0.03203525543212893 0.08193106651306153
16 0.32629904747009275 0.4191926121711731 0.03106584548950192 0.06994264125823979
54 0.6180977821350098 0.6536160469055177 0.022191429138183505 0.06567087173461916
18 0.5976023197174072 0.47779269218444825 0.02628889083862307 0.05563707351684577
14 0.6651164054870605 0.3259963512420654 0.02590732574462895 0.05120401382446288
14 0.6106357574462891 0.3249809980392456 0.027181625366210938 0.051447153091430664
26 0.4143089294433594 0.5788023948669434 0.026592826843261752 0.056083297729492165
15 0.2851234436035156 0.24042630195617676 0.0350535869598389 0.08194284439086916
26 0.38690552711486814 0.580387544631958 0.02753896713256837 0.056232452392578125
15 0.45255126953125 0.24900333881378175 0.03228654861450192 0.07833261489868165
19 0.4468864440917969 0.48722591400146487 0.02909374237060547 0.05688838958740239
15 0.38571159839630126 0.32156715393066404 0.0302278995513916 0.06737051010131839
14 0.8004493713378906 0.3293708086013794 0.026938247680664107 0.049703121185302734
52 0.268906831741333 0.677713966369629 0.027253723144531228 0.07682094573974607
19 0.41706295013427735 0.48766403198242186 0.028272628784179688 0.05629816055297854
16 0.19177372455596925 0.4174159526824951 0.033533573150634766 0.07280588150024414
19 0.47565040588378904 0.42293699979782107 0.02649717330932616 0.06798021793365477
18 0.6008900642395019 0.4153570055961609 0.027274703979492165 0.06318495273590086
15 0.25373334884643556 0.31503207683563234 0.03169975280761719 0.06886372566223142
19 0.47330718040466313 0.4874650001525879 0.025089550018310536 0.05637207031250002
15 0.38780665397644043 0.24540472030639648 0.031543064117431685 0.08023152351379392
15 0.32040531635284425 0.2421010971069336 0.03445553779602051 0.08253650665283202
59 0.7303433418273926 0.649431848526001 0.02094898223876962 0.0631773948669434
54 0.5720808982849122 0.65679931640625 0.022600173950195312 0.06863765716552739
19 0.3879490375518799 0.4868283271789551 0.02824087142944337 0.05702295303344723
19 0.38799705505371096 0.42150321006774905 0.029161739349365223 0.06801433563232423
15 0.32188150882720945 0.3189168453216553 0.031946706771850575 0.0672780990600586
19 0.3579007625579834 0.42071299552917485 0.029691696166992188 0.07001276016235353
14 0.7264669895172119 0.26400558948516845 0.027762126922607377 0.06856288909912109
14 0.6379056453704834 0.32558379173278806 0.026333522796630926 0.05105342864990231
26 0.4682565689086914 0.5775497436523438 0.02421283721923828 0.05497188568115241
12 0.4227159023284912 0.8422224998474122 0.045747470855712846 0.08436946868896478
15 0.4176007270812988 0.3224754810333252 0.03131141662597653 0.06713237762451174
16 0.19699201583862305 0.48697195053100584 0.03239412307739259 0.06285018920898433
14 0.7549036979675293 0.2646760225296021 0.026775169372558638 0.06808156967163087
16 0.22990760803222657 0.48660936355590817 0.03198223114013671 0.06169567108154295
59 0.7071494102478026 0.6501610279083252 0.023137474060058616 0.06313934326171866
59 0.7512497425079345 0.6485177993774414 0.02063474655151365 0.06288318634033196
18 0.5722007751464844 0.4154383182525635 0.02794723510742192 0.06316146850585941
14 0.6138763904571534 0.25875096321105956 0.029577636718750022 0.07290487289428713
14 0.7472963333129883 0.3271449565887451 0.025028800964355558 0.049407291412353505
15 0.35408506393432615 0.3207723617553711 0.030458927154541016 0.06746745109558105
18 0.6551114559173584 0.4151151180267334 0.027371597290039018 0.06144104003906248
14 0.8105168342590332 0.2675872087478638 0.029586982727050737 0.06836428642272946
14 0.6983013153076172 0.2628657817840576 0.026493644714355558 0.0692004203796387
14 0.7736276626586913 0.32831320762634275 0.02561178207397463 0.049674224853515636
15 0.24994983673095705 0.23844058513641359 0.03349947929382327 0.0802523612976074
17 0.17831186056137086 0.2338649034500122 0.03702156543731688 0.07866725921630857
14 0.6928817749023437 0.32645156383514407 0.026739501953125022 0.050253486633300815
56 0.5599525928497314 0.5608919143676758 0.025976371765136674 0.0559572219848633
28 0.28269960880279543 0.845255470275879 0.034885358810424816 0.10109577178955076
14 0.7818006515502929 0.26602659225463865 0.02571239471435549 0.06924695968627931
29 0.24227640628814698 0.8232061386108398 0.04623727798461913 0.16062107086181643
26 0.4419255256652832 0.577901268005371 0.027239894866943337 0.05615844726562502
14 0.720618724822998 0.3267991542816162 0.02604894638061528 0.04942264556884768
17 0.18297849893569945 0.3142297744750977 0.03581473827362061 0.06982965469360353
16 0.2259526014328003 0.41735535860061646 0.03318166732788086 0.07207677364349363
24 0.683008861541748 0.41510539054870604 0.02625770568847663 0.06146869659423826
15 0.4487114906311035 0.3238473892211914 0.030198478698730435 0.0667255401611328
33 0.20683078169822694 0.5857476234436034 0.029788696765899653 0.06306495666503908
14 0.6427549362182616 0.26040353775024416 0.026806449890136697 0.07216224670410157
18 0.5702220439910889 0.4782777786254883 0.02724742889404297 0.056337261199951194
8 0.7239150047302246 0.7903307914733887 0.0331171035766602 0.11217575073242192
14 0.6704817295074463 0.26162431240081785 0.027160453796386652 0.06994857788085937
33 0.23729653358459474 0.5841547012329102 0.03029623031616213 0.0626655578613281
24 0.7362904071807861 0.4156344532966614 0.02516803741455076 0.061526274681091286
24 0.7291242599487304 0.4778621196746826 0.023322010040283225 0.05265264511108403
34 0.3286795139312744 0.582287073135376 0.02865257263183596 0.058682823181152255
56 0.6387228965759277 0.5568599224090576 0.024106884002685458 0.05487518310546868
24 0.67813720703125 0.4772852897644043 0.02481288909912105 0.05375652313232426
24 0.7037502765655518 0.4776653289794922 0.024962425231933594 0.054362678527832
56 0.6117938995361328 0.5584657192230225 0.024126815795898482 0.0563960075378418
55 0.21220109462738038 0.6798524856567383 0.0266559600830078 0.07218456268310547
24 0.7102136135101318 0.4150840282440186 0.026393318176269553 0.060363674163818326
24 0.753791332244873 0.47777500152587893 0.02375383377075191 0.05171852111816411
12 0.325846004486084 0.8527950286865233 0.047616863250732444 0.08501586914062498
3 0.6229543209075927 0.7946313858032226 0.032132434844970637 0.11840763092041018
56 0.5864919185638428 0.5593275547027587 0.023966979980468706 0.05611257553100579
24 0.762160062789917 0.4157020688056946 0.025657939910888716 0.06098630428314206
3 0.656060791015625 0.7932324409484863 0.03447504043579097 0.11627769470214844
15 0.4778308868408203 0.3249024868011474 0.026802444458007835 0.06517667770385743
15 0.4824450492858887 0.25110559463500975 0.0256641387939453 0.07774548530578615
24 0.7883227348327637 0.41768407821655273 0.026879501342773504 0.0630520820617676
6 0.6899900029620853 0.7908860337677724 0.0314721563981043 0.1092268957345972
24 0.7787657174907747 0.4793759236570264 0.02375383377075191 0.05171852111816405
12 0.372232723236084 0.8503536224365233 0.047616863250732444 0.08501586914062498
