18 0.5525489807128907 0.44296016693115237 0.02487239837646482 0.056943130493164074
14 0.5209591388702393 0.36888489723205564 0.024225330352783292 0.04383726119995118
18 0.5777533054351807 0.49691057205200195 0.02463541030883798 0.04349117279052739
18 0.5781619071960449 0.4437509536743164 0.02574357986450193 0.05719242095947269
14 0.5468713760375976 0.3695326805114746 0.025998687744140603 0.04443464279174808
18 0.5276618003845215 0.442445182800293 0.024469280242919833 0.05751342773437501
19 0.37376358509063723 0.4933650493621826 0.02625193595886227 0.045675563812255904
18 0.5025458812713623 0.44237937927246096 0.02535257339477537 0.057617950439453114
18 0.47650651931762694 0.44247946739196775 0.026213741302490212 0.0580330848693848
16 0.6012546062469483 0.3706303358078003 0.027009677886962846 0.04375901222229006
18 0.526477575302124 0.496651029586792 0.0260509490966796 0.04386129379272463
16 0.575960922241211 0.31678776741027836 0.026128959655761785 0.06015448570251464
18 0.5521958351135254 0.49686274528503416 0.024868202209472723 0.0437922477722168
5 0.5836118698120117 0.1949199080467224 0.04138879776000981 0.11860396862030026
5 0.42585387229919436 0.1873776078224182 0.03819751739501953 0.1250286340713501
14 0.5248173713684082 0.31456871032714845 0.025151062011718794 0.06041421890258791
25 0.6023560523986817 0.4982659339904785 0.02301778793334963 0.04356727600097654
19 0.37403416633605957 0.43935070037841795 0.025261402130126953 0.06114425659179684
5 0.46485257148742676 0.18950343132019043 0.037161159515380904 0.12341871261596682
17 0.4719089508056641 0.31125030517578123 0.026355361938476596 0.061458206176757846
14 0.5499533653259278 0.31596488952636714 0.024983119964599565 0.059637975692749035
26 0.6041992664337159 0.4447010040283203 0.02395143508911135 0.05811605453491209
17 0.44359455108642576 0.36491873264312746 0.025707626342773404 0.0453965187072754
19 0.346101975440979 0.43906717300415044 0.029580354690551758 0.06108112335205079
19 0.4245763778686523 0.4947524070739746 0.025082206726074252 0.04437255859375
5 0.5036553859710693 0.19060726165771485 0.036829662322998113 0.12315583229064941
16 0.6030629634857178 0.31692705154418943 0.02685480117797856 0.06076364517211913
19 0.39961564540863037 0.49427008628845215 0.023708200454711892 0.045048522949218794
5 0.5423438072204589 0.19227321147918702 0.03797416687011712 0.11916375160217285
18 0.5007536888122559 0.49604101181030275 0.02495079040527337 0.044149589538574285
18 0.4759036064147949 0.4955625534057617 0.024755477905273438 0.04362297058105469
18 0.4503546237945557 0.495328426361084 0.025919246673583973 0.04314613342285156
17 0.4985482692718506 0.31262993812561035 0.025789928436279252 0.060556221008300826
0 0.3478282690048218 0.18904082775115966 0.03949041366577144 0.13088631629943848
16 0.5738473892211914 0.37016072273254397 0.026903820037841752 0.04425077438354491
28 0.5462136268615723 0.789278221130371 0.02860393524169913 0.09842109680175781
17 0.3664403438568115 0.307279896736145 0.02651944160461428 0.0607618808746338
17 0.4448738098144531 0.3097079277038574 0.026613235473632812 0.06037197113037107
41 0.3495544910430908 0.6503382682800293 0.04187650680541993 0.048595428466796875
29 0.47948694229125977 0.7614397525787353 0.04026813507080074 0.15170087814331057
17 0.49521346092224117 0.3669137001037598 0.025273323059081976 0.04480447769165036
17 0.46933689117431643 0.3662559986114502 0.02499618530273434 0.0450897216796875
17 0.3393256187438965 0.3054098129272461 0.0267819404602051 0.06078090667724606
17 0.41826343536376953 0.30892379283905025 0.02536640167236326 0.05978422164916991
5 0.38652915954589845 0.18674155473709106 0.0376609802246094 0.12405736446380615
17 0.4166429042816162 0.36420955657958987 0.026182556152343772 0.04485130310058594
17 0.38973402976989746 0.3638452053070068 0.02585525512695308 0.0449412822723389
17 0.33777642250061035 0.3700731277465821 0.026278305053710982 0.06432695388793946
28 0.5157102584838867 0.7885093212127685 0.03264493942260743 0.10180501937866204
17 0.3635284662246704 0.36479811668395995 0.02468767166137692 0.050057411193847656
19 0.34738893508911134 0.497922420501709 0.02776050567626953 0.05448036193847661
17 0.39229102134704585 0.30815775394439693 0.025436592102050792 0.0598461151123047
19 0.3996606349945068 0.44014930725097656 0.024135494232177757 0.06088943481445308
28 0.5758097648620606 0.7892477989196778 0.029127502441406272 0.10000534057617194
19 0.4250090599060059 0.44128918647766113 0.0247509002685547 0.06056652069091795
41 0.39845919609069824 0.6513301849365234 0.04144849777221682 0.04750633239746094
19 0.4503969669342041 0.44219231605529785 0.024526596069335938 0.05920982360839844
41 0.4014839471968929 0.6025020599365234 0.04144849777221682 0.04750633239746094
41 0.35481635870131767 0.6007736307329835 0.04144849777221682 0.04750633239746094
