41 0.767050838470459 0.253902530670166 0.04664821624755855 0.04904737472534179
41 0.5695879936218262 0.403354549407959 0.04660530090332038 0.048556232452392545
41 0.7653075695037842 0.20095536708831788 0.044606685638427734 0.05661325454711913
41 0.3200293779373169 0.2604624509811401 0.046968269348144576 0.047782564163208
41 0.5191757202148437 0.25852298736572266 0.04596767425537107 0.04799947738647459
41 0.7160686492919922 0.25428309440612795 0.04717378616333012 0.04815845489501952
41 0.7167612075805664 0.20018341541290285 0.04524879455566411 0.057121133804321295
41 0.6671659469604492 0.25326740741729736 0.04577484130859377 0.05065102577209471
41 0.8171339273452759 0.2007554292678833 0.04758410453796391 0.0571371078491211
41 0.3757575273513794 0.40482039451599117 0.052385568618774414 0.053063106536865245
41 0.6692926668905996 0.39956377980945346 0.04536294937133789 0.050359129905700684
41 0.8176466941833496 0.253484320640564 0.0496290206909179 0.04837718009948733
41 0.5207149982452393 0.20747727751731873 0.043443489074707076 0.0557886242866516
41 0.6667967796325683 0.20215771198272706 0.04516315460205078 0.05611252784729004
41 0.46872549057006835 0.20889837741851808 0.04345226287841797 0.05680904388427735
41 0.4182133555412293 0.2085181951522827 0.04501764774322509 0.057096815109252935
41 0.6164568424224853 0.20604326725006106 0.04389381408691406 0.05801978111267089
41 0.319009256362915 0.21007087230682375 0.04532222747802733 0.05556998252868653
41 0.37047355175018315 0.26142158508300783 0.04553480148315431 0.04759597778320315
41 0.36877398490905766 0.20912417769432068 0.04117841720581056 0.056460773944854714
41 0.42453927993774415 0.4049471735954285 0.0418724060058594 0.050737404823303245
41 0.5704304695129394 0.20275275707244872 0.04314842224121096 0.05754027366638184
41 0.6177980899810791 0.2562360048294067 0.04625024795532218 0.04646472930908205
41 0.47291007041931155 0.40587315559387205 0.04334659576416017 0.048926639556884755
41 0.4196943402290344 0.2611417055130005 0.04673211574554442 0.04590382575988769
41 0.46937112808227544 0.2606686592102051 0.04508228302001954 0.0452744483947754
27 0.5549535751342773 0.8716960906982422 0.07440900802612305 0.0745498657226562
41 0.6187783241271972 0.6497835159301758 0.033309650421142534 0.04827756881713863
41 0.6154513359069824 0.3507966995239258 0.04041919708251962 0.05420842170715334
41 0.268029522895813 0.259012770652771 0.047012186050415045 0.048778247833251936
27 0.6697981834411622 0.8149255752563477 0.05369033813476565 0.045469474792480424
41 0.5205718040466308 0.7018422603607177 0.04471731185913086 0.04938859939575202
27 0.6219425201416016 0.8775794982910157 0.058835411071777255 0.06285820007324217
41 0.5689372539520263 0.35143532752990725 0.04499282836914065 0.0538477897644043
41 0.7134204864501954 0.3999204635620117 0.034743881225585915 0.04969377517700191
41 0.7630236610533698 0.4061208603874085 0.034743881225585915 0.04969377517700191
41 0.8149519844660682 0.34489194173661486 0.034743881225585915 0.04969377517700191
41 0.520884178555201 0.35066027792673266 0.04499282836914065 0.0538477897644043
42 0.8037851068037976 0.49938192246835444 0.04264734968354433 0.028431566455696222
42 0.8056393393987342 0.5302857990506329 0.04264734968354433 0.028431566455696222
42 0.8056393393987342 0.5648981408227848 0.04264734968354433 0.028431566455696222
42 0.652874172899885 0.5018072836753612 0.04368347238204817 0.03099777442142959
44 0.4258410312694543 0.505238663039531 0.03586916696928816 0.0339642722815936
41 0.5710194281417957 0.6476450579009787 0.033309650421142534 0.04827756881713863
41 0.5710194281417957 0.6996808699447743 0.033309650421142534 0.04827756881713863
41 0.6187783241271972 0.7018193279739714 0.033309650421142534 0.04827756881713863
41 0.42845555952865705 0.64907069658711 0.033309650421142534 0.04827756881713863
41 0.42702992084252567 0.6982552312586429 0.033309650421142534 0.04827756881713863
41 0.4783529135432556 0.7046706053462342 0.033309650421142645 0.04827756881713863
27 0.7524852272367826 0.8719511227016032 0.05369033813476565 0.045469474792480424
27 0.7997569018036779 0.814142579057791 0.07124919821746156 0.05530859188441806
42 0.6520521505934876 0.5355976031411158 0.04335466345948924 0.032287537825512413
42 0.699236230980693 0.5014784747528023 0.04368347238204817 0.03099777442142959
42 0.7008802755934878 0.5343593670086945 0.04368347238204817 0.03099777442142959
42 0.7520496033648723 0.4992184336774922 0.04221473703277512 0.03205029594467884
42 0.7507343676746365 0.5330857527010613 0.04221473703277512 0.0320502959446789
42 0.7517207944423134 0.5662954538795124 0.04221473703277512 0.0320502959446789
42 0.7031819380514002 0.5672402592645867 0.04368347238204817 0.03099777442142959
43 0.5126429966517857 0.5390915643601191 0.03429594494047622 0.0331333705357143
43 0.5132242838541667 0.5059581938244047 0.03429594494047622 0.0331333705357143
43 0.5588553292410715 0.5053769066220237 0.034295944940476275 0.0331333705357143
43 0.5608898344494049 0.5388009207589284 0.034295944940476275 0.0331333705357143
43 0.5626336960565478 0.5733875093005951 0.034295944940476275 0.0331333705357143
43 0.609136672247024 0.5704810732886902 0.034295944940476275 0.0331333705357143
43 0.6076834542410716 0.5376383463541665 0.034295944940476275 0.0331333705357143
43 0.6082647414434526 0.5027611142113092 0.034295944940476275 0.03313337053571419
44 0.42263918700715913 0.5394983966460885 0.03779027352666531 0.032043165724216505
44 0.4235997402858477 0.5727975769739573 0.03779027352666531 0.032043165724216505
27 0.48116684673178917 0.8606283807346964 0.06089138577127062 0.07328116588103462
27 0.4060466544240969 0.8614630495381151 0.06089138577127062 0.07328116588103462
27 0.3384384813471738 0.8368403198372604 0.06089138577127062 0.07328116588103462
27 0.27709032429589175 0.823902953384269 0.06089138577127062 0.07328116588103462
