43 0.3504169940948486 0.517389965057373 0.06989946365356442 0.057683372497558616
43 0.3720079898834229 0.6187437057495118 0.06616086959838868 0.04629917144775397
41 0.5602944374084473 0.5765950202941894 0.06742153167724607 0.0697303771972656
41 0.63746919631958 0.5753743171691894 0.06790885925292967 0.07248010635375979
43 0.36130065917968746 0.5708492755889892 0.07135434150695802 0.04765586853027348
41 0.6372705459594726 0.6471589088439942 0.06540222167968746 0.06878852844238281
41 0.6363431453704834 0.5032392024993897 0.06834764480590816 0.07135820388793951
41 0.5624897480010986 0.6477468967437745 0.06415052413940425 0.06679162979125974
43 0.3763522386550903 0.6630825996398926 0.06269469261169436 0.042818450927734286
41 0.556199026107788 0.5055570602416992 0.06706094741821289 0.0695037841796875
42 0.4444423675537109 0.6157942771911622 0.06182327270507809 0.045875930786132835
44 0.28063068389892576 0.5109156608581543 0.061874485015869174 0.050240516662597656
42 0.43928437232971196 0.5689679622650147 0.06256790161132814 0.04942865371704097
46 0.5048207122914112 0.743194117511276 0.06805588381133809 0.08221966750430365
44 0.30534355640411376 0.6618847846984863 0.06289067268371584 0.04651279449462886
46 0.43609008336589283 0.7407387813512426 0.06464138935952285 0.08087309189956549
43 0.43453564643859866 0.5168508529663085 0.06994810104370114 0.05612621307373045
44 0.300237347253787 0.6172054546331268 0.06289067268371584 0.04651279449462886
44 0.28898395821939105 0.5656441058987886 0.0509305389878017 0.05062048918281503
42 0.44571891984129264 0.6649415402630576 0.06182327270507809 0.045875930786132835
61 0.4945746527777778 0.49329810049019607 0.04978553921568629 0.07021037581699341
61 0.49585120506535957 0.5647850285947713 0.0497855392156864 0.0702103758169933
61 0.502233966503268 0.638186785130719 0.0497855392156864 0.0702103758169933
45 0.35476305885036497 0.7361214073905109 0.09444856295620435 0.0801921760948906
46 0.5872640609741211 0.7254928254733121 0.08767890930175781 0.05902411467837587
