15 0.5053242206573486 0.07210135459899902 0.06599149703979496 0.14420270919799805
15 0.43434910774230956 0.07436538338661194 0.07066545486450193 0.1487307667732239
15 0.5758220672607421 0.07026321291923524 0.06788063049316406 0.1400643467903137
14 0.3206775188446045 0.29357988834381105 0.0671243667602539 0.12753057479858398
17 0.19249074459075927 0.08427492380142212 0.10149087905883789 0.16854984760284425
14 0.3898972988128662 0.2837033271789551 0.06599321365356448 0.12163448333740234
15 0.6451498031616211 0.06860151886940002 0.06540298461914062 0.1350206732749939
15 0.3561770677566528 0.07651370167732238 0.07268390655517581 0.15302740335464476
18 0.551813793182373 0.5854348182678223 0.0394134521484375 0.07276992797851567
14 0.34402003288269045 0.4738943576812744 0.058733844757080045 0.10221271514892583
14 0.454572868347168 0.2778940677642822 0.05827045440673828 0.11689128875732421
14 0.24660401344299318 0.31839134693145754 0.07583160400390626 0.15758652687072755
16 0.5128670692443847 0.4345335841178894 0.04935646057128906 0.09412500858306883
14 0.6320647716522216 0.2561997890472412 0.05347585678100586 0.1094285011291504
16 0.4574255466461182 0.44661636352539064 0.05623950958251955 0.09845485687255862
18 0.4138895988464355 0.6238508224487305 0.04681901931762694 0.07357902526855464
19 0.6641617774963379 0.40688128471374513 0.03958702087402344 0.08596134185791016
14 0.6865777492523193 0.25084114670753477 0.05057716369628906 0.10497645139694217
14 0.27668883800506594 0.4869048595428467 0.07222390174865725 0.10313596725463864
14 0.5141910552978516 0.2707075595855713 0.056584167480468794 0.11498699188232422
18 0.5086898803710938 0.5989494323730469 0.04367828369140625 0.06723003387451176
16 0.6125301361083983 0.4180190920829773 0.048593425750732444 0.09082224369049069
19 0.7037611961364747 0.39809329509735103 0.03478851318359377 0.09166998863220216
25 0.5942689418792724 0.574369239807129 0.040748977661132835 0.0756340980529785
16 0.5625861167907715 0.4257810711860657 0.04651508331298826 0.09313905239105225
18 0.4623514175415039 0.6123903274536133 0.04482383728027345 0.07181558609008787
14 0.7466856956481933 0.2453117311000824 0.050237083435058616 0.0972495198249817
14 0.5744405746459961 0.2646738052368164 0.05764551162719722 0.10922775268554691
16 0.4012967228889465 0.4564388275146484 0.05269238948822019 0.10405006408691408
26 0.5856060028076172 0.7528226852416993 0.03418464660644527 0.052071571350097656
25 0.4785117626190185 0.7991934776306153 0.036539268493652355 0.04618129730224607
26 0.6539061546325684 0.7365427494049073 0.031920242309570246 0.05284318923950193
25 0.6373101711273192 0.5637039184570312 0.04098310470581057 0.07087192535400388
25 0.35491385459899905 0.8422351837158204 0.04008488655090331 0.05576000213623045
18 0.30766847133636477 0.6584587097167969 0.06262507438659665 0.06874313354492179
25 0.6771650314331055 0.549698781967163 0.036987686157226474 0.069851016998291
18 0.365070104598999 0.6412046909332275 0.04811849594116213 0.07491636276245117
26 0.6193519592285157 0.7438252449035645 0.030427837371826194 0.053050327301025324
25 0.5148877620697021 0.7796345233917237 0.03385152816772463 0.05445299148559568
29 0.46181669235229494 0.9108100891113281 0.03707923889160153 0.12446289062500004
25 0.3957322835922241 0.8243036031723023 0.039828157424926736 0.06208882331848142
25 0.5495707035064697 0.7679175853729248 0.03195600509643559 0.04946222305297854
4 0.41838218521897813 0.9121877851277372 0.03849224452554745 0.10157675638686126
4 0.3724053375912409 0.9355326186131387 0.03920506386861311 0.10906135948905116
25 0.4377145725138047 0.8109843571980795 0.04154051144917803 0.06497598535874305
