15 0.41543164253234866 0.231089448928833 0.05615386962890628 0.11273579597473143
15 0.5276199340820313 0.22967073917388914 0.050903701782226585 0.1083137035369873
47 0.4190619349479675 0.6281975746154785 0.03870432376861571 0.08272266387939453
19 0.5138315200805664 0.409765625 0.04529800415039059 0.09410810470581055
19 0.6102316856384278 0.40212650299072267 0.045830154418945335 0.08648824691772461
19 0.5607183456420899 0.4081028938293457 0.04759502410888672 0.09030132293701171
24 0.590879249572754 0.5076462745666503 0.04038639068603522 0.076058578491211
24 0.6331822395324707 0.5025416374206543 0.043680763244628884 0.0736333847045898
15 0.4736021995544433 0.22970218658447267 0.05332574844360349 0.10889873504638672
25 0.31935691833496094 0.5395000457763672 0.052116107940673784 0.09006748199462888
18 0.6555800437927246 0.39680325984954834 0.03866767883300781 0.08095593452453609
14 0.631175422668457 0.2296826124191284 0.048044013977050826 0.10501389503479006
14 0.7315163135528564 0.22742090225219727 0.048342418670654363 0.09604082107543949
56 0.37294020652771 0.6332729816436768 0.04250497817993165 0.08550872802734377
2 0.5074265480041504 0.7246461391448975 0.05182991027832029 0.12545213699340818
25 0.3705037355422974 0.5331718921661377 0.04744396209716795 0.08503618240356442
14 0.6813977241516114 0.23039445877075196 0.04724617004394538 0.10206179618835448
25 0.5494293212890624 0.5124646186828613 0.03915271759033201 0.076929759979248
25 0.46396598815917967 0.5237371444702148 0.04345111846923827 0.08281917572021491
17 0.3541373014450073 0.2310011863708496 0.0597862243652344 0.1137230396270752
2 0.45422177314758305 0.7334969997406006 0.05164022445678712 0.1274016380310059
14 0.5798876285552979 0.23031725883483886 0.048573970794677734 0.10776848793029786
25 0.5079185485839843 0.5175184726715087 0.04174747467041018 0.0810230255126953
15 0.3644519329071045 0.4134491443634033 0.05041790008544922 0.09953041076660157
25 0.4182003974914551 0.5283611297607422 0.045004844665527344 0.08507156372070318
15 0.39901323318481446 0.7441197395324708 0.05395040512084959 0.1283527374267578
17 0.28979153633117677 0.23218654990196227 0.06849918365478513 0.11705695390701293
28 0.4015018939971924 0.8979365348815918 0.039716243743896484 0.0942447662353515
28 0.44086308479309083 0.8938789367675781 0.0380854606628418 0.09367237091064462
15 0.3102085590362549 0.41640567779541016 0.056003570556640625 0.10771446228027348
29 0.3524708986282349 0.8967866897583008 0.05495200157165531 0.13616447448730473
28 0.4800851821899414 0.8935785293579102 0.03788051605224607 0.08866386413574223
54 0.5707874774932862 0.6034523963928222 0.03164215087890632 0.08107051849365232
15 0.46565399169921873 0.41063675880432127 0.047732925415039096 0.09620523452758789
54 0.6059911727905274 0.5999806880950929 0.0333274841308594 0.08028259277343752
0 0.561552906036377 0.7162428855895996 0.049185752868652344 0.11598396301269531
52 0.5331106185913086 0.6098898887634278 0.034985256195068315 0.08333015441894531
15 0.41573696136474614 0.4120602607727051 0.048441696166992176 0.09769668579101565
16 0.4163633346557617 0.41125611066818235 0.04812078475952147 0.09779188632965091
51 0.4962439903846154 0.615569526627219 0.03120377218934922 0.0803208210059172
9 0.3379137389053254 0.7551197300295858 0.050850591715976334 0.11325813609467461
46 0.5124237241124261 0.8328402366863905 0.06934171597633149 0.05951830621301768
41 0.5936113165680474 0.8129044933431953 0.04564996301775148 0.060096153846153855
41 0.5855214497041421 0.8611547707100593 0.04218287721893499 0.037560096153846145
41 0.5832100591715977 0.8998705621301777 0.04218287721893499 0.037560096153846145
51 0.6423770839097952 0.5930875122387298 0.03120377218934922 0.0803208210059172
