26 0.5535425662994384 0.10522006750106812 0.046194267272949285 0.11803381443023683
25 0.45985116958618166 0.20445597171783447 0.04459714889526367 0.091390323638916
26 0.5999046802520752 0.10781142711639405 0.04398775100708008 0.11636214256286621
19 0.3111391544342041 0.19845250844955442 0.05080280303955076 0.09184000492095948
16 0.2557567596435547 0.1966550350189209 0.05876789093017579 0.09326224327087401
25 0.4595184326171875 0.09038327932357788 0.04673147201538086 0.12876241207122804
19 0.36233024597167973 0.20150598883628845 0.0486746311187744 0.0907340168952942
26 0.5919743704539473 0.212424377664443 0.039190540006083796 0.08739502827326462
19 0.35571017265319826 0.08648557662963867 0.05178222656250003 0.1310666084289551
16 0.24675118923187256 0.0759503722190857 0.056860589981079124 0.14081044197082518
26 0.6347403757033809 0.21222809924874253 0.04214120167557922 0.08883765230896654
26 0.6444225788116456 0.10997590720653534 0.04134788513183596 0.11293435692787171
26 0.5469081042915263 0.21023652893240735 0.04603815078735363 0.08862052412443266
19 0.30242071151733396 0.08146636486053467 0.05168933868408204 0.13434879779815675
24 0.5034038543701171 0.20713323950767515 0.03952732086181643 0.09145241975784299
24 0.5066985607147216 0.09700721502304077 0.04479999542236335 0.12516939640045166
23 0.4078566028225806 0.09099882392473121 0.04830309139784944 0.13598370295698925
23 0.4112693212365591 0.2044060819892473 0.048828124999999944 0.08768061155913978
