18 0.3664579153060913 0.45301103591918945 0.018992900848388672 0.027805137634277388
18 0.32903661727905276 0.4537797927856445 0.018067359924316406 0.02940845489501953
26 0.42231755256652836 0.5908406257629395 0.015993309020996105 0.031202316284179688
26 0.4389295736948649 0.5905919286939834 0.01634658177693682 0.031761021084255714
18 0.38494243621826174 0.45333099365234375 0.017801952362060558 0.02723007202148442
26 0.3735669612884521 0.5922879219055175 0.016458606719970736 0.0318778991699219
26 0.3403709411621094 0.5926240921020508 0.01693077087402345 0.032177734375000044
26 0.3901719570159912 0.5917206764221191 0.015883922576904297 0.03145523071289058
26 0.3222657203674316 0.5931606292724609 0.017749214172363248 0.03165912628173828
41 0.2968941926956177 0.7348397731781006 0.029677629470825195 0.035521507263183594
41 0.2976879835128784 0.7691423416137695 0.030171632766723633 0.031177997589111328
26 0.4063980221748352 0.5912867069244385 0.016021704673767123 0.03106336593627923
26 0.35724968910217286 0.5923711776733398 0.015672683715820312 0.031986236572265625
41 0.3302333354949951 0.7691407203674316 0.02978935241699221 0.031513309478759854
18 0.34734382629394533 0.4534780025482178 0.01833820343017578 0.02889986038208009
41 0.3317211151123047 0.7329437732696533 0.030404949188232444 0.036301708221435636
19 0.5230969429016112 0.46481018066406254 0.015854930877685525 0.02811260223388673
59 0.5542532920837402 0.5266948699951172 0.015529632568359375 0.03971118927001949
41 0.3659046411514282 0.7348401069641113 0.029935646057128895 0.03320388793945306
26 0.2901027202606201 0.5933173656463624 0.01629505157470701 0.03147878646850588
15 0.32918505668640136 0.38487238883972164 0.017952346801757835 0.030235481262207042
19 0.5392952919006347 0.46557035446166994 0.015460968017578125 0.028003501892089833
59 0.5074868679046631 0.5241550445556641 0.014685344696044988 0.03996562957763672
54 0.44254255294799805 0.5092796325683594 0.016919708251953103 0.04447641372680661
56 0.5186396598815919 0.40050019025802613 0.016794586181640647 0.03269197940826418
56 0.5519949436187743 0.4016658782958984 0.015555763244628928 0.03242130279541017
18 0.29254047870635985 0.4544960975646973 0.01642289161682131 0.031110191345214866
24 0.6033760070800781 0.4680004119873047 0.017068099975585893 0.03179512023925779
26 0.3054808616638184 0.5934452056884766 0.014625453948974576 0.031059074401855513
52 0.42574186325073243 0.5095359325408936 0.015581512451171897 0.04340982437133789
34 0.3092067718505859 0.5165019035339355 0.017130279541015647 0.030763721466064542
41 0.36445281505584715 0.7698557853698731 0.032230424880981434 0.03378772735595703
19 0.43696831294468474 0.3866794508330676 0.017246409824916265 0.030852524115114854
23 0.4202121734619141 0.4528655529022217 0.017266654968261685 0.026000499725341797
15 0.3478209495544433 0.38509573936462405 0.017947959899902333 0.030720138549804654
18 0.31063616275787354 0.4544381141662598 0.018418550491333008 0.03106994628906251
17 0.31110386848449706 0.38443822860717775 0.017118549346923806 0.029773139953613303
59 0.5380603790283203 0.5260485649108887 0.015037918090820335 0.03945350646972656
59 0.5701798439025879 0.5271910190582275 0.015065383911132768 0.03972673416137695
56 0.5357163906097412 0.4006680488586426 0.015859603881835938 0.03300418853759762
24 0.6210573673248291 0.46840333938598633 0.016658973693847612 0.03211994171142574
59 0.615562629699707 0.5292537689208985 0.01596622467041009 0.0412445068359375
23 0.4025580883026123 0.4530630111694336 0.016779613494873002 0.026024818420410156
14 0.3652984370990675 0.385987951317612 0.01748986049574247 0.029868122022979116
59 0.5229690551757813 0.5251103878021239 0.015391635894775324 0.04026041030883787
24 0.5864490340175501 0.4676079326323783 0.015889515483830774 0.029984580169541752
28 0.5660640716552734 0.6653366565704346 0.019223594665527366 0.061190891265869074
28 0.5520579878490555 0.5905649300276796 0.019499370129439142 0.05804893048140258
28 0.5477646368327158 0.6663801291050055 0.01737565644931438 0.0607250017997546
56 0.5006284713745117 0.3999607086181641 0.017649841308593706 0.033132076263427734
59 0.5853393077850342 0.5278775215148925 0.014706325531005815 0.040208053588867254
19 0.507653284072876 0.4644045829772949 0.014446353912353493 0.02813014984130857
23 0.438025697072347 0.453955332438151 0.017327435811360647 0.026400248209635435
59 0.6001888751983643 0.5282209396362305 0.015194225311279341 0.04196529388427728
47 0.6338155746459961 0.40397101640701294 0.013605117797851562 0.03358361721038816
34 0.32717032432556153 0.5164274215698242 0.017067575454711936 0.030157279968261674
28 0.5728064941723199 0.5912039944962861 0.021140861511230513 0.05705480575561528
29 0.5444333675780582 0.7563599109649658 0.029147911071777277 0.099095630645752
24 0.6339308261871338 0.4688403129577636 0.010133552551269576 0.032511520385742176
31 0.5146928712859917 0.5945507642408936 0.01866672322592655 0.052132556597402124
17 0.29373552799224856 0.384032154083252 0.017054319381713867 0.02999091148376465
14 0.3846303886296798 0.385987951317612 0.01748986049574247 0.029868122022979116
16 0.4018455038265306 0.3865991709183673 0.01574457908163268 0.02989477040816324
16 0.41898517219387754 0.38719706632653056 0.01574457908163268 0.02989477040816324
52 0.40878765318128796 0.5093098764066343 0.015581512451171897 0.04340982437133789
34 0.3443505905292652 0.5164274215698242 0.017067575454711936 0.030157279968261674
34 0.2920265056468822 0.5171800719367133 0.017130279541015647 0.030763721466064542
36 0.29801884403935186 0.6644558376736112 0.03187391493055558 0.02192744502314814
58 0.3293208206635294 0.6660202540426503 0.03267022871515057 0.02247534547339225
36 0.3645923755787037 0.6627604166666667 0.03119574652777779 0.02350983796296291
29 0.5164172302829764 0.7568935516753482 0.029147911071777277 0.099095630645752
29 0.573249965938714 0.7560930906097745 0.029147911071777277 0.099095630645752
29 0.6012661032337958 0.755559449899392 0.029147911071777277 0.099095630645752
29 0.6273944857341995 0.7556270604576569 0.021636916509743087 0.09923085176228175
31 0.5328904128594668 0.5934962728169277 0.01609505784479426 0.05481365877341715
31 0.496723448291143 0.5954672167443359 0.01635794779522398 0.05222570707357721
32 0.5918600488544474 0.5910703756738545 0.016583136792452824 0.058172590970350435
32 0.6101541442048517 0.5913336000673854 0.018425707547169767 0.058172590970350435
32 0.6277901785714286 0.5918600488544474 0.018425707547169767 0.058172590970350435
32 0.5858058878032345 0.6654312668463611 0.02132117587601079 0.062120956873315314
32 0.6071270636792452 0.6649048180592991 0.02132117587601079 0.062120956873315314
32 0.628711463948787 0.6643783692722371 0.02132117587601079 0.062120956873315314
31 0.5299702659025864 0.6695094573904139 0.016875922909467378 0.05570794852315908
31 0.5119417190586496 0.669516207082933 0.017683375533007473 0.05512232981003773
31 0.49427223719676555 0.6692316139558232 0.016554044682774216 0.05529932228915657
59 0.6300225329027409 0.5299804292436698 0.013131437535275237 0.0426978274814801
59 0.49441717016139375 0.5236183392709507 0.011165659677212447 0.041067191168566275
19 0.5551725886712361 0.4666578405418481 0.015460968017578125 0.028003501892089833
24 0.5705717372469488 0.4674991840243605 0.014584532187617016 0.029767082953506108
47 0.6192432611716085 0.40288353032683477 0.013605117797851562 0.03358361721038816
47 0.6024959755368647 0.4026660331107992 0.013605117797851562 0.03358361721038816
47 0.5866186787662634 0.4028835303268348 0.013605117797851562 0.03358361721038816
47 0.569001404267377 0.4026660331107992 0.013605117797851562 0.03358361721038816
