16 0.4907279491424561 0.12053189277648926 0.033669185638427745 0.07578952312469484
29 0.6057909802692694 0.9084889481707317 0.06700035653463232 0.18302210365853655
29 0.5368763923645019 0.9077707290649415 0.06623172760009766 0.18442573547363283
29 0.4688048444143156 0.9060496772207864 0.06372415263478354 0.18767100078303633
16 0.5255813121795654 0.11638909578323364 0.03279552459716795 0.0740102767944336
25 0.5965405941009521 0.10559484958648682 0.03441324234008791 0.07646284103393554
25 0.6691454887390137 0.09635734558105469 0.036047935485839844 0.07922701835632323
16 0.5604926109313965 0.11088396310806274 0.03415946960449223 0.07477178573608398
25 0.7051706314086914 0.09424618482589722 0.0347234725952148 0.07777369022369385
25 0.6325860023498535 0.10023286342620849 0.036128997802734375 0.07866599559783936
