29 0.34172148704528804 0.40523241758346557 0.06808109283447267 0.22095720767974847
29 0.410357666015625 0.4104325771331787 0.0650472640991211 0.2235220909118652
29 0.5446516036987306 0.430594527721405 0.06889762878417971 0.22640440464019773
29 0.4764076232910156 0.4207006931304932 0.06704902648925781 0.2253424644470215
28 0.6735625198909214 0.20570788534860762 0.06364289692470004 0.21920346910991362
31 0.30448467731475826 0.18074004650115966 0.05366997718811034 0.17400150299072267
31 0.3593264564635262 0.1852160016695658 0.05019629342215404 0.17520291729578893
31 0.4073795318603516 0.19143725198412698 0.04554599580310642 0.17826140873015872
31 0.45775775606670077 0.19414992559523814 0.05019629342215404 0.1790364583333334
31 0.5081359802730501 0.20035032242063494 0.051746392628503224 0.18213665674603177
31 0.5612268780905103 0.2100175889711531 0.05407154143802706 0.18450351253388425
31 0.6139302511063833 0.21623883928571436 0.050971343025328575 0.17981150793650805
