23 0.6883351325988769 0.3577912330627442 0.027661895751953103 0.06521482467651368
23 0.7186218261718751 0.3577604293823242 0.030908203124999978 0.06564035415649416
15 0.4151449203491211 0.3631254196166992 0.0277044296264648 0.05902404785156251
54 0.3676877975463867 0.46440792083740234 0.025407409667968783 0.07800121307373042
15 0.38728041648864747 0.36282851696014407 0.026286506652832053 0.05854015350341796
34 0.3385450839996338 0.5620783805847168 0.023255252838134788 0.05700569152832036
18 0.658118486404419 0.3582226753234863 0.029886817932128995 0.0652912139892578
51 0.4154254913330078 0.4666436195373535 0.02611961364746096 0.07583885192871087
34 0.38747267723083495 0.5645977020263673 0.024013662338256858 0.057952499389648415
34 0.36267166137695317 0.5639717102050781 0.02382831573486327 0.05826797485351565
19 0.3601547718048096 0.36235618591308594 0.026845264434814442 0.058884048461914085
15 0.329766845703125 0.26181035041809086 0.028367996215820312 0.061540794372558605
41 0.6959525108337402 0.7516366004943847 0.040246009826660156 0.042629909515380815
26 0.4126615524291992 0.5661636352539063 0.024896621704101562 0.0549903869628906
52 0.4420710563659668 0.466172456741333 0.024020099639892545 0.07855043411254886
24 0.22656586170196535 0.36111335754394536 0.024608945846557623 0.06221933364868165
33 0.31410462856292726 0.5604335308074951 0.02469348907470703 0.05688362121582036
41 0.2625871658325195 0.7154226779937745 0.04352426528930661 0.04724588394165041
41 0.31885013580322263 0.8383742332458496 0.041262531280517545 0.03140144348144536
14 0.3579678773880005 0.2622001886367798 0.02672758102416989 0.06277027130126955
18 0.6272581100463868 0.35869550704956055 0.031213760375976562 0.06479744911193852
41 0.26983330249786375 0.8018247604370117 0.040998029708862294 0.04146633148193357
15 0.5665746688842774 0.35733561515808104 0.027756118774414085 0.06149625778198242
41 0.7462193489074707 0.8007197380065918 0.04353408813476556 0.041213607788086026
15 0.30135030746459956 0.2617713928222656 0.028312873840332042 0.0614455223083496
16 0.28279085159301753 0.4730273723602295 0.023728656768798817 0.055277061462402355
14 0.4416937828063965 0.2626286268234253 0.027178192138671897 0.06504011154174805
16 0.3092665672302246 0.4727313041687011 0.026424217224121138 0.05786781311035155
41 0.5477760314941407 0.7362424373626709 0.040200424194336004 0.04827003479003911
15 0.4436124324798584 0.3632929801940918 0.026966285705566417 0.06053361892700193
41 0.7342898368835449 0.8793481826782226 0.04403114318847656 0.030723190307617165
29 0.6018698692321778 0.4976457595825195 0.04620666503906257 0.16608438491821287
41 0.3623929500579834 0.8051839590072631 0.038025617599487305 0.03895611763000495
14 0.4658495426177979 0.26253840923309324 0.02112760543823239 0.06413297653198241
47 0.7627315521240234 0.23304860591888427 0.031855773925781206 0.07831172943115236
41 0.6447547912597656 0.747732400894165 0.03905677795410156 0.04304313659667969
61 0.7511710166931153 0.7509831428527832 0.04637832641601558 0.05671958923339848
14 0.8116669654846191 0.3589834690093994 0.03280487060546866 0.07153701782226562
41 0.5898064136505127 0.8310865402221679 0.04024314880371094 0.0412925720214844
41 0.26714625358581545 0.7587708473205567 0.039712333679199185 0.04233913421630864
54 0.34168076515197754 0.463686466217041 0.025245475769043013 0.07706832885742188
47 0.6994664669036865 0.2335031986236572 0.028894424438476562 0.07856106758117673
46 0.6859809398651123 0.6562979698181153 0.06620712280273433 0.042276954650878884
26 0.43904633522033687 0.5670335769653321 0.02657012939453124 0.05588693618774421
41 0.3633393764495849 0.8417560577392578 0.03963785171508788 0.03226737976074212
14 0.4137126445770264 0.2620396137237549 0.027265357971191395 0.06489801406860352
17 0.27310335636138916 0.26161475181579585 0.026203489303588845 0.06092100143432616
17 0.2464460849761963 0.2619029998779297 0.025590515136718756 0.06288018226623537
16 0.25778415203094485 0.47296438217163084 0.02363753318786624 0.05455379486083983
46 0.5623532295227052 0.6501633167266846 0.06241760253906248 0.041059780120849654
14 0.3855687141418457 0.26239554882049565 0.0274341583251953 0.06408662796020509
46 0.4446199417114258 0.6417506217956543 0.0600879669189453 0.042652130126953125
41 0.5434120655059815 0.8241813659667969 0.03643999099731443 0.04206008911132819
46 0.622173547744751 0.6521141052246093 0.058515834808349654 0.0436738967895508
19 0.3332252502441406 0.3617954730987549 0.026131057739257835 0.05878753662109376
41 0.4048594951629638 0.7694647312164307 0.03881196975708007 0.039435386657714844
41 0.45052242279052734 0.730354118347168 0.03830070495605464 0.04657068252563479
28 0.6439637660980224 0.5316910743713379 0.03577756881713867 0.10890884399414058
41 0.3134458065032959 0.7183188438415526 0.04108018875122066 0.04284324645996096
17 0.21666762828826905 0.2635032653808594 0.030814123153686535 0.0656670093536377
41 0.3153105258941651 0.7615832328796387 0.040777015686035145 0.040652465820312456
16 0.23257617950439452 0.47442069053649905 0.024468708038330095 0.056209278106689464
41 0.7399931907653808 0.8429271697998046 0.042191505432128906 0.04189910888671877
41 0.5950674533843994 0.7419597625732421 0.03897581100463865 0.04676742553710944
41 0.4058073997497559 0.8104989051818847 0.03875131607055665 0.03913860321044915
33 0.28853912353515626 0.5590140342712402 0.02436685562133789 0.055808734893798895
41 0.2716298580169678 0.8364601135253906 0.04055662155151368 0.02921218872070308
47 0.7281635284423829 0.23349895477294924 0.027545166015625067 0.07808470726013186
41 0.40488567352294924 0.727427101135254 0.037964630126953114 0.043238258361816384
41 0.6862125396728516 0.8747193336486816 0.0415297508239747 0.03216056823730462
28 0.7204488277435304 0.5367987632751465 0.03731260299682615 0.11091976165771478
15 0.5963873863220215 0.3571120500564575 0.02951202392578134 0.062298727035522417
19 0.28071169853210454 0.36017513275146484 0.025518131256103527 0.058610630035400346
41 0.640510082244873 0.8340566635131836 0.04100780487060551 0.04071464538574221
56 0.8293386459350587 0.23399462699890136 0.031708145141601585 0.07980875968933104
28 0.6821003913879394 0.5337275505065918 0.036959934234619185 0.11037635803222656
41 0.6420329570770263 0.7921206474304199 0.04258871078491211 0.042886543273925715
41 0.5457523345947266 0.7806790351867676 0.037087631225586004 0.040711402893066406
19 0.30683579444885256 0.3611974000930786 0.02548503875732422 0.05919528007507324
32 0.7937223434448242 0.5417825698852539 0.03411521911621096 0.10766468048095701
56 0.7963668823242187 0.2333808362483978 0.03183422088623045 0.0781727910041809
41 0.4512749671936035 0.8154595375061036 0.03676643371582028 0.03836631774902344
41 0.35941781997680666 0.7205873489379884 0.03716955184936527 0.04227151870727541
46 0.5678813934326172 0.6119132041931152 0.06183414459228509 0.034472656249999956
33 0.2643233299255371 0.5586867809295655 0.0232224941253662 0.057390022277831965
41 0.45088443756103513 0.7756698131561279 0.03914422988891603 0.0425567626953125
41 0.6935776710510254 0.7966356754302979 0.04266071319580078 0.044465160369873025
15 0.5435330390930175 0.35704622268676756 0.017794227600097634 0.06107625961303714
51 0.4652258396148682 0.46658415794372554 0.021596431732177734 0.07864952087402338
41 0.3604060173034668 0.7650436401367188 0.03898439407348636 0.0418493270874023
46 0.38601016998291016 0.637548303604126 0.056906032562255904 0.04156064987182617
41 0.31725254058837893 0.8026786804199219 0.0398848533630371 0.04100017547607426
41 0.6901103973388671 0.8400354385375977 0.04134235382080076 0.041950988769531294
15 0.46694226264953614 0.36370842456817626 0.019075393676757812 0.05955138206481936
31 0.7572267532348633 0.5393362045288086 0.036314201354980535 0.10998592376708988
46 0.7521504955691891 0.6600616054935056 0.06375827789306632 0.04368228912353522
33 0.24043893814086914 0.5582432746887207 0.024074649810790993 0.06005859375
46 0.32995152473449707 0.6336260795593263 0.05350131988525386 0.04222812652587893
29 0.5561381340026855 0.49608154296875 0.044009399414062456 0.17029514312744143
19 0.2532980258891125 0.36090909139999494 0.02760303762574859 0.057491626802659124
59 0.46435223509933776 0.5579664217715232 0.02069536423841062 0.07922444122516559
46 0.2738722577927605 0.631623543633355 0.05667016695416155 0.04189292060004346
46 0.6303941743357198 0.6126417870288129 0.06052120115373516 0.03524691108223443
46 0.6889537787937619 0.6159241149475524 0.05403354818170725 0.032779720279720204
46 0.7449524676049506 0.6196801245629371 0.05744810237751152 0.035511363636363646
41 0.45196400789114144 0.8530968049189428 0.034705441481583554 0.03305737355372296
41 0.592538057007156 0.7890875236137764 0.04024314880371094 0.0412925720214844
41 0.407977764423077 0.847633518205656 0.03824300699300692 0.03442319523204451
