55 0.4279534186086348 0.35674101152727683 0.03869895935058587 0.13933572769165037
59 0.339037561416626 0.3565785408020019 0.046712017059326205 0.15767269134521483
59 0.3837463617324829 0.35685770511627196 0.04390377998352052 0.1555797100067139
15 0.2714065074920654 0.11226568222045898 0.05402889251708984 0.13204350471496581
54 0.5986181259155273 0.3545177936553955 0.03981590270996094 0.14113645553588866
19 0.5305727005004883 0.13537535965442657 0.04551839828491211 0.1249445378780365
16 0.43370466232299804 0.1279771089553833 0.04889106750488281 0.12812376022338867
15 0.21634783148765563 0.10957225561141967 0.052797806262969954 0.1323974609375
19 0.5759186267852783 0.13916510343551636 0.04405012130737307 0.12211463451385497
25 0.6647934436798095 0.1488463521003723 0.043688297271728516 0.11976020336151122
25 0.6198885917663575 0.1449303835630417 0.0425031661987304 0.1205820620059967
16 0.48285913467407227 0.13078778088092805 0.04682340621948239 0.12558988928794862
14 0.38086323738098143 0.12247075736522675 0.052027225494384766 0.12844992280006406
26 0.23658037185668945 0.3780028820037842 0.04965243339538572 0.12369537353515625
26 0.2888020515441895 0.38023982048034666 0.05447349548339847 0.11886129379272464
14 0.32642054557800293 0.11644480228424071 0.05255498886108401 0.12758448123931884
54 0.5578220844268799 0.3532803535461426 0.04028673171997066 0.1437528610229492
29 0.5097341537475586 0.8568111419677734 0.0744466781616211 0.2777177810668945
29 0.651300048828125 0.8316091299057007 0.07142925262451172 0.28611302375793457
29 0.5817713737487793 0.841888427734375 0.0659397125244141 0.2934112548828125
51 0.47225103378295896 0.3534305810928345 0.04332027435302738 0.14185261726379395
51 0.5147787555571525 0.3550056818992861 0.04332027435302738 0.14185261726379395
51 0.6423619208797331 0.35710581630788824 0.04332027435302732 0.14185261726379395
