46 0.5747137305662804 0.5725872039794921 0.07975196838378906 0.06583757400512702
41 0.5311316013336183 0.4678627014160156 0.060218429565429665 0.06894760131835936
41 0.6016998599897995 0.8438348125349655 0.048339905526473936 0.04530499956385825
41 0.46303205490112304 0.47516832351684574 0.061726951599121116 0.07096233367919924
41 0.5236711978912354 0.31621518135070803 0.06747312545776368 0.08179287910461425
41 0.49438047409057617 0.9451440811157227 0.04635906219482422 0.03790206909179683
41 0.6639249324798584 0.387817907333374 0.05878915786743155 0.06983280181884766
41 0.48929853439331056 0.9037738800048828 0.0476716995239258 0.04788608551025386
41 0.5947025775909424 0.3114197254180908 0.06193189620971684 0.08245954513549802
41 0.6655748844146728 0.3097690105438232 0.060516643524169966 0.08052792549133297
41 0.5283624649047851 0.3940321445465088 0.06090831756591791 0.07701930999755863
41 0.4583613395690918 0.39940855503082273 0.06504402160644529 0.07660479545593263
41 0.548090648651123 0.8967683792114258 0.04631538391113288 0.04285621643066406
41 0.3832992076873779 0.40276541709899905 0.06975851058959964 0.07829599380493163
41 0.48614945411682126 0.8533327102661132 0.04494104385375974 0.05019531249999998
46 0.404099988937378 0.6053618907928466 0.08254976272583009 0.07089586257934577
41 0.6566340097048987 0.8435781546449854 0.04047691986145763 0.0400472505855175
41 0.595430850982666 0.3903920173645019 0.061002349853515714 0.07362108230590819
41 0.3889892339706421 0.4807435035705567 0.0651596546173096 0.07353343963623049
41 0.6027011871337891 0.8905279159545898 0.045720481872558505 0.044059371948242165
41 0.5967277526855468 0.46248626708984375 0.060556983947753884 0.06963195800781252
41 0.544732666015625 0.846372413635254 0.04780387878417969 0.05217933654785156
41 0.6545135021209717 0.8842247009277344 0.040118503570556685 0.03937873840332029
41 0.6009949207305908 0.929095458984375 0.04489393234252925 0.033069610595703125
41 0.45224533081054685 0.3177669048309326 0.06553668975830079 0.0835756301879883
41 0.5255312442779541 0.20508399009704592 0.07227220535278323 0.09494924545288089
41 0.5494629859924316 0.9369566917419434 0.04672918319702146 0.03659591674804685
41 0.6662644386291504 0.4587878227233887 0.050883483886718706 0.07062568664550778
41 0.37549843788146975 0.3187424182891846 0.07302312850952147 0.08473424911499022
61 0.5265236854553222 0.10001277923583984 0.07493572235107421 0.11715226173400878
46 0.4901528835296631 0.5843424214257134 0.08406553268432615 0.06763775083753798
61 0.6085387229919434 0.10370876789093017 0.07094297409057615 0.11104598045349122
61 0.6034194815088306 0.2069181014800213 0.06879435798825595 0.08979268017605208
61 0.6785396738165229 0.204606710947477 0.06879435798825595 0.0897926801760523
61 0.6837403025147477 0.10122160206179646 0.07110574852080032 0.11139753104666986
61 0.5250093747878216 0.20441030828205087 0.07075140574980071 0.09249687603944859
61 0.4481556395807209 0.20094322248323426 0.07075140574980066 0.09249687603944856
61 0.4448852426201633 0.10205587332065288 0.07525957547701312 0.10728759723302178
61 0.3678348185748037 0.20441030828205087 0.07075140574980066 0.09249687603944864
44 0.3608499188647115 0.11997459608687605 0.07750167881469433 0.07570500612724042
46 0.6466623896176054 0.5755838460528973 0.06357357772355232 0.0647834999045146
41 0.6532668265890569 0.9245338764596494 0.040118503570556685 0.03937873840332029
