23 0.6305372238159179 0.4570876121520996 0.02589206695556634 0.0586896896362305
23 0.6044577598571776 0.45655126571655275 0.024450683593750022 0.05887184143066404
52 0.4091595530509949 0.5415822505950927 0.02466108798980715 0.07498512268066404
47 0.7710596084594727 0.3316271543502808 0.02571735382080076 0.06652297973632809
23 0.57907133102417 0.45605149269104006 0.02421226501464846 0.058945465087890614
47 0.7984745502471924 0.3319427013397217 0.025448513031005815 0.06665544509887694
17 0.305593466758728 0.32792367935180666 0.027452898025512706 0.059488773345947266
54 0.4579195976257324 0.5401879310607911 0.02291812896728518 0.0762907028198242
17 0.2784480094909668 0.3278857707977295 0.026430130004882812 0.06036233901977539
26 0.3006863594055176 0.6507402420043946 0.023661327362060502 0.05201282501220705
26 0.3208587646484375 0.7087800979614258 0.023441791534423828 0.05094490051269529
17 0.3329154014587402 0.3277888298034668 0.02661933898925778 0.058545494079589866
41 0.3798102378845215 0.7773600578308106 0.03976421356201171 0.04544677734375002
41 0.33220648765563965 0.7769742965698242 0.03900518417358401 0.04539127349853511
25 0.7356154441833496 0.45736217498779297 0.025193977355956965 0.060168457031249956
26 0.2968241453170776 0.708647346496582 0.02362570762634275 0.053424072265624956
61 0.6657750129699707 0.6952585220336914 0.038475418090820335 0.051154804229736284
26 0.3250174999237061 0.6495522499084473 0.02319307327270509 0.051731872558593794
15 0.35942492485046384 0.32828869819641116 0.02591123580932614 0.059747123718261685
56 0.7160793304443359 0.3287789821624756 0.02471094131469731 0.06472969055175781
26 0.2771908760070801 0.6512957096099854 0.021761322021484397 0.052233219146728516
41 0.42889432907104497 0.865131950378418 0.03867454528808595 0.04244499206542973
26 0.3946682691574097 0.6513206958770752 0.023547601699829113 0.05338468551635733
15 0.38668131828308105 0.3295722723007202 0.026945972442626975 0.06208038330078125
26 0.3448842287063599 0.7092794418334961 0.023208141326904297 0.050389099121093794
26 0.2718459129333496 0.7095534324645996 0.023251628875732455 0.054576206207275324
41 0.33462986946105955 0.822705078125 0.040028667449951205 0.04231948852539069
28 0.5957303524017334 0.600177001953125 0.03126068115234382 0.09627819061279297
17 0.251309871673584 0.32784132957458495 0.027484989166259743 0.06092128753662107
28 0.626173448562622 0.5996999740600586 0.027912998199462913 0.09640674591064458
24 0.790133285522461 0.45911321640014646 0.02861785888671875 0.06217899322509762
26 0.4423678874969482 0.6516881942749023 0.024111461639404308 0.05297155380249019
15 0.41361799240112307 0.32937357425689695 0.025960159301757824 0.06156916618347169
43 0.7089759826660156 0.6897747039794921 0.04415607452392578 0.036894798278808594
41 0.2939662456512451 0.900971794128418 0.039809179306030285 0.030940246582031206
41 0.28565101623535155 0.7760710716247559 0.0405148506164551 0.04557743072509757
26 0.3483115673065186 0.6501026153564453 0.022591209411621127 0.05071735382080078
41 0.4264471054077148 0.8212625503540039 0.038977813720703136 0.043837356567382746
41 0.4255667686462402 0.7745782852172851 0.039491081237792935 0.04489326477050781
55 0.4825840950012207 0.540427303314209 0.024108695983886708 0.07613449096679692
14 0.4396472454071045 0.3293614387512207 0.02454576492309568 0.0614906311035156
56 0.7436234474182128 0.32982342243194585 0.02642116546630857 0.06393952369689943
26 0.3709411144256592 0.6511893272399902 0.02244987487792971 0.05201005935668945
26 0.36914768218994143 0.7095854759216309 0.023880195617675792 0.05149641036987307
41 0.380838418006897 0.8235441207885743 0.0403405666351318 0.04232845306396482
43 0.7555466175079346 0.6871026039123536 0.04126930236816406 0.03208293914794924
41 0.47316131591796873 0.8250230789184569 0.04082889556884767 0.042159652709960915
25 0.7098196029663086 0.45766773223876955 0.025468444824218728 0.059262466430664074
41 0.42955894470214845 0.901491641998291 0.0402494430541992 0.029721450805664018
16 0.28496663570404057 0.42188568115234376 0.024414491653442394 0.06059875488281252
41 0.4741676807403564 0.8679189682006836 0.03995513916015625 0.04160957336425786
14 0.46532726287841797 0.3302600622177124 0.025757789611816406 0.06194577217102054
61 0.6637474536895752 0.7423563003540039 0.03889818191528316 0.043593406677246094
41 0.38281538486480715 0.8659490585327148 0.04007534980773925 0.04067649841308596
26 0.4182328224182129 0.6512565612792969 0.022553825378417935 0.05295562744140625
16 0.3102270603179932 0.42251410484313967 0.02488088607788086 0.061607265472412076
25 0.6832395553588868 0.4578104972839355 0.025248908996582053 0.05887098312377931
16 0.2601031541824341 0.4214727401733398 0.02445359230041505 0.06043405532836915
41 0.2901027202606201 0.8654943466186523 0.04143753051757815 0.04052238464355473
41 0.38454766273498536 0.9012707710266114 0.04074668884277344 0.03044052124023433
25 0.6572117805480957 0.45780458450317385 0.025628089904785156 0.0590373992919922
41 0.3376463890075684 0.9023176193237304 0.040221405029296886 0.030032348632812456
41 0.3360889196395874 0.8661632537841797 0.039905261993408214 0.041068649291992276
26 0.41738166809082033 0.7093918800354004 0.023103332519531283 0.051176834106445246
25 0.7618243217468261 0.45794610977172856 0.026238441467285156 0.06079883575439454
26 0.39344191551208496 0.7097834587097168 0.023388385772705078 0.05121612548828125
54 0.4341920852661133 0.540834903717041 0.02377796173095703 0.07494812011718754
19 0.48886852264404296 0.4235050678253174 0.018920516967773415 0.05961742401123049
28 0.6870383684849223 0.5984679910051565 0.032128334045410156 0.0979429244995117
28 0.6549823760986329 0.5980148002459169 0.029675769805908137 0.0994752883911133
43 0.7081179141998291 0.7212913513183594 0.042160415649414085 0.02649812698364251
14 0.4885838985443115 0.33014559745788574 0.020523738861083995 0.06190881729125974
26 0.44163060188293457 0.7089299201965332 0.02368984222412107 0.051802635192871094
27 0.5703439712524414 0.8871553421020508 0.05527858734130864 0.06396141052246096
16 0.3360234975814819 0.42291674613952634 0.0248995780944824 0.06159048080444335
41 0.2872605800628662 0.8223254203796386 0.040848731994628906 0.044349288940429665
51 0.384960126876831 0.5408096313476562 0.021634769439697277 0.07414627075195312
61 0.6205271720886231 0.6951173782348632 0.04080963134765625 0.05098018646240232
41 0.4735248565673828 0.9037374496459961 0.04040470123291018 0.030156326293945268
61 0.6200428962707519 0.7422194957733155 0.040788459777832076 0.043620395660400324
31 0.7200893402099608 0.6054052196420014 0.030049896240234353 0.0896981239318847
42 0.577543067932129 0.7205319881439209 0.039764785766601585 0.02996063232421875
43 0.7542466640472412 0.7185615539550781 0.04240274429321289 0.030903053283691362
32 0.564755916595459 0.6001293182373046 0.0286712646484375 0.09805412292480475
31 0.7486949339001541 0.6056149775029704 0.02634207368266106 0.08847937451058496
19 0.46493043899536135 0.4228023052215576 0.025545310974121105 0.05908164978027347
42 0.5783491134643555 0.7503613471984864 0.040092849731445224 0.029386711120605424
31 0.775182056427002 0.6062461376190186 0.02571306228637693 0.08821029663085933
16 0.36079483904489656 0.4238694900419654 0.0248995780944824 0.06159048080444335
16 0.38747166831318924 0.4238694900419654 0.0248995780944824 0.06159048080444335
16 0.4127193817278234 0.4243458619931849 0.0248995780944824 0.06159048080444335
19 0.43872998167828814 0.4223259332703382 0.025545310974121105 0.05908164978027347
42 0.577543067932129 0.6884838070293698 0.039764785766601585 0.02996063232421875
43 0.7521302747283557 0.7509120764008986 0.04240274429321289 0.030903053283691362
41 0.47322673267788357 0.7633954927033069 0.03776834836972309 0.03634729073717702
59 0.48699167514669484 0.7023154357383992 0.01900644302368165 0.07068119049072263
59 0.4652504789418188 0.7018962399712925 0.01898155212402347 0.07244148254394522
34 0.2861328125 0.5537109375 0.02734375 0.0546875
33 0.25944010416666663 0.5540364583333333 0.022786458333333315 0.05403645833333337
27 0.6264888489282824 0.8865580561693289 0.05527858734130864 0.06396141052246096
27 0.6769094871089364 0.8770708906541176 0.04621925208182143 0.07457373849477966
27 0.7397738315278966 0.8626302083333333 0.058463613702616546 0.04628965978593269
27 0.7267828624911994 0.8194762996941896 0.058762256668977386 0.03942087155963303
27 0.6268515863914373 0.8224627293577982 0.05674216360856277 0.05196387614678899
27 0.5732451739296636 0.8247025516055045 0.049276089449541316 0.056443520642201817
27 0.6757149152434929 0.8173857989296636 0.04024639275460429 0.042407301223241656
