18 0.6348437309265137 0.29727668762207027 0.03179912567138676 0.055702972412109364
47 0.5759312629699707 0.48177413940429686 0.025026130676269465 0.0627464294433594
56 0.6339218139648437 0.48287334442138674 0.02865314483642578 0.06512680053710934
47 0.5452716827392579 0.48163557052612305 0.025995826721191384 0.06234989166259769
15 0.6043782234191895 0.1960155963897705 0.03222455978393546 0.06120872497558594
16 0.47933330535888674 0.29953699111938475 0.02928638458251953 0.053245925903320335
16 0.5409079551696777 0.29897422790527345 0.029133987426757768 0.05409049987792969
15 0.4768241882324219 0.199008572101593 0.03078145980834962 0.058125281333923334
17 0.37753345966339114 0.199808669090271 0.03305764198303224 0.056918239593505865
16 0.5705551147460937 0.2989379405975342 0.02841529846191404 0.054512977600097656
15 0.5399248123168945 0.19768354892730713 0.031271743774413996 0.059679555892944325
15 0.571897029876709 0.19726297855377198 0.031973075866699174 0.05918240547180176
33 0.5651185989379883 0.3917144060134887 0.02812328338623049 0.05319886207580565
27 0.4836762776340011 0.7046229628750877 0.06329867648382259 0.06976867278997045
55 0.5509849071502686 0.5732126235961914 0.025722312927246027 0.07075242996215825
26 0.6248771667480468 0.39229187965393064 0.029298591613769465 0.0525774002075195
19 0.419279956817627 0.2997750282287598 0.02931356430053711 0.052612972259521495
55 0.5243934631347656 0.5733584403991698 0.025208473205566406 0.06936588287353518
16 0.5101237297058105 0.29951632022857666 0.030002021789550748 0.053583621978759766
33 0.5937097549438477 0.3916835308074951 0.026848888397216775 0.053548622131347645
19 0.4491224765777588 0.2999292850494385 0.02987470626831057 0.053685617446899425
14 0.6716494560241699 0.19447529315948486 0.03283958435058598 0.060912656784057606
19 0.3895504236221313 0.30005998611450196 0.029421186447143588 0.052231788635253906
14 0.6376026630401612 0.19532634019851686 0.03288946151733396 0.061753964424133306
41 0.37934939861297606 0.7090643405914308 0.045758581161499 0.04290571212768557
41 0.4303892135620117 0.7103205680847169 0.04346332550048826 0.04514446258544924
41 0.669792366027832 0.9304328918457031 0.04071464538574221 0.050869750976562544
18 0.6019133567810058 0.2981554985046387 0.03254547119140627 0.055578327178955056
41 0.5702502250671386 0.872682762145996 0.04637632369995115 0.0545219421386719
41 0.6204519271850586 0.9300735473632813 0.0456182479858398 0.04380931854248049
17 0.41040377616882323 0.1992621064186096 0.03367481231689451 0.05654485225677491
25 0.3877296924591065 0.3914880514144897 0.029171276092529286 0.0517874240875244
15 0.5083153724670411 0.19796383380889893 0.030937385559082042 0.05969877243041993
23 0.6707248687744141 0.2963421106338501 0.033270072937011674 0.05628681182861328
25 0.4167037010192871 0.3915185689926147 0.028526020050048784 0.051784467697143566
41 0.6218771934509277 0.7927501201629639 0.04409904479980464 0.05148992538452157
44 0.6752181053161621 0.658017349243164 0.04963321685791011 0.04114341735839844
26 0.6548334121704101 0.3922743320465088 0.02911853790283203 0.05402231216430664
52 0.4450277805328369 0.5717384338378906 0.026353836059570312 0.06963176727294929
27 0.5575736045837403 0.7055668830871582 0.07034053802490237 0.06618432998657231
41 0.5686985492706298 0.9256406784057618 0.04565277099609377 0.04530754089355471
26 0.6844249725341797 0.39207746982574465 0.029462814331054688 0.05492062568664552
17 0.3438174486160278 0.201007080078125 0.03394570350646969 0.05813379287719725
41 0.6219884395599364 0.8777838706970215 0.0476564407348633 0.05083866119384761
56 0.6033846855163574 0.482280969619751 0.02700119018554681 0.06409273147583011
41 0.43100461959838865 0.6587790012359619 0.04319190979003906 0.055837917327880904
25 0.35746643543243406 0.3912007331848144 0.028907203674316373 0.05243988037109376
41 0.5716945648193359 0.7919118404388428 0.04168262481689455 0.051434230804443315
41 0.6721227645874024 0.7931985855102539 0.04452438354492194 0.05278720855712882
52 0.471614933013916 0.5730138778686524 0.024864768981933627 0.06816997528076174
14 0.70699462890625 0.1942312479019165 0.03449535369873047 0.06124286651611327
17 0.4443209171295166 0.19970617294311524 0.0336738586425781 0.05667085647583009
24 0.4470821380615234 0.391840648651123 0.029558181762695312 0.05270843505859374
44 0.6749839305877685 0.6970148086547852 0.04733009338378913 0.03558340072631827
41 0.672617244720459 0.8781079292297364 0.042142295837402366 0.052948951721191406
24 0.47692623138427737 0.39201722145080564 0.027805042266845714 0.05258464813232422
23 0.7070131778717041 0.29618427753448484 0.035053253173828125 0.05713295936584473
41 0.3763174533843994 0.6586691856384277 0.044713497161865234 0.05696411132812507
24 0.5060394287109375 0.3919867992401123 0.02717247009277346 0.0529304504394531
14 0.35909783840179443 0.3008652925491333 0.02980551719665525 0.05365352630615239
33 0.39077129364013674 0.5706991195678711 0.02559070587158202 0.06977252960205083
55 0.5780208587646485 0.5738678455352784 0.026468658447265647 0.07089624404907224
52 0.4977805137634277 0.5733370304107666 0.024911880493164007 0.06874475479125974
56 0.6660734176635742 0.4830592155456543 0.028610038757324263 0.06503925323486326
33 0.5355053901672363 0.39189057350158696 0.028560447692871138 0.05251283645629884
56 0.6985066977730633 0.4834156252171871 0.028610038757324263 0.06503925323486326
55 0.6054644034726777 0.5749370745498767 0.026468658447265647 0.07089624404907224
33 0.4175020190051002 0.5717683485824697 0.02559070587158202 0.06977252960205083
33 0.3651097972897718 0.5696298905532725 0.02559070587158202 0.06977252960205083
42 0.6224267221715328 0.6632356295620438 0.03956147354014594 0.032789689781021925
42 0.6220703125 0.6999458257299269 0.03956147354014594 0.032789689781021925
42 0.618684420620438 0.7298842381386861 0.040630702554744436 0.027087135036496512
44 0.6682121468286444 0.7326557758080697 0.04733009338378913 0.03558340072631827
