61 0.30612208843231203 0.5390186309814453 0.04915480613708495 0.06469535827636719
43 0.4261024475097656 0.6750967025756835 0.042284584045410134 0.0406415939331054
41 0.4040779948234558 0.42411251068115235 0.05037081241607666 0.055008316040039085
41 0.41362361907958983 0.24234254360198976 0.05158710479736328 0.06894121170043946
43 0.4246687889099121 0.7480179786682128 0.04273967742919926 0.02971935272216797
43 0.4704455375671387 0.6695747375488281 0.03970165252685548 0.03295879364013676
41 0.4036043047904968 0.3616805076599121 0.04928686618804928 0.06402645111083982
41 0.3516242265701294 0.42569217681884763 0.04936347007751468 0.058611392974853516
41 0.2965573310852051 0.42833805084228516 0.052757358551025424 0.06292428970336916
41 0.501719093322754 0.42171406745910645 0.04481878280639651 0.05394239425659175
41 0.2944441318511963 0.35971832275390625 0.05366363525390627 0.06642789840698238
41 0.45575199127197263 0.422780430316925 0.044651412963867154 0.05456216335296632
41 0.5475064754486084 0.42065339088439946 0.04236936569213867 0.05165414810180663
41 0.5032130241394043 0.36293942928314205 0.045825576782226596 0.05999307632446288
41 0.350967264175415 0.3580763339996338 0.048437023162841764 0.06844873428344722
61 0.30741233825683595 0.6036247253417969 0.04871082305908203 0.05995655059814453
41 0.5161802291870117 0.25181217193603517 0.04789352416992182 0.0643674850463867
44 0.32367010116577144 0.7346664428710937 0.049318504333496105 0.035788536071777344
43 0.5117475032806396 0.663790798187256 0.04145345687866209 0.03527488708496096
41 0.2964434146881103 0.23257179260253907 0.05583972930908204 0.0731081008911133
41 0.3553893804550171 0.2380244255065918 0.05108036994934079 0.07372570037841797
43 0.4250071048736572 0.7152975082397461 0.04425897598266604 0.03217468261718748
41 0.4550299644470215 0.3613282680511475 0.04387884140014653 0.06165571212768556
43 0.46839046478271484 0.7377387046813965 0.04030494689941411 0.030269622802734375
41 0.5484587669372558 0.36411356925964355 0.04063568115234373 0.05579376220703125
43 0.46940932273864744 0.7043706893920898 0.040091514587402344 0.03319416046142576
44 0.377453088760376 0.7253265857696534 0.043401813507080056 0.0331605911254883
43 0.5106921195983887 0.7270099163055419 0.04048881530761722 0.02979555130004885
41 0.4661721706390381 0.24761841297149656 0.04618549346923828 0.06456112861633298
61 0.36292955875396726 0.5946399688720703 0.04823431968688968 0.053274917602538996
44 0.3242931365966797 0.7707679748535157 0.051240825653076194 0.03744564056396482
61 0.36152391433715825 0.5366544723510742 0.0476058006286621 0.06057939529418954
44 0.32350337505340576 0.6971165657043457 0.046350193023681596 0.038825035095214844
44 0.37775411605834963 0.7594441413879395 0.04362969398498534 0.03307752609252934
41 0.5594839886095397 0.25437006950378416 0.03550529479980469 0.06088895797729493
43 0.5112514019012451 0.6973953247070312 0.04122800827026374 0.026715850830078214
44 0.3750194549560547 0.6870306015014649 0.04509515762329103 0.04161472320556647
61 0.41200127680144627 0.5320350818291396 0.04262356915159854 0.05359112174211145
61 0.41270933151245115 0.5873199462890625 0.043613147735595714 0.04942684173583989
42 0.45831780433654784 0.552834415435791 0.04036865234374998 0.031373023986816406
45 0.7118231521255669 0.84789193800126 0.05210355999826011 0.06975132514690519
46 0.48241386139529874 0.879801877339681 0.05350408773312615 0.04970838612523576
42 0.45831780433654784 0.5202823321024578 0.04036865234374998 0.031373023986816406
42 0.5026559868078121 0.5180373608380899 0.04036865234374981 0.031373023986816406
42 0.503778472439996 0.5511506869875152 0.04036865234374981 0.031373023986816406
42 0.5043397152560879 0.5842640131369405 0.04036865234374981 0.031373023986816406
42 0.4583178043365477 0.5870702272174003 0.04036865234374987 0.031373023986816406
42 0.5475554120951683 0.5803353134242969 0.04036865234374987 0.031373023986816406
42 0.5469941692790764 0.5466607444587795 0.04036865234374987 0.031373023986816406
42 0.5441879551986166 0.5141086611254463 0.04036865234374987 0.031373023986816406
46 0.5115984878320805 0.9224563313626695 0.053504087733126426 0.04970838612523576
46 0.45160588692346093 0.9474972090060637 0.060868685923193055 0.05126096991890705
46 0.4249106809906115 0.8950736419123453 0.0581348161796964 0.05171694031324037
46 0.5298388793550688 0.867173913977612 0.04508544549174698 0.05588205710224714
46 0.4924232219827587 0.8353425826149425 0.054440553160919614 0.03535829741379304
45 0.6683268338784404 0.8633261154437888 0.03807248959596121 0.07929245302046839
45 0.627094951964448 0.8747609689555511 0.04532971606762415 0.07213754484751844
45 0.6643981341657965 0.7884788074712644 0.04929734591780022 0.06510416666666674
45 0.6197793302864864 0.7999842852011495 0.037511246779869056 0.0724003232758621
46 0.3963583488354938 0.8557095251007956 0.04891473822211806 0.03227621822033899
46 0.4435166181144068 0.8475900423728813 0.04055217161016955 0.03848318326271183
46 0.4300017263558811 0.8092447916666667 0.05059825947504715 0.043874547101449335
46 0.38031819183066295 0.8203268258254333 0.04891473822211806 0.03227621822033899
