61 0.5505525588989257 0.9482526779174805 0.05010452270507815 0.058092498779296786
61 0.5529303550720215 0.8851818084716796 0.05245962142944327 0.06644783020019529
18 0.38576920032501216 0.29216353893280034 0.035060834884643566 0.08794684410095216
26 0.3142218589782715 0.586207389831543 0.03296284675598149 0.07816343307495122
26 0.3498056411743164 0.5070675849914551 0.03303394317626951 0.07381458282470704
47 0.6350579738616944 0.41443682909011836 0.032275485992431574 0.0864034414291382
59 0.4127185344696045 0.5719894409179688 0.028618049621581987 0.10448913574218754
34 0.344063401222229 0.4111780166625977 0.03452978134155271 0.07733850479125975
17 0.3031270503997803 0.17655855417251587 0.038777065277099565 0.08592760562896729
54 0.5064982891082763 0.4003460884094238 0.030616950988769598 0.10099897384643552
26 0.3150376319885254 0.5061229228973388 0.033878326416015625 0.07511453628540038
41 0.3115461587905884 0.9013871192932128 0.05585732460021975 0.06094417572021482
26 0.38370285034179685 0.5081882476806641 0.0328533172607422 0.07318153381347653
14 0.5229581832885741 0.18923020362854004 0.03507556915283205 0.08824634552001953
26 0.34765942096710206 0.5864779472351074 0.03216099739074707 0.07683525085449217
19 0.34813847541809084 0.289979362487793 0.035541820526123036 0.08916349411010743
19 0.31074552536010747 0.28870697021484376 0.03646202087402345 0.08831186294555662
56 0.6003220558166504 0.412343168258667 0.03241176605224616 0.08109645843505858
25 0.5312067508697509 0.2981142282485962 0.03371515274047854 0.085140323638916
16 0.5588384151458741 0.1916283130645752 0.032826805114746116 0.08461790084838866
25 0.49530754089355467 0.2963699579238892 0.03460502624511719 0.08526225090026857
15 0.41462392807006837 0.18246378898620605 0.03290929794311526 0.08627586364746093
17 0.3417173385620117 0.17818599939346313 0.036091899871826205 0.08819267749786375
16 0.6248283863067627 0.19394121170043946 0.031414031982421875 0.08332090377807616
51 0.44301156997680663 0.3979668617248535 0.02958965301513672 0.09832344055175779
16 0.5918122291564942 0.1932628870010376 0.03201732635498045 0.08351321220397948
26 0.38060975074768066 0.5867801666259765 0.03252277374267576 0.07550621032714844
25 0.4591558456420899 0.2953891277313232 0.03526763916015624 0.08592562675476073
14 0.48640375137329106 0.18652162551879883 0.03492755889892579 0.08892941474914551
52 0.4743166446685791 0.3991968631744385 0.029438018798828125 0.1005096435546875
16 0.6579197883605957 0.19606785774230956 0.03173904418945317 0.0829563617706299
41 0.3759082555770874 0.8999084472656249 0.05514187812805171 0.06244506835937502
17 0.37900471687316895 0.18080655336380003 0.03678150177001949 0.0889432668685913
15 0.4488587856292725 0.1846777439117432 0.034185218811035145 0.08766522407531738
41 0.31459751129150393 0.9640172958374024 0.05401506423950192 0.05729179382324223
28 0.49075164794921877 0.5519509315490723 0.03902511596679692 0.14196672439575192
28 0.44940967559814454 0.5509983062744142 0.039711380004882835 0.14342250823974612
41 0.43782949447631836 0.9576592445373535 0.051498031616210915 0.056964874267578125
41 0.37610952854156493 0.9609277725219727 0.05300793647766111 0.053864669799804754
29 0.608909511566162 0.9089828968048096 0.05794105529785154 0.18203420639038081
33 0.30893123149871826 0.41090822219848633 0.03405423164367671 0.08173427581787107
46 0.4027660926183065 0.763453197479248 0.07138024965922041 0.060007667541503884
23 0.4224228858947754 0.2943701267242432 0.03421039581298824 0.0865025520324707
50 0.5682028770446778 0.4023341178894043 0.029427719116210893 0.09917926788330078
28 0.5300144164792953 0.5525222609120031 0.03605231623495775 0.13812163875948996
46 0.5281457901000977 0.7052157402038575 0.0697849273681641 0.0505643844604492
46 0.39802846908569334 0.6969288708061301 0.06562938690185544 0.05091562271118166
31 0.5723355293273926 0.5512069225311279 0.04161500930786133 0.1369023323059082
27 0.3294191360473633 0.7086607933044433 0.06341419219970701 0.0397209167480469
42 0.4929183483123779 0.8924785614013672 0.04742345809936527 0.044336128234863326
46 0.5406722068786621 0.7642333984375 0.06725091934204097 0.06100025177001955
46 0.32627429962158205 0.7622791290283203 0.08119535446166992 0.06490688323974614
41 0.4387681961059571 0.8973268508911132 0.05258483886718751 0.057197189331054665
46 0.3288250923156738 0.7082732200622559 0.06464796066284179 0.04001350402832038
42 0.49254741668701174 0.9761911392211914 0.04854125976562501 0.03664398193359375
28 0.5718884944915772 0.5514394283294678 0.04186649322509772 0.13659076690673833
46 0.46298913955688475 0.7015193939208985 0.05639591217041018 0.05214767456054692
24 0.5653666834677419 0.2989121303763441 0.03255208333333326 0.08873067876344082
55 0.5364898353494623 0.39866851478494625 0.03255208333333337 0.104481686827957
28 0.6149412498679212 0.5514394283294678 0.04186649322509772 0.13659076690673833
46 0.4727771861578828 0.7621651926348285 0.0696716021465999 0.06318221553679437
42 0.49450780704457264 0.93613740346765 0.05246204048074693 0.04324674913960125
46 0.5992463931702731 0.702217522002103 0.0697849273681641 0.0505643844604492
46 0.6108109490913257 0.7566137665196468 0.0697849273681641 0.0505643844604492
