41 0.7278195381164551 0.44162583351135254 0.02796459197998047 0.045220470428466775
27 0.6954830169677735 0.7921810150146484 0.0540641784667969 0.055223274230957076
27 0.7575823783874511 0.8656298637390136 0.050712203979492165 0.04740772247314451
61 0.33478004242756976 0.550582446014409 0.03177703373015878 0.048828125
61 0.23987785218253968 0.6057012648809523 0.03177703373015878 0.048828125
41 0.7630363343253967 0.5595858134920635 0.034877232142857095 0.04805307539682535
41 0.6684802827380953 0.6091889880952381 0.034877232142857095 0.04805307539682535
43 0.41736421130952384 0.578187003968254 0.03642733134920634 0.02635168650793651
43 0.41968936011904767 0.6099640376984127 0.03642733134920634 0.02635168650793651
44 0.3751240079365079 0.5797371031746033 0.035652281746031744 0.03255208333333337
41 0.23910280257936506 0.43867807539682546 0.03487723214285707 0.04805307539682535
41 0.6022615024021694 0.4935541569240509 0.02796459197998047 0.045220470428466664
41 0.6541898258148677 0.5005296033526223 0.02796459197998047 0.04522047042846661
41 0.6526397266085185 0.44162583351135254 0.02796459197998047 0.04522047042846661
41 0.2383277529761905 0.34644717261904767 0.03487723214285715 0.04805307539682535
41 0.5266462053571429 0.3510974702380953 0.034877232142857206 0.04805307539682535
