41 0.3532095432281494 0.5317362785339355 0.048716068267822266 0.06383380889892576
41 0.356533145904541 0.5918666839599609 0.04841146469116214 0.05558929443359373
41 0.38133223056793214 0.37700300216674804 0.056648874282836936 0.07831344604492185
41 0.47984514236450193 0.6203806877136231 0.05294914245605464 0.059419536590576194
41 0.384130597114563 0.4468886375427246 0.054253339767456055 0.06461286544799805
41 0.4093234062194824 0.605316162109375 0.051287460327148426 0.058115577697753995
41 0.4797586917877197 0.5587553024291991 0.04888582229614252 0.06680879592895506
41 0.40928497314453127 0.5411989212036132 0.05500173568725586 0.06908473968505857
41 0.5093588829040527 0.4639421463012695 0.059067726135253906 0.06545162200927734
41 0.44451155662536623 0.4542935848236084 0.05794782638549806 0.06596202850341798
41 0.5791773796081543 0.39449224472045896 0.061867141723632724 0.08661823272705077
41 0.5427799224853516 0.5668824672698974 0.06163768768310551 0.07189655303955078
41 0.5751293182373047 0.47322678565979004 0.06013679504394531 0.06944999694824222
41 0.5393393039703369 0.6345255851745606 0.05504550933837882 0.06405162811279297
41 0.5872359275817871 0.6464943408966064 0.026596355438232466 0.06102533340454108
41 0.5096534729003906 0.38935031890869143 0.06192321777343751 0.08034639358520507
41 0.44418363571166997 0.3812865257263184 0.05933742523193358 0.07988195419311522
41 0.5921472549438477 0.5818970680236817 0.01970319747924809 0.06295585632324219
27 0.5620503597122302 0.7359346897482013 0.059015287769784264 0.08782036870503596
27 0.49846841276978415 0.7236398381294964 0.06393322841726623 0.07868705035971224
27 0.43242749550359716 0.7032655125899281 0.06393322841726617 0.07868705035971224
27 0.36568401528776984 0.6758655575539569 0.06393322841726617 0.07868705035971224
27 0.5104119829136691 0.8753934352517985 0.06393322841726612 0.08711780575539563
27 0.44683003597122295 0.8532627023381294 0.06463579136690661 0.08782036870503596
27 0.3786814298561151 0.8304294064748201 0.0688511690647482 0.08290242805755399
27 0.5648606115107913 0.8866344424460431 0.04215377697841716 0.08992805755395683
