28 0.4489387989044189 0.4652862548828125 0.02800436019897462 0.08007068634033199
28 0.36404588222503664 0.46417207717895503 0.028866958618164074 0.08032131195068354
28 0.47735004425048827 0.46570219993591305 0.026969528198242165 0.07986984252929685
28 0.3350535869598389 0.46373186111450193 0.027980613708496083 0.07855300903320311
31 0.6524233818054199 0.10353829860687255 0.025601196289062544 0.06974716186523437
31 0.7295868396759033 0.1090807318687439 0.0258691787719727 0.0738224983215332
28 0.42069401741027834 0.4651433944702148 0.028304100036621094 0.08089351654052729
28 0.39242043495178225 0.46497063636779784 0.02769184112548828 0.08035383224487302
31 0.6259872436523437 0.10260926485061644 0.026502990722656272 0.06941723823547362
31 0.5988624572753907 0.10213377177715302 0.025863838195800848 0.06865354180335999
28 0.5052634239196778 0.4648497581481934 0.026716613769531272 0.07948226928710939
31 0.6784643173217773 0.10597285032272338 0.02521095275878904 0.07275636196136474
31 0.7037353515625 0.10645766258239747 0.024619865417480513 0.07354152202606203
31 0.7563427448272706 0.10583671331405639 0.025194549560546897 0.07098343372344972
29 0.4857093334197998 0.6097266197204589 0.03636970520019528 0.12843170166015627
31 0.543453311920166 0.10099009275436402 0.02585535049438481 0.06848402023315431
32 0.761206765776699 0.4677639563106796 0.028443567961165095 0.07679763349514562
32 0.7318150788834952 0.4658677184466019 0.028443567961165095 0.07679763349514562
32 0.6995790351941746 0.4687120752427184 0.028443567961165095 0.07679763349514562
32 0.669239229368932 0.4687120752427184 0.028443567961165095 0.07679763349514562
32 0.6422178398058253 0.468238015776699 0.025599211165048485 0.07774575242718446
32 0.6156705097087378 0.46728989684466016 0.025599211165048485 0.07774575242718446
32 0.5881750606796117 0.46728989684466016 0.025599211165048485 0.07774575242718446
32 0.5587833737864077 0.4663417779126213 0.025599211165048485 0.07774575242718446
32 0.5341322815533981 0.4691861347087378 0.025599211165048485 0.07774575242718446
29 0.5239908581798516 0.607849058595676 0.03375993237912078 0.1227803415465124
29 0.5619156154614051 0.6069009396636371 0.03375993237912078 0.1227803415465124
29 0.5988922538109196 0.6106934153917924 0.03375993237912078 0.1227803415465124
29 0.6377651300245117 0.6125896532558701 0.03375993237912078 0.1227803415465124
29 0.6728455305099488 0.607849058595676 0.03375993237912078 0.1227803415465124
29 0.7107702877915021 0.6097452964597536 0.03375993237912078 0.1227803415465124
29 0.7486950450730554 0.6106934153917924 0.03375993237912078 0.1227803415465124
29 0.44588833827416874 0.6116228575845366 0.03636970520019528 0.12843170166015627
29 0.40417110526446 0.6125709765165754 0.03636970520019528 0.12843170166015627
29 0.36245387225475123 0.6106747386524978 0.03636970520019528 0.12843170166015627
31 0.569951067472759 0.10213377177715302 0.025863838195800848 0.06865354180335999
31 0.513899446788587 0.10163256808331139 0.02585535049438481 0.06848402023315431
31 0.7846116593009547 0.10519423798510903 0.025194549560546897 0.0709834337234497
31 0.4862730076438504 0.09970514209646927 0.02585535049438531 0.0684840202331543
31 0.3564929911964819 0.09199543814910088 0.02585535049438531 0.06848402023315435
31 0.3834769550122714 0.09135296282015354 0.02585535049438531 0.06848402023315436
31 0.41238834481490305 0.09328038880699563 0.02585535049438531 0.06848402023315435
31 0.4400147839596399 0.09263791347804828 0.02585535049438531 0.06848402023315438
31 0.32693912606490305 0.09392286413594299 0.02585535049438531 0.06848402023315434
