14 0.2652265548706054 0.28672652244567876 0.027388525009155285 0.06870431900024415
23 0.6379451751708984 0.3955162525177002 0.03172378540039067 0.07008781433105465
18 0.5736289024353027 0.39451498985290523 0.03135795593261714 0.06849594116210939
18 0.5424181938171386 0.39341447353363035 0.03074378967285163 0.0680107593536377
34 0.32686986923217776 0.5998549461364746 0.023635292053222623 0.05624713897705069
47 0.7132216930389403 0.26229400634765626 0.033257579803466775 0.08472557067871092
14 0.32286982536315917 0.2889556884765625 0.027584218978881858 0.06956958770751953
41 0.734128761291504 0.8164486885070801 0.050403594970703125 0.05389270782470712
14 0.7033988952636718 0.3966385364532471 0.032862281799316384 0.07120695114135739
17 0.20862407684326173 0.28502182960510253 0.026874256134033186 0.06715497970581052
47 0.6797956943511962 0.2618117332458496 0.03138570785522454 0.08411622047424316
41 0.5705341815948486 0.7988270759582519 0.040770435333251975 0.0465578079223633
34 0.30182924270629885 0.5972210884094238 0.024927997589111295 0.058111286163330056
14 0.7705294609069824 0.3962996959686279 0.03154697418212893 0.07481470108032223
33 0.25058765411376954 0.5927054405212402 0.02393140792846682 0.058359050750732444
34 0.27620158195495603 0.5949011325836182 0.02467861175537106 0.060090827941894465
23 0.6056415557861328 0.3951387643814087 0.03099822998046875 0.0687061786651611
14 0.8038246393203735 0.39825601577758785 0.03260378837585454 0.0767500877380371
24 0.18608317375183106 0.38674359321594237 0.02297968864440919 0.06539773941040039
41 0.6790030002593994 0.8176573753356934 0.04670705795288077 0.049485206604003906
26 0.35198287963867186 0.6029950141906738 0.024451398849487327 0.05801677703857422
14 0.7375102519989014 0.3957807540893554 0.03211688995361328 0.07279949188232421
27 0.6713943004608154 0.6972772598266601 0.05565919876098635 0.04711837768554694
56 0.7851270675659179 0.26472911834716795 0.0335716247558594 0.0871015548706055
19 0.2665114402770996 0.38789072036743166 0.02617864608764653 0.0634303092956543
41 0.23311378955841064 0.8781227111816406 0.037482452392578136 0.02954788208007808
33 0.22626428604125975 0.5916497230529785 0.023107576370239274 0.05926723480224616
46 0.2905738353729248 0.6559061527252197 0.057700824737548784 0.04991636276245115
41 0.2702997446060181 0.8090542793273925 0.043130588531494124 0.04367008209228518
25 0.2978764295578003 0.5094460487365722 0.026698923110961892 0.0588966369628906
41 0.22880749702453612 0.8429743766784668 0.03700027465820313 0.03971366882324212
41 0.7288403511047363 0.8679632186889648 0.0462244033813477 0.0471824645996094
51 0.3535860776901245 0.499631404876709 0.023928833007812456 0.08488788604736325
14 0.3813385248184204 0.29093546867370607 0.029175853729248025 0.07220516204833982
46 0.23272058963775635 0.6509886741638183 0.05017418861389161 0.04845924377441402
18 0.5138192176818848 0.393146562576294 0.025146102905273526 0.06787519454956054
46 0.3499732971191406 0.6649281501770019 0.05954427719116212 0.047065353393554665
41 0.5187472343444824 0.792393684387207 0.04405193328857426 0.04785003662109366
56 0.8233570098876953 0.2651568651199341 0.037570953369140625 0.08860468864440918
14 0.411023223400116 0.29141650199890134 0.02808535099029541 0.07397842407226562
54 0.3272448062896729 0.49860649108886723 0.026356029510498036 0.08395719528198248
16 0.19316704273223878 0.5042466640472412 0.02578935623168946 0.05929088592529291
19 0.2937962055206299 0.3903089761734009 0.02733221054077145 0.06429743766784668
14 0.35176887512207033 0.2900573253631592 0.02786846160888673 0.0709887504577637
52 0.427425479888916 0.5057444095611572 0.02101612091064453 0.083571720123291
28 0.6937216281890869 0.5845195293426514 0.041083335876464844 0.1162312507629395
41 0.5164793968200684 0.8396178245544433 0.04085388183593747 0.04291553497314449
41 0.4189870357513428 0.8211857080459595 0.03401813507080076 0.04431719779968257
41 0.7164172172546386 0.9517061233520507 0.04722938537597654 0.03605308532714846
41 0.22361316680908205 0.8022652626037599 0.041487121582031244 0.0401435852050781
41 0.41794261932373045 0.7750288009643554 0.03413410186767579 0.04795579910278325
41 0.5619834423065186 0.9284173965454101 0.041877365112304665 0.031066513061523415
16 0.21903209686279296 0.5036881446838379 0.025738620758056635 0.059753417968750056
41 0.6256002902984619 0.8134400367736816 0.04509811401367181 0.04481353759765627
41 0.5147406578063964 0.8827554702758789 0.04098663330078123 0.039635086059570335
23 0.6704974174499512 0.39545726776123047 0.03254966735839848 0.06899642944335938
56 0.7502140998840332 0.2639029502868652 0.03426761627197261 0.08574590682983396
29 0.5682636260986329 0.5385765075683593 0.05070934295654295 0.1730323791503906
26 0.3777460098266602 0.6042461395263672 0.02564697265624999 0.058470630645751864
41 0.22228422164916992 0.7614620685577392 0.04283924102783204 0.03929681777954097
46 0.40903805494308476 0.6674182891845704 0.05516188144683837 0.04552650451660156
16 0.24512157440185547 0.5058639526367188 0.025923824310302768 0.05975751876831048
27 0.6108038902282715 0.688678503036499 0.06330308914184568 0.04249076843261723
41 0.3729881763458252 0.8173752784729004 0.0417055130004883 0.040334892272949174
42 0.41945829391479494 0.8646888732910156 0.0340837478637695 0.03980140686035161
17 0.18076435327529908 0.2846051931381226 0.0280381441116333 0.06876473426818847
41 0.2763389587402344 0.8831607818603515 0.042675065994262684 0.02746086120605462
24 0.21217811107635498 0.38613483905792234 0.02820587158203125 0.06376433372497559
59 0.40460596084594724 0.5943750381469727 0.02617063522338864 0.0794668197631836
41 0.7215472221374513 0.9131058692932129 0.04714355468749998 0.040345191955566406
28 0.734606122970581 0.5897234916687012 0.04250526428222656 0.11792163848876958
15 0.35011138916015627 0.3926661014556885 0.027302360534668002 0.06490468978881836
14 0.2937082767486572 0.28722429275512695 0.028587865829467762 0.06795139312744136
25 0.27168798446655273 0.5072224140167236 0.02509851455688472 0.05964117050170903
41 0.37373278141021726 0.8609754562377929 0.04151577949523927 0.04253158569335935
27 0.7399600982666015 0.7058897972106933 0.07024517059326174 0.05846052169799809
41 0.673459529876709 0.8641244888305664 0.04388084411621085 0.04227390289306643
29 0.6199441909790039 0.5433940887451172 0.05132484436035156 0.1779470443725586
19 0.24006121158599852 0.38639533519744873 0.025989532470703125 0.06305432319641113
41 0.5677058219909668 0.8466354370117188 0.043759727478027366 0.0441566467285156
41 0.37485384941101074 0.8979365348815918 0.04088954925537114 0.03319816589355462
33 0.20185723304748537 0.5909682273864747 0.02396616935729981 0.06055679321289065
27 0.5459381103515626 0.6782198905944824 0.06081857681274416 0.053717613220214844
41 0.3220653057098389 0.7680822372436524 0.04069576263427732 0.045336341857910134
41 0.2739402294158936 0.8502870559692383 0.04068698883056637 0.03958053588867183
41 0.5644737243652345 0.891517448425293 0.041788673400878884 0.04217815399169922
41 0.3242061614990235 0.856638526916504 0.03967733383178712 0.04044685363769529
19 0.32236709594726565 0.39185545444488523 0.027848529815673817 0.06497435569763182
41 0.3253973960876465 0.8905264854431152 0.04102764129638675 0.0317304611206054
41 0.665005111694336 0.9429786682128907 0.04463844299316411 0.032683181762695246
15 0.3783855438232422 0.39282052516937255 0.02807407379150395 0.06457839012145994
41 0.32190356254577634 0.8147393226623535 0.04020719528198241 0.04127521514892574
41 0.37050201892852785 0.7704414367675781 0.042284870147705045 0.04853134155273442
41 0.41927747726440434 0.8646061897277832 0.034522342681884755 0.04048175811767585
55 0.40381360054016113 0.5025696754455566 0.026560592651367232 0.08528947830200195
29 0.5200247889583551 0.5369468003800772 0.04479017257690432 0.17356544050198164
41 0.26914404933974584 0.7645600115759132 0.043130588531494124 0.04367008209228518
41 0.6244445950321897 0.858512152158297 0.04509811401367181 0.04481353759765627
41 0.6181355556792761 0.9007808259252965 0.04962632585559357 0.03573956856360805
41 0.6695046684445715 0.9064641100415112 0.04604058688914292 0.034774257727628655
41 0.6164020127798678 0.9389187697122789 0.04962632585559357 0.03573956856360805
32 0.7746508049242424 0.5933504971590908 0.03367660984848486 0.12550307765151503
16 0.2365780197811448 0.28721459385521886 0.0272911405723906 0.0726667718855219
15 0.4060054933181917 0.39446456978216715 0.02807407379150395 0.06457839012145994
15 0.4289453498442165 0.39530670040785665 0.018056270008536657 0.06297456214724967
