29 0.2630635245901639 0.8153816598360655 0.04482581967213117 0.12647284836065575
28 0.5288165983606556 0.831390881147541 0.022412909836065587 0.0784451844262295
29 0.3062884221311475 0.8121798155737705 0.0416239754098362 0.12327100409836078
29 0.346311475409836 0.813780737704918 0.0416239754098362 0.12327100409836078
29 0.3839331454918032 0.8121798155737705 0.033619364754098435 0.12327100409836078
29 0.4175525102459015 0.8121798155737705 0.033619364754098435 0.12327100409836078
29 0.45277279713114743 0.8121798155737705 0.033619364754098435 0.12327100409836078
28 0.5528304303278688 0.831390881147541 0.022412909836065587 0.0784451844262295
28 0.5843390554864363 0.8292002860314208 0.0277969634318892 0.0796245303961749
28 0.6152663934426229 0.8281890368852459 0.028816598360655865 0.0752433401639343
31 0.667296362704918 0.8353931864754098 0.02081198770491799 0.06403688524590156
26 0.255859375 0.7169249487704918 0.027215676229508157 0.05122950819672123
26 0.28467597336065575 0.7169249487704918 0.027215676229508157 0.05122950819672123
26 0.3078893442622951 0.7137231045081968 0.022412909836065475 0.048027663934426146
26 0.33190317622950827 0.7121221823770492 0.022412909836065475 0.048027663934426146
26 0.35271516393442637 0.7105212602459017 0.022412909836065475 0.048027663934426146
26 0.37352715163934447 0.7121221823770492 0.022412909836065475 0.048027663934426146
26 0.399141905737705 0.7121221823770492 0.022412909836065475 0.048027663934426146
26 0.4231557377049181 0.7105212602459016 0.022412909836065475 0.048027663934426146
26 0.4455686475409837 0.708920338114754 0.022412909836065475 0.048027663934426146
26 0.4624107810423129 0.709434147582521 0.014473201428887694 0.05225712713225528
25 0.2452445652173913 0.5429475203804348 0.0244140625 0.054135529891304324
25 0.27072010869565216 0.5440090013586956 0.0244140625 0.054135529891304324
25 0.29513417119565216 0.5429475203804348 0.0244140625 0.054135529891304324
25 0.320609714673913 0.5429475203804348 0.0244140625 0.054135529891304324
25 0.345023777173913 0.5429475203804348 0.0244140625 0.054135529891304324
25 0.37156080163043476 0.5450704823369565 0.0244140625 0.054135529891304324
25 0.393851902173913 0.5429475203804348 0.0244140625 0.054135529891304324
24 0.4432107676630434 0.5424167798913043 0.023352581521739135 0.04670516304347827
16 0.2388756793478261 0.3900942595108695 0.0244140625 0.06050441576086957
14 0.24150707780045327 0.4710525971989966 0.02543093549221087 0.055686925167224066
23 0.44957965353260865 0.4670516304347826 0.025475543478260865 0.05095108695652173
18 0.398628566576087 0.46811311141304346 0.027598505434782594 0.05095108695652173
17 0.2356912364130435 0.3120754076086957 0.028659986413043514 0.06156589673913043
15 0.3641304347826087 0.31260614809782605 0.02653702445652173 0.05413552989130438
23 0.4686863111413043 0.4691745923913043 0.014860733695652217 0.050951086956521674
16 0.2632897418478261 0.3879712975543478 0.0244140625 0.06050441576086957
16 0.2908882472826087 0.3869098165760869 0.02865998641304346 0.05838145380434784
16 0.3195482336956522 0.3869098165760869 0.02865998641304346 0.05838145380434784
16 0.3466159986413043 0.38956351902173914 0.02547554347826081 0.05731997282608697
16 0.36996858016304346 0.38850203804347827 0.02547554347826081 0.05731997282608697
16 0.39756708559782605 0.390625 0.02547554347826081 0.05731997282608697
16 0.42516559103260865 0.390625 0.02547554347826081 0.05731997282608697
16 0.44957965353260865 0.390625 0.02547554347826081 0.05731997282608697
19 0.320609714673913 0.4669008753542125 0.0244140625 0.052012567934782594
17 0.2611667798913043 0.3099524456521739 0.0244140625 0.05731997282608692
17 0.2866423233695652 0.31101392663043476 0.0244140625 0.05731997282608692
17 0.3131793478260869 0.3120754076086956 0.0244140625 0.05731997282608692
17 0.3375934103260869 0.3120754076086956 0.0244140625 0.05731997282608692
15 0.38960597826086957 0.3115446671195652 0.02653702445652173 0.05413552989130438
15 0.4140200407608696 0.3136676290760869 0.02653702445652173 0.05413552989130438
15 0.4405570652173914 0.3147291100543478 0.02653702445652173 0.05413552989130438
15 0.4644403872282609 0.3152598505434782 0.023352581521739024 0.0551970108695653
59 0.6820439877717392 0.4182235054347826 0.023352581521739135 0.0700577445652174
59 0.7064580502717392 0.4171620244565217 0.023352581521739135 0.0700577445652174
59 0.7298106317934783 0.41822350543478254 0.023352581521739135 0.0700577445652174
56 0.537682574728261 0.31313688858695654 0.019106657608695676 0.0594429347826087
56 0.5567892323369565 0.31207540760869557 0.019106657608695676 0.0594429347826087
56 0.5849184782608696 0.3115446671195652 0.02229110054347838 0.058381453804347894
47 0.610924762228261 0.31260614809782605 0.021229619565217406 0.05413552989130438
47 0.6332158627717392 0.31260614809782605 0.021229619565217406 0.05413552989130438
47 0.6576299252717392 0.31260614809782605 0.021229619565217406 0.05413552989130438
55 0.5909522804054054 0.41701858108108103 0.022698479729729826 0.0686233108108108
54 0.6144425675675675 0.4172825168918919 0.022170608108108114 0.06915118243243246
50 0.5455553209459458 0.41596283783783783 0.022698479729729715 0.0686233108108108
61 0.5882690487568161 0.5761650450820887 0.0363353948109294 0.04910572064663343
61 0.5867293074324325 0.6199852195945945 0.0374788851351352 0.041701858108108114
44 0.7144742398648649 0.5653505067567568 0.0385346283783784 0.036951013513513487
44 0.7157939189189189 0.5967588682432432 0.0390625 0.02692145270270263
44 0.7173775337837838 0.625 0.0380067567567568 0.028505067567567544
43 0.6294869087837838 0.5674619932432432 0.04064611486486491 0.03167229729729737
43 0.6297508445945945 0.5986064189189189 0.042229729729729715 0.030616554054054057
43 0.6265836148648649 0.6268475506756757 0.041173986486486513 0.02586570945945943
43 0.6715129097470964 0.5668098915934006 0.04446163030500394 0.030865014110495914
43 0.6717166385135135 0.5972867398648649 0.04064611486486491 0.029032939189189144
43 0.6727723817567567 0.625 0.042757601351351315 0.02533783783783783
42 0.545568856115731 0.5731106707669207 0.04067318520443519 0.027765144952644927
41 0.5402766047297297 0.6740920608108107 0.036423141891891886 0.03800675675675669
42 0.5442356418918919 0.6020375844594594 0.0380067567567568 0.029032939189189255
42 0.5415962837837838 0.630542652027027 0.0380067567567568 0.029032939189189255
41 0.5856735641891893 0.6727723817567568 0.0385346283783784 0.041701858108108
41 0.5402766047297297 0.7136824324324325 0.036423141891891886 0.03800675675675669
41 0.5827702702702702 0.7150021114864864 0.03906250000000011 0.041701858108108114
41 0.6268475506756757 0.6733002533783783 0.0385346283783784 0.041701858108108
41 0.6242081925675678 0.7165857263513513 0.0385346283783784 0.041701858108108
41 0.6701330236486487 0.6722445101351351 0.0385346283783784 0.041701858108108
41 0.6685494087837838 0.7144742398648649 0.0385346283783784 0.041701858108108
41 0.7113070101351351 0.6703969594594594 0.04064611486486491 0.042229729729729715
41 0.7107791385135135 0.7142103040540542 0.04064611486486491 0.042229729729729715
18 0.42416943196070234 0.46811311141304346 0.027598505434782594 0.05095108695652173
24 0.4169187003553511 0.5431679818143813 0.023352581521739135 0.04670516304347827
24 0.4655418778741638 0.5419840222617056 0.016933071174749237 0.04583964778428096
34 0.37747896634615385 0.6332632211538461 0.023287259615384637 0.04957932692307687
34 0.40001502403846156 0.6332632211538461 0.023287259615384637 0.04957932692307687
34 0.42405348557692313 0.6332632211538461 0.023287259615384637 0.04957932692307687
34 0.44658954326923084 0.6325120192307693 0.023287259615384637 0.04957932692307687
33 0.25626788532476424 0.6390866243915425 0.02312911184210531 0.05139802631578949
33 0.281105313070429 0.6390866243915425 0.02312911184210531 0.05139802631578949
33 0.3053782538218741 0.6368286764146638 0.02312911184210531 0.05139802631578949
33 0.3290867075790995 0.6368286764146638 0.02312911184210531 0.05139802631578949
33 0.35279516133632494 0.6368286764146638 0.02312911184210531 0.05139802631578949
34 0.6600477430555556 0.41861979166666663 0.01844618055555558 0.06944444444444448
33 0.63671875 0.4180772569444444 0.02170138888888895 0.0705295138888889
46 0.6259518840252707 0.49797636507220217 0.053234995487364656 0.02996671931407946
46 0.7109163470216606 0.4965661665162456 0.053234995487364656 0.02996671931407968
46 0.5716592396209386 0.4990340139891698 0.053234995487364656 0.029966719314079793
31 0.6438337053571428 0.8312406994047619 0.025576636904761973 0.06649925595238093
31 0.6891527615144418 0.8358582162373145 0.02081198770491799 0.06403688524590156
31 0.7110091603239657 0.8344631269516003 0.02081198770491799 0.06403688524590156
14 0.2676014603915464 0.47184333606539336 0.025430935492210927 0.055686925167224066
14 0.2940912124158379 0.4706572277657982 0.025430935492210927 0.055686925167224066
19 0.3692478469696329 0.4691807878055744 0.0244140625 0.052012567934782594
19 0.3453087662303333 0.4691807878055744 0.0244140625 0.052012567934782594
