15 0.4924038887023926 0.19506387710571288 0.07558460235595704 0.1338864803314209
15 0.3370225191116333 0.19329742193222046 0.07553133964538578 0.13849432468414308
54 0.669936028063692 0.5216945051357447 0.04801080811102665 0.10433685795360848
15 0.4141163349151611 0.19374682903289794 0.07429151535034179 0.1372504711151123
15 0.2586935043334961 0.19397461414337158 0.07710914611816408 0.1376844882965088
47 0.680115032196045 0.6445130825042724 0.04237346649169915 0.07595405578613279
47 0.5422459602355958 0.6466812133789063 0.04197845458984373 0.07959556579589844
47 0.6378291130065918 0.6459419250488281 0.039709854125976496 0.07526235580444329
47 0.3934190988540649 0.651146411895752 0.044467973709106434 0.07890644073486319
14 0.802181339263916 0.19456264972686765 0.07876014709472656 0.12450194358825681
14 0.7240203380584717 0.19536560773849487 0.06976051330566402 0.12587740421295168
54 0.7203436570451749 0.524191289863839 0.04937891107521308 0.10545004661509533
14 0.649331521987915 0.19690178632736208 0.07448158264160154 0.12522990703582765
14 0.5720922946929932 0.1960620403289795 0.07527980804443368 0.1291112422943115
56 0.3448742389678955 0.6532162666320801 0.04456310272216796 0.07936573028564453
52 0.5680932998657227 0.5226544380187989 0.04543190002441411 0.10331993103027348
19 0.47464842796325685 0.3828986644744873 0.05505170822143557 0.10258340835571289
47 0.589076852798462 0.6466760635375977 0.043863201141357444 0.07800045013427725
0 0.4470302036830357 0.7669766630445207 0.05711146763392855 0.11193881716047016
25 0.5306838035583497 0.3799801349639893 0.05588760375976565 0.10540742874145509
47 0.44231500625610354 0.6491639137268066 0.043142890930175815 0.08073406219482415
26 0.26464118957519533 0.5443017959594727 0.052509880065917974 0.0791482925415039
26 0.42115944623947144 0.5407789707183839 0.05180876255035405 0.07814540863037112
25 0.7675976753234863 0.38123829364776607 0.06688823699951163 0.0966783046722412
26 0.31731185913085935 0.5432339191436768 0.05159950256347656 0.07696218490600593
26 0.36963977813720705 0.5421546936035156 0.0497931003570557 0.07607870101928715
14 0.22767989635467528 0.38704743385314944 0.06912350654602051 0.10734825134277343
25 0.6451040267944337 0.3785757541656494 0.05805816650390627 0.10240564346313474
52 0.6180068016052246 0.5223901748657227 0.046712398529052734 0.10345325469970701
25 0.703885269165039 0.37885217666625975 0.058535194396972634 0.1013978958129883
25 0.5874925136566163 0.3793619155883789 0.054931926727294855 0.1041379928588867
29 0.35653879642486574 0.888752555847168 0.05639066696166989 0.0907297134399414
2 0.3866489955357143 0.7685213497706822 0.05929129464285715 0.1141562598092215
16 0.29610404968261717 0.38276190757751466 0.062200355529785145 0.10767831802368166
16 0.4172018527984619 0.38252482414245603 0.05681133270263672 0.10464677810668949
16 0.35778059959411623 0.3825174331665039 0.059600400924682606 0.10501718521118164
29 0.4133425712585449 0.8857004165649414 0.04904880523681637 0.08482284545898444
5 0.5065832410539899 0.7648989745548793 0.05676302228655128 0.11039923259190143
47 0.48941287994384763 0.648615837097168 0.04320774078369144 0.08026247024536137
17 0.18084604740142823 0.19555633068084716 0.0768956661224365 0.13988742828369138
29 0.4673866748809814 0.8838314056396485 0.053002071380615245 0.08527450561523442
15 0.3255814552307129 0.7725877285003662 0.05943326950073241 0.11075258255004883
28 0.6019647598266602 0.7632651329040527 0.04164609909057615 0.10664901733398446
28 0.6493907928466797 0.7602967528046154 0.04837436676025386 0.10787105560302734
56 0.29178922516959055 0.6557638713291714 0.049338681357247505 0.0773533957345145
31 0.5947265625 0.8743489583333334 0.03971354166666674 0.080078125
55 0.5193032264709473 0.5242392539978027 0.04647369384765626 0.10285148620605467
28 0.558138540314465 0.7632651329040527 0.04164609909057615 0.10664901733398446
31 0.5558268229166666 0.8772786458333333 0.0341796875 0.08138020833333337
31 0.5159505208333334 0.8791864473311628 0.037109375000000056 0.0806385196623256
