17 0.2936009208937198 0.4011643266908213 0.0646323973429952 0.10426102053140096
17 0.3605921648550725 0.40541025060386476 0.0646323973429952 0.10426102053140096
17 0.4240451388888889 0.41059971316425126 0.061330012077294715 0.09954332729468601
17 0.4858469202898552 0.41861979166666663 0.06133001207729499 0.09954332729468601
17 0.5485922403381644 0.42333748490338163 0.06133001207729516 0.09954332729468601
17 0.6132246376811594 0.4238092542270532 0.06133001207729516 0.09954332729468601
17 0.6785646890096617 0.42498867753623193 0.06368885869565222 0.09907155797101452
17 0.7429612016908211 0.4278192934782609 0.06887832125603877 0.09907155797101452
14 0.8201464882001568 0.43843410326086957 0.07831370772946866 0.11086579106280192
14 0.3102282801418439 0.5503864694148937 0.053330008865248246 0.0799950132978724
16 0.5237214649822696 0.5588707890070923 0.048828125 0.0720301418439716
19 0.5765320257092199 0.561814328457447 0.04986702127659581 0.07306903812056731
25 0.6321129765070923 0.5659699135638299 0.055061502659574546 0.07168384308510645
25 0.6873476285460993 0.5690866023936171 0.05402260638297873 0.07237644060283688
25 0.7406776374113475 0.570471797429078 0.05402260638297873 0.07237644060283688
25 0.34408048742900127 0.6311592763523064 0.0445295939679502 0.05877110698125099
25 0.39045710455692867 0.6330068898399315 0.046602024652376395 0.05485675603442297
25 0.4380169665699157 0.6347507514470743 0.04469963017185696 0.05707621626169557
25 0.4839914998491366 0.6376043431678534 0.04469963017185735 0.05707621626169557
25 0.5304416317484871 0.6414091321288924 0.04501669591861024 0.06088100522273465
25 0.5778429608880975 0.6456917106331169 0.04850441913289594 0.06055955762987009
25 0.6269881516348508 0.6475941051136364 0.04850441913289594 0.06055955762987009
25 0.6747065465212143 0.6498135653409092 0.04565082741211668 0.06119368912337653
25 0.720364014053682 0.6539354200487013 0.04565082741211668 0.06119368912337653
25 0.6972148944805194 0.7165559050324677 0.04565746753246758 0.044389204545454475
25 0.6523500913149352 0.704887885551948 0.04090148133116889 0.04692573051948046
25 0.6119242086038961 0.712116984577922 0.03931615259740251 0.04755986201298701
25 0.5716568587662338 0.7092633928571428 0.03931615259740251 0.04755986201298701
25 0.5291700487012987 0.7060927353896103 0.03931615259740251 0.04755986201298701
25 0.48985389610389607 0.7051415381493507 0.039316152597402565 0.04755986201298701
25 0.44879388189935066 0.7014952820616883 0.04090148133116883 0.049779322240259605
25 0.40694120332792205 0.6983246245941559 0.040267349837662336 0.04660866477272729
25 0.3663567877435065 0.6970563616071429 0.040267349837662336 0.04660866477272729
25 0.37929703353287336 0.7488371613737825 0.041733778916396125 0.038563121448863646
26 0.41910807291666663 0.751953125 0.036783854166666685 0.04166666666666674
26 0.4560546875 0.75341796875 0.035807291666666685 0.04134114583333337
26 0.4933268229166665 0.7552083333333334 0.03678385416666635 0.04166666666666674
26 0.5297851562499998 0.7574869791666666 0.036783854166666186 0.04166666666666674
26 0.567220052083333 0.7610677083333334 0.036783854166666186 0.04166666666666674
26 0.604329427083333 0.7630208333333334 0.036783854166666186 0.04166666666666674
26 0.6411132812499998 0.7666015625000001 0.036783854166666186 0.04166666666666674
26 0.6788736979166665 0.7688802083333334 0.036783854166666186 0.04166666666666674
28 0.5014467592592592 0.8638599537037037 0.040870949074074014 0.07993344907407407
29 0.45207609953703703 0.8515625 0.05135995370370372 0.11248553240740744
29 0.3999281787367725 0.8646576089203042 0.05135995370370372 0.11248553240740744
16 0.47392324478359404 0.5582240588746419 0.048828124999999944 0.0720301418439716
16 0.4195979136577662 0.5582240588746419 0.048828124999999944 0.0720301418439716
16 0.3660651250821944 0.553749878910103 0.05300013063031317 0.07084254350429753
