19 0.5188806533813477 0.15816135406494142 0.039655113220214866 0.07042832374572752
17 0.3572681427001953 0.14238293170928956 0.04108037948608401 0.07287898063659667
16 0.5670217514038086 0.7218951225280762 0.033203125 0.06795120239257812
24 0.5729250907897949 0.6260227203369141 0.03372631072998056 0.06226921081542969
16 0.4365689754486084 0.30820174217224117 0.03882865905761723 0.06769590377807616
14 0.3984401226043701 0.14814887046813965 0.040205955505371094 0.07125954627990723
16 0.4753779411315918 0.3098269462585449 0.03662624359130856 0.06770124435424801
16 0.5128025531768798 0.3119227886199951 0.03651418685913088 0.0667770385742188
16 0.6011191368103027 0.7197274208068848 0.03411464691162114 0.065582275390625
17 0.3139710903167725 0.1405559301376343 0.04353590011596681 0.07359127998352051
16 0.39343671798706054 0.7341932296752929 0.03642215728759768 0.07137260437011717
16 0.5003288269042969 0.7272570133209229 0.03303184509277346 0.06859607696533199
16 0.3168612480163574 0.7384748458862305 0.03921108245849608 0.07746353149414054
26 0.6315812110900878 0.17186324596405028 0.03728332519531252 0.07307696342468262
28 0.5454751014709472 0.9321393966674805 0.03649425506591797 0.1228679656982421
16 0.4780128479003906 0.15507347583770753 0.03864097595214844 0.06913442611694334
16 0.46571021080017094 0.7293218612670898 0.033786487579345714 0.06942806243896482
17 0.6217262744903564 0.315414571762085 0.03852634429931645 0.0687519550323486
29 0.32364954948425295 0.9032231330871582 0.061309719085693326 0.19355373382568364
16 0.3559518337249756 0.7362353324890136 0.03590202331542969 0.07343330383300783
16 0.4301905155181885 0.7324632644653319 0.03545179367065432 0.07037506103515623
24 0.606978988647461 0.6245172500610352 0.0338014602661133 0.06460590362548835
16 0.5336310386657714 0.7232898712158202 0.03276767730712893 0.06704292297363279
25 0.5568472862243652 0.16146547794342042 0.03445148468017578 0.06777615547180174
16 0.4383458137512207 0.15198321342468263 0.03855743408203122 0.06864566802978514
24 0.3550930500030518 0.6354669094085693 0.03764171600341798 0.06626148223876949
24 0.3145818471908569 0.3051389217376709 0.040048789978027355 0.07839279174804686
29 0.383425521850586 0.9003530502319336 0.05644207000732421 0.19929389953613286
17 0.5851123332977295 0.31392898559570315 0.03261556625366202 0.06518402099609372
29 0.442050838470459 0.8981055736541748 0.05807342529296872 0.20378885269165037
24 0.3547471523284912 0.3030436515808106 0.03906888961791993 0.07024030685424804
24 0.39505252838134763 0.3058878660202027 0.040276908874511685 0.06850118637084962
17 0.5506315231323242 0.3133717060089112 0.0351160049438477 0.06492929458618163
24 0.39345819950103755 0.6343775749206543 0.0380993366241455 0.06329822540283203
29 0.4989154815673828 0.8959188461303711 0.054176712036132835 0.2081623077392578
24 0.3165163993835449 0.6387509346008301 0.03977360725402834 0.071533203125
24 0.5386263847351074 0.6277527809143066 0.03386535644531252 0.06205682754516606
28 0.5826269149780274 0.9304946899414063 0.03763904571533205 0.12016677856445312
24 0.5920292854309082 0.16400595903396606 0.03483123779296882 0.06699907779693604
24 0.5036992073059082 0.628728199005127 0.03423500061035156 0.06202754974365232
24 0.4311389923095703 0.6319069385528564 0.03646078109741213 0.061887264251708984
1 0.49883246421813965 0.4675458431243896 0.05162935256958012 0.1738271713256836
24 0.4675636291503906 0.6307533264160157 0.035642910003662154 0.0621971130371094
1 0.44063992500305177 0.46741471290588377 0.05792913436889646 0.17557449340820308
1 0.5506776809692383 0.4685450553894043 0.05132989883422856 0.1727130889892578
1 0.38061705914939326 0.4683674568083228 0.05792913436889646 0.17557449340820308
1 0.3224546851181403 0.46753858066186677 0.05611363852896345 0.18249143623724218
1 0.6026560075821416 0.4685450553894043 0.05132989883422856 0.1727130889892578
