28 0.4112554112554112 0.1380950502044252 0.0535958543771044 0.16276041666666666
16 0.41017467570754723 0.4479473761792453 0.046524911556603765 0.10825103183962276
16 0.45623894457547176 0.4504809109669812 0.04468234080188671 0.10779038915094336
25 0.5013819280660378 0.4523234817216981 0.043761055424528295 0.10594781839622636
25 0.5430700913915094 0.4534750884433963 0.03961527122641506 0.10548717570754718
25 0.5833763266509434 0.45554798054245293 0.03915462853773577 0.10226267688679253
25 0.6234522405660377 0.45623894457547176 0.04007591391509424 0.1027233195754716
25 0.6649100825471699 0.458542158018868 0.04007591391509424 0.1027233195754716
25 0.7059072818396226 0.4603847287735847 0.04007591391509424 0.1027233195754711
26 0.7478257665094339 0.4599240860849057 0.040997199292452824 0.09903817806603776
