18 0.4034306049346924 0.2381058931350708 0.03183269500732422 0.08178753852844237
18 0.39931409358978276 0.34108633995056153 0.033403825759887706 0.07582664489746094
18 0.36678738594055177 0.3410680294036865 0.031511449813842796 0.07581558227539065
18 0.3701941013336182 0.23806700706481934 0.033409881591796864 0.08226280212402343
32 0.4683250427246094 0.8956813812255859 0.03675098419189454 0.1281021118164063
47 0.5438823699951172 0.22994184494018555 0.03356800079345712 0.08441162109375
25 0.47063322067260743 0.23753834366798401 0.03333282470703125 0.08233107328414918
19 0.33498029708862304 0.23871126174926757 0.03504171371459963 0.08456034660339357
23 0.4368922233581543 0.23836374282836914 0.033022499084472634 0.08028664588928225
51 0.39919700622558596 0.4382763981819153 0.02789535522460934 0.09068257808685304
25 0.4666661262512207 0.3398874759674072 0.033476829528808594 0.07663083076477051
18 0.3344285488128662 0.3416000843048096 0.03218927383422854 0.0771949291229248
16 0.5898229598999023 0.13052110373973846 0.032416152954101496 0.08104906678199769
52 0.4288947105407715 0.43741521835327146 0.02875375747680664 0.08995847702026366
31 0.6452537536621095 0.8845826148986816 0.03323802947998045 0.11126499176025395
54 0.4591989517211914 0.4366290092468262 0.029420852661132812 0.09116697311401367
14 0.5220715045928955 0.13140501976013186 0.034665584564208984 0.08403251171112061
16 0.6225611686706543 0.12964810132980348 0.03164405822753913 0.08156778812408447
2 0.5393195152282715 0.6688490390777588 0.04487791061401358 0.14960470199584963
26 0.43500499725341796 0.5582759857177735 0.02934398651123049 0.06825981140136717
32 0.5053259849548339 0.8952131271362305 0.03574934005737307 0.12876129150390625
8 0.4942928314208984 0.6693909645080567 0.0424957275390625 0.1442422866821289
14 0.4873869895935059 0.13224367797374725 0.03304100036621099 0.08476815819740297
26 0.4057668805122375 0.5589429378509522 0.028561568260192904 0.06780071258544917
16 0.5568832397460938 0.13098658323287965 0.03174667358398442 0.08222565650939942
2 0.5835922241210938 0.6678324222564698 0.04302272796630857 0.15022726058959968
26 0.46522455215454106 0.5566205978393555 0.030071449279785167 0.06873168945312491
16 0.6553844451904296 0.1285489797592163 0.03197631835937498 0.08224098682403563
59 0.49490938186645506 0.5404459953308105 0.028292465209960926 0.09234142303466791
29 0.3678868532180786 0.8652918100357057 0.0525938034057617 0.19487681388854983
8 0.45122203826904295 0.6735823631286622 0.041997718811035145 0.14750614166259768
17 0.34791994094848633 0.13212735354900362 0.034333229064941406 0.08177066445350648
2 0.6292774200439453 0.6652928829193115 0.04629802703857422 0.14729471206665035
29 0.42162694931030276 0.8626235961914062 0.05279140472412108 0.19284210205078123
34 0.34435300827026366 0.5623006820678711 0.029663467407226585 0.07612113952636723
15 0.4170360565185547 0.13125590085983277 0.03453073501586912 0.08225677013397216
15 0.38225669860839845 0.1316562205553055 0.0346527099609375 0.08274678587913514
15 0.45285663604736326 0.13125016689300537 0.03425369262695316 0.0831125020980835
17 0.3103159478280397 0.13096343919766687 0.04015073776245115 0.08600531220436096
23 0.4329247951507568 0.3411756992340088 0.032010555267333984 0.07517776489257816
3 0.40657253265380855 0.6759176254272461 0.046024608612060536 0.14771194458007808
28 0.5403145790100098 0.8878872871398926 0.033708381652832076 0.1288923263549805
24 0.5022586822509766 0.33897151947021487 0.03390102386474614 0.07609367370605469
59 0.5231353282928466 0.539120101928711 0.02822885513305662 0.0932027816772461
56 0.578180694580078 0.22858090400695802 0.031539535522460915 0.0838069438934326
28 0.5759798526763916 0.88540678024292 0.03684253692626949 0.12997150421142578
33 0.37554264068603516 0.5603933334350586 0.03066000938415525 0.07276859283447257
24 0.5053573608398437 0.23765372633934023 0.03471908569335941 0.08259478807449341
3 0.36011548042297364 0.6801732063293457 0.046590328216552734 0.15179328918457025
31 0.6114419460296631 0.8890161514282227 0.032858848571777344 0.11418762207031241
55 0.5161806106567383 0.4332797169685364 0.028445053100585982 0.08920533657073976
55 0.48863805753994827 0.43437412998317615 0.026941252176740538 0.09052994799824943
