47 0.7456477165222168 0.576627540588379 0.02175760269165039 0.0548280715942383
26 0.6885763645172118 0.49841279983520503 0.02093925476074221 0.04781150817871088
26 0.6022509574890137 0.4974016666412353 0.021086406707763627 0.04724340438842772
54 0.6804937839508056 0.5681452751159668 0.021680355072021484 0.06465091705322257
26 0.7105812072753906 0.49872627258300783 0.02114658355712895 0.0485185623168945
26 0.579524040222168 0.4972054481506347 0.02323150634765625 0.048937606811523426
26 0.7387295722961427 0.3351851463317871 0.022197628021240257 0.054051589965820324
41 0.4953113555908203 0.6970189094543457 0.036596107482910145 0.04134788513183596
26 0.6246954441070556 0.3353668212890625 0.02291164398193357 0.0529026985168457
26 0.6242715835571289 0.4977268695831299 0.021636962890625 0.04681739807128904
41 0.41052227020263676 0.6518619537353516 0.03795595169067384 0.04352970123291022
26 0.7133391380310059 0.3888176441192627 0.02143993377685549 0.047852325439453114
26 0.736518669128418 0.3886583328247071 0.022350120544433527 0.047748851776123036
41 0.3692567586898804 0.6513333320617676 0.03708844184875487 0.04533500671386714
14 0.49564805030822756 0.20481011867523194 0.023594760894775357 0.047269630432128895
26 0.6003942012786865 0.38871169090270996 0.021789932250976585 0.049493694305419944
41 0.4518584728240967 0.6963694572448731 0.036379337310791016 0.040602493286132746
26 0.6014644622802734 0.3348106384277344 0.022175598144531183 0.05346765518188473
41 0.45284481048583985 0.652274227142334 0.03834676742553711 0.047384452819824174
26 0.6022282600402833 0.4470971584320068 0.021667098999023415 0.04949083328247067
26 0.5795390129089355 0.44652366638183594 0.022298431396484353 0.04899387359619145
26 0.7618145942687988 0.3345869064331055 0.02237920761108403 0.05162506103515624
26 0.6230650901794433 0.38870260715484617 0.0229089736938477 0.049055242538452115
26 0.7327084541320801 0.4993966102600098 0.021647262573242232 0.04959506988525392
26 0.6669422149658204 0.4982034683227539 0.02086505889892576 0.04680337905883791
26 0.7566379070281983 0.4477998733520508 0.021947479248046853 0.04864635467529299
17 0.3575443744659424 0.20512180924415588 0.02288532257080078 0.045123279094696045
41 0.41075453758239744 0.6957152366638184 0.03914947509765626 0.041861534118652344
26 0.6891852378845216 0.4478566646575928 0.021006011962890647 0.04797296524047856
26 0.7336698532104492 0.44772882461547847 0.021389198303222612 0.04756946563720704
41 0.3704679012298584 0.6953115463256836 0.03713946342468266 0.04034576416015634
16 0.44650802612304685 0.3253302574157715 0.02179746627807616 0.03711471557617185
16 0.4691649913787842 0.3249314785003662 0.02223863601684567 0.037602281570434604
26 0.6476472854614257 0.33528957366943357 0.022382354736328103 0.052438831329345736
17 0.38069872856140136 0.20489902496337892 0.022814846038818337 0.04576454162597657
26 0.7113910675048829 0.4477087020874023 0.02128400802612307 0.04719486236572262
26 0.6459140300750732 0.4479234695434571 0.020762729644775324 0.048282337188720714
26 0.6908713340759277 0.38932888507843016 0.021610069274902388 0.048928594589233376
17 0.312296199798584 0.20607189536094667 0.022158050537109397 0.04505711793899536
26 0.6243975639343262 0.4477226257324219 0.021540832519531317 0.04837322235107422
41 0.3294338703155517 0.6954123497009277 0.037160110473632824 0.03968648910522454
16 0.4241037368774414 0.32543606758117677 0.021311950683593706 0.03680028915405276
41 0.37118871212005616 0.7310160636901856 0.03773212432861328 0.0291955947875977
14 0.47197542190551756 0.20455618500709533 0.022605323791503873 0.046753776073455794
26 0.7840020179748535 0.3345540761947632 0.020726013183593683 0.050433206558227583
16 0.49476184844970705 0.2775007724761963 0.02238874435424809 0.05313396453857422
41 0.32891507148742677 0.6515863895416261 0.03581085205078127 0.04319849014282229
26 0.7599126338958739 0.3884456157684326 0.022432231903076194 0.04870967864990239
17 0.33451318740844727 0.20534610748291016 0.021996784210205123 0.04521598815917971
16 0.47139739990234375 0.2774248838424683 0.023066234588623002 0.052187538146972634
16 0.4924609661102295 0.3245285987854004 0.022857952117919966 0.037998485565185536
26 0.6456110954284668 0.49805569648742676 0.02054872512817385 0.04646387100219723
41 0.4970714569091797 0.6528158187866211 0.03621110916137693 0.04652042388916011
16 0.4260369300842285 0.2783846378326416 0.022237777709960938 0.05188837051391604
41 0.4118402600288391 0.7322083473205567 0.03746144771575932 0.029417896270751975
26 0.6459667205810546 0.3887549877166748 0.021923732757568426 0.04877834320068358
29 0.6094361305236817 0.6875604629516602 0.03707542419433596 0.12779998779296875
26 0.6671054363250732 0.4479342460632324 0.020411300659179732 0.04861392974853512
51 0.7020917892456054 0.5695202350616455 0.019775199890136763 0.06349430084228525
14 0.40360150337219236 0.2049574375152588 0.021838855743408214 0.04611825942993164
26 0.6702191829681396 0.33525781631469725 0.02149829864501962 0.052308940887451194
26 0.6686282634735108 0.3891482830047608 0.02194833755493164 0.049106884002685536
16 0.3587348937988281 0.27766618728637693 0.02164659500122068 0.051355552673339855
14 0.42629051208496094 0.2049264430999756 0.022509860992431685 0.046089363098144515
26 0.6924484252929688 0.33509824275970457 0.022529983520507835 0.05318617820739746
16 0.3575121879577637 0.32382712364196775 0.022076129913330078 0.03745250701904296
26 0.7551993370056153 0.49987292289733887 0.021488189697265625 0.05025892257690434
16 0.3797851800918579 0.32475881576538085 0.021449279785156206 0.03681230545043945
16 0.40354351997375487 0.2790826320648193 0.021510219573974587 0.05238814353942872
5 0.7038509368896484 0.2156486988067627 0.03350353240966797 0.11132831573486329
29 0.6854118347167968 0.6893833160400391 0.036124801635742165 0.12919731140136725
16 0.31447987556457524 0.2773125410079956 0.02190093994140624 0.05229744911193851
14 0.44893836975097656 0.20464258790016177 0.022548484802246138 0.046437823772430414
16 0.3356487035751343 0.32386417388916017 0.020667362213134755 0.03781547546386721
26 0.7155509471893311 0.33549330234527586 0.022344017028808616 0.05408902168273927
29 0.7574748039245606 0.6914007186889648 0.03369827270507808 0.12772865295410163
16 0.3809549331665039 0.2787724018096924 0.0224123954772949 0.051974105834960926
29 0.647576379776001 0.6879037857055664 0.03858404159545892 0.1299026489257813
41 0.33090815544128416 0.7305726051330567 0.03894553184509281 0.030140686035156294
16 0.3140988349914551 0.3235791206359864 0.020658016204833984 0.03746824264526366
0 0.7401546478271483 0.21423962116241457 0.03636512756347654 0.11590504646301272
16 0.4488478660583496 0.27804856300354003 0.021765422821044933 0.051982879638671875
31 0.3236672878265381 0.42909687757492065 0.02537193298339846 0.08576757907867427
16 0.4020837306976318 0.325177001953125 0.02132701873779297 0.03688702583312986
25 0.5792033195495605 0.3347617149353027 0.020883941650390647 0.05404844284057614
5 0.6702577590942382 0.21659018993377685 0.03351259231567383 0.11251535415649411
5 0.6355076789855957 0.21398551464080812 0.0328119277954102 0.11088337898254397
29 0.7219910621643066 0.6904072761535645 0.03617601394653325 0.12658672332763676
41 0.49528846740722654 0.7351239681243896 0.03931312561035155 0.034106540679931685
16 0.33661799430847167 0.27733283042907714 0.02157649993896482 0.05150437355041504
41 0.4512815475463867 0.7325938224792481 0.03735818862915041 0.02932796478271482
25 0.5785917282104492 0.3887831211090088 0.020442962646484375 0.05070667266845702
26 0.7822628021240234 0.38816378116607664 0.020441627502441495 0.049669122695922885
31 0.3502187728881836 0.42839798927307127 0.026432228088378862 0.08667907714843753
26 0.7764545440673829 0.5000802040100097 0.019380187988281228 0.048989105224609364
29 0.5760084629058838 0.6879044532775879 0.028979587554931685 0.12687206268310547
5 0.6018718719482422 0.21535332202911378 0.03292083740234375 0.10956296920776368
31 0.3768636703491211 0.42907885313034055 0.027223491668701194 0.0849125146865845
26 0.7784919738769531 0.4475663661956787 0.019679450988769442 0.04945802688598633
32 0.4315803527832031 0.43047982454299927 0.025707244873046875 0.08480756282806401
31 0.4045941352844238 0.4302521705627441 0.02655954360961915 0.08335266113281253
0 0.7761344909667969 0.21452798843383789 0.03449115753173837 0.11559529304504396
52 0.7234667778015137 0.5700220108032227 0.02169446945190434 0.06526374816894531
