14 0.2942813873291016 0.34321002960205077 0.032186031341552734 0.05680074691772463
54 0.40743445158004765 0.7493567943572998 0.02368433475494386 0.07205905914306643
19 0.42654209136962895 0.3533071279525757 0.029087257385253917 0.05372829437255855
54 0.3823421001434326 0.753969669342041 0.02474555969238279 0.07305068969726558
54 0.2706027030944824 0.7728616714477539 0.027118110656738303 0.07181167602539062
23 0.28800621032714846 0.6543460845947265 0.031689834594726574 0.05070714950561528
54 0.40073838233947756 0.6295054435729981 0.025540447235107455 0.0761709213256836
19 0.31752080917358394 0.511129093170166 0.03032798767089845 0.04831867218017577
54 0.451760721206665 0.6248600959777832 0.02558870315551759 0.07314453124999998
18 0.2546451807022095 0.6582173347473145 0.03363323211669922 0.050973701477050826
19 0.39717247486114504 0.28078832626342776 0.031049871444702115 0.08172655105590823
19 0.2535754919052124 0.5110344886779785 0.03288807868957519 0.052273559570312544
14 0.2593050241470337 0.2635504722595215 0.035342216491699247 0.09017324447631836
54 0.37432460784912114 0.6315802574157715 0.025293540954589855 0.07798576354980469
54 0.29902105331420903 0.7672636985778809 0.027113962173461903 0.07357101440429681
54 0.34732904434204104 0.6345732688903809 0.02562408447265624 0.07866859436035156
54 0.3559855937957764 0.7585361003875732 0.026141262054443337 0.07372274398803702
54 0.24138517379760743 0.7786712646484375 0.027937507629394537 0.07366714477539071
19 0.3958946704864502 0.3512166976928711 0.03034515380859376 0.054361534118652355
14 0.2962495803833008 0.26961331367492675 0.03441944122314455 0.08681035041809082
19 0.46071214675903316 0.2888068675994873 0.028963756561279308 0.07887353897094729
54 0.2121066153049469 0.7807064056396484 0.02764509916305541 0.07471389770507808
19 0.21911206245422363 0.5116621494293213 0.03220729827880858 0.05339899063110348
54 0.32697205543518065 0.7630604267120361 0.027667856216430642 0.07365827560424809
54 0.4264341354370117 0.6274390697479248 0.02420520782470703 0.07428655624389646
19 0.36509552001953127 0.2756085872650147 0.030752086639404264 0.0845047950744629
19 0.28637959957122805 0.510693359375 0.03144159317016598 0.05014133453369146
16 0.258878231048584 0.3401216745376587 0.035064888000488265 0.05786528587341311
16 0.22056341171264648 0.3366561412811279 0.03717098236083982 0.06120896339416504
19 0.3633109092712402 0.3487569808959961 0.03179893493652347 0.054089927673339866
19 0.4888170242309571 0.29103908538818357 0.026460647583007868 0.07593965530395508
19 0.3325973987579346 0.2738485813140869 0.03251390457153319 0.08537483215332031
19 0.25444560050964354 0.4434957027435303 0.03251256942749023 0.07694902420043948
54 0.3196346282958984 0.6366430282592773 0.027170705795288075 0.0791681289672852
19 0.22092537879943847 0.4425365447998047 0.03255805969238282 0.07688484191894529
19 0.37857651710510254 0.5098573684692382 0.028548145294189475 0.047525978088378884
16 0.22103967666625976 0.25989327430725095 0.03741197586059569 0.08690338134765624
19 0.46359786987304685 0.5079815864562989 0.027601051330566395 0.04963378906249993
18 0.2585166931152344 0.5968487739562989 0.032982635498046864 0.06700210571289056
16 0.18795846700668334 0.2581987142562866 0.027468609809875505 0.08822569847106937
19 0.4571234226226807 0.35556333065032963 0.027672767639160156 0.05373854637145997
4 0.5875324207803477 0.4969752505205679 0.032911308951999896 0.12131218011828432
19 0.28808534145355225 0.44478631019592285 0.032035779953002885 0.0755180358886719
2 0.7059438705444336 0.3523867607116699 0.03175058364868166 0.1225738525390625
16 0.18828017711639405 0.3350810527801513 0.025601863861083984 0.060856151580810536
19 0.43582744598388673 0.5079985618591308 0.027144432067871094 0.048083877563476596
19 0.429536247253418 0.2840745925903321 0.030911731719970692 0.0799581527709961
19 0.48399658203124996 0.3569328784942627 0.024839115142822277 0.05496788024902344
23 0.29126210212707515 0.5951514720916748 0.02953677177429198 0.06507492065429688
19 0.47105817794799804 0.449160099029541 0.030078983306884743 0.06504459381103511
51 0.4330868721008301 0.7449041366577148 0.024811172485351585 0.07374286651611328
14 0.32943484783172605 0.3460151433944702 0.03375601768493652 0.05562987327575686
19 0.19135901927947996 0.4432363510131836 0.025297498703002935 0.07794075012207036
19 0.34862384796142576 0.5106585502624512 0.03033900260925293 0.04757232666015626
19 0.441098403930664 0.44834928512573247 0.028135013580322277 0.06760807037353517
19 0.2241710662841797 0.5999075412750244 0.03267731666564941 0.06827831268310547
3 0.6411377906799316 0.3465744972229004 0.03718166351318353 0.13064327239990237
1 0.6729559898376465 0.3494551181793213 0.031015968322753995 0.127536678314209
23 0.4113818645477295 0.44809856414794924 0.0291611671447754 0.0679011344909668
19 0.3523409366607666 0.4488519668579102 0.030251502990722656 0.07164039611816403
41 0.6762830734252929 0.8311391830444336 0.045000648498535134 0.04645729064941406
0 0.6209149837493897 0.4946793556213379 0.02921571731567385 0.11283588409423828
19 0.3294865608215332 0.34639458656311034 0.0335087776184082 0.054967403411865234
19 0.4120502948760987 0.44817276000976564 0.028848838806152355 0.06867942810058592
19 0.32043890953063964 0.44754724502563475 0.030530691146850586 0.07222452163696291
52 0.6271290822072072 0.7239055461711712 0.015836148648648685 0.05982545045045051
52 0.6086535754504504 0.7230257601351352 0.015836148648648685 0.05982545045045051
52 0.5848993524774775 0.7291842623873874 0.015836148648648685 0.05982545045045051
52 0.5637844876126126 0.7327034065315317 0.015836148648648685 0.05982545045045051
52 0.5435494087837838 0.7344629786036038 0.015836148648648685 0.05982545045045051
55 0.6997114301801802 0.6073338963963965 0.01319679054054057 0.048388231981981944
55 0.6829954954954955 0.6126126126126127 0.01319679054054057 0.048388231981981944
55 0.6645199887387389 0.6161317567567569 0.01319679054054057 0.048388231981981944
55 0.6416455518018019 0.6170115427927929 0.014956362612612795 0.04838823198198172
55 0.6222902590090091 0.6187711148648649 0.014956362612612795 0.04838823198198172
55 0.6020551801801803 0.620530686936937 0.014956362612612795 0.04838823198198172
55 0.5826998873873875 0.6240498310810813 0.014956362612612795 0.04838823198198172
55 0.5615850225225227 0.6249296171171173 0.014956362612612795 0.04838823198198172
55 0.5404701576576578 0.6293285472972975 0.014956362612612795 0.04838823198198172
46 0.5439893018018018 0.8497149493243243 0.0571860923423424 0.05102759009009006
19 0.21872965494791666 0.6613021612167358 0.028483072916666685 0.04661768277486178
9 0.6019021739130435 0.34445057744565216 0.03502887228260876 0.1284391983695652
5 0.682532269021739 0.49323482789855067 0.023352581521739135 0.11180932971014496
5 0.6524569746376812 0.49252717391304346 0.025475543478260865 0.10614809782608697
1 0.5597543025362318 0.49641927083333326 0.01839900362318847 0.12383944746376807
