41 0.39768733978271487 0.7624468326568603 0.044631004333496094 0.049414634704589844
41 0.6024088382720947 0.8640106201171875 0.04691009521484368 0.0486778259277344
41 0.4996651649475098 0.8631461143493653 0.044495964050292935 0.04611415863037116
41 0.3975146293640137 0.8141938209533692 0.04414730072021483 0.04526367187500002
41 0.5011131286621093 0.8132732629776 0.044347953796386785 0.04844851493835456
41 0.45188045501708984 0.7622151374816895 0.04508285522460942 0.05104751586914058
46 0.41788806915283205 0.5582729339599609 0.05986490249633786 0.03817253112792973
41 0.5524903297424316 0.814450454711914 0.044231414794921875 0.04840774536132819
41 0.5553617954254151 0.7629866600036621 0.04606714248657229 0.051821994781494185
41 0.5516124725341797 0.8640335083007813 0.04565219879150395 0.04686050415039056
44 0.35040597915649413 0.6819575309753418 0.044371843338012695 0.03250408172607422
41 0.6015863418579102 0.8142578125 0.04191265106201181 0.04716148376464846
43 0.6027344703674317 0.642545223236084 0.048893737792968794 0.03696508407592769
46 0.6031232357025147 0.5600691795349121 0.05497760772705085 0.04432106018066406
41 0.4500715255737305 0.8142457008361816 0.04331836700439451 0.047540473937988326
41 0.4481600284576416 0.8627937316894532 0.04345827102661132 0.044203758239746094
41 0.5038248538970947 0.762147045135498 0.04394245147705078 0.048748779296875044
41 0.34444875717163087 0.7616632461547852 0.04625654220581055 0.05388641357421875
41 0.6059861660003663 0.7633266448974609 0.04268369674682615 0.050052547454833896
44 0.550586748123169 0.6463533401489258 0.04254293441772461 0.03549261093139644
41 0.345048475265503 0.8141684532165527 0.04472322463989259 0.045710182189941495
41 0.39705722332000737 0.8630764007568359 0.04471678733825685 0.04546813964843743
46 0.35520617961883544 0.5631763458251953 0.053975820541381836 0.03289489746093743
41 0.34624300003051756 0.8640813827514648 0.043529129028320346 0.04582328796386714
44 0.34883885383605956 0.6468185424804688 0.044950008392333984 0.03621740341186519
43 0.6004238128662109 0.6789268493652344 0.04931201934814444 0.031922340393066406
44 0.5487900257110596 0.6815152645111084 0.04556875228881829 0.03397722244262702
46 0.4823153495788574 0.5586868286132812 0.058310317993163996 0.040038108825683594
44 0.45076375007629393 0.6478164196014404 0.042625808715820335 0.0352380752563477
44 0.4982729434967041 0.6811148643493652 0.0429104804992676 0.03004531860351556
44 0.49938297271728516 0.6473041534423828 0.04141311645507817 0.035427856445312544
44 0.39958939552307127 0.6480961799621582 0.04482517242431644 0.03775291442871098
46 0.5439957618713378 0.5589349746704102 0.060872459411621116 0.04239082336425781
44 0.39962272644042973 0.682729434967041 0.044812965393066395 0.030403518676757835
36 0.3606428179824561 0.22272478070175436 0.07881030701754382 0.023985745614035103
36 0.49384936951754377 0.2282929002192982 0.06082099780701733 0.023129111842105254
36 0.4304584703947367 0.22572299890350875 0.057394462719298045 0.01970257675438597
36 0.5529570997807016 0.23000616776315785 0.05568119517543846 0.0179893092105263
36 0.6112081962719298 0.22743626644736836 0.05568119517543846 0.0179893092105263
