34 0.23427352905273435 0.2300881803035736 0.028606033325195318 0.06916266679763791
26 0.32404999732971196 0.23277390003204346 0.0313586711883545 0.07031388282775877
17 0.39009246826171873 0.35899240970611573 0.027435111999511708 0.06518015861511228
15 0.2722261905670166 0.3550764560699463 0.029789113998413053 0.06642780303955081
18 0.44451599121093754 0.23546476364135743 0.027635765075683605 0.07184495925903323
26 0.3550111293792725 0.23317094445228578 0.030197334289550792 0.07136667966842652
59 0.24827406406402588 0.4588804244995117 0.0272713661193848 0.0847713470458984
18 0.4700333595275879 0.23538219928741455 0.022878265380859353 0.07142076492309568
54 0.3019446134567261 0.4584988594055176 0.026879978179931596 0.08185234069824215
25 0.3854865074157715 0.23378527164459229 0.03028583526611328 0.07353959083557127
17 0.41869678497314455 0.35906646251678465 0.02768821716308595 0.06519556045532227
29 0.3867854118347168 0.8001468420028686 0.04037790298461913 0.13689579963684084
19 0.47118101119995115 0.3589833974838257 0.020401096343994174 0.06402883529663084
51 0.4569730758666992 0.4587430000305176 0.02449874877929692 0.0765522003173828
52 0.4312800407409668 0.4595984935760498 0.02465505599975587 0.07640218734741211
19 0.44709854125976567 0.3588679790496826 0.027038383483886708 0.06408052444458007
28 0.6253579240326488 0.8207743889694914 0.03404619321910607 0.08442435133347814
24 0.41490955352783204 0.2340845584869385 0.029664039611816406 0.07425999641418457
54 0.27505197525024416 0.458619213104248 0.025666856765747037 0.08360576629638672
15 0.3023061037063599 0.35609898567199705 0.02884192466735841 0.0647439956665039
31 0.5944640096189198 0.8291892477157541 0.027007376385056125 0.06760092809144103
56 0.399733018875122 0.5773550987243652 0.0240157127380371 0.06305522918701179
47 0.453043270111084 0.5792026042938232 0.025784873962402366 0.06264114379882812
52 0.4058952808380127 0.4599915981292725 0.023486995697021507 0.07733345031738281
16 0.24053137302398683 0.35513648986816404 0.029033136367797863 0.06549873352050778
32 0.6579680442810059 0.820318627357483 0.03018875122070308 0.08363490104675286
14 0.36117868423461913 0.3585845470428467 0.02822933197021482 0.06621589660644528
33 0.26315334623893805 0.22988108407079644 0.027654867256637156 0.07086559734513276
33 0.29340085730088494 0.23117740597345132 0.027654867256637128 0.07086559734513276
23 0.3312102461283185 0.3573527378318584 0.028086974557522126 0.06827295353982299
59 0.21932287490473384 0.4593125318003967 0.027271366119384827 0.0847713470458985
