23 0.5339728355407715 0.47539644241333007 0.02836532592773433 0.06507148742675783
23 0.530788516998291 0.40710020065307617 0.028846549987793013 0.06703996658325195
23 0.5043912887573242 0.47675085067749023 0.028430175781249956 0.06584548950195312
24 0.6189032554626466 0.4029769778251648 0.030717468261718728 0.0663709878921509
18 0.4135483741760254 0.40950989723205566 0.029225254058837857 0.06724109649658205
14 0.47269549369812014 0.3160731792449951 0.03037719726562499 0.07133722305297852
26 0.48372631072998046 0.7138901710510254 0.02890720367431643 0.05964393615722652
14 0.5333843231201172 0.24231109619140626 0.030275726318359286 0.07108397483825685
18 0.4444818019866943 0.4777562141418457 0.031000328063964855 0.06457271575927737
16 0.625907039642334 0.24004998207092287 0.028342056274414107 0.07159385681152344
59 0.5416475296020508 0.7027595520019532 0.025947380065918013 0.08107967376708991
18 0.44274015426635743 0.4091610789299011 0.02835903167724607 0.06690943241119385
16 0.6271725654602052 0.3121806144714355 0.025106048583984353 0.07048635482788085
14 0.4712371826171875 0.24296135902404786 0.030294799804687522 0.07232208251953123
17 0.3782603979110718 0.24079742431640624 0.030803394317626964 0.0702383041381836
18 0.4148494720458984 0.47786927223205566 0.02867441177368163 0.0629822731018066
26 0.5136310577392578 0.7141135215759278 0.02900562286376951 0.05930128097534182
14 0.5354324340820313 0.315458869934082 0.03109321594238279 0.07043838500976562
25 0.5633856773376464 0.4743492603302002 0.028247642517089777 0.06610164642333988
16 0.5648457050323487 0.24148283004760743 0.03057317733764653 0.07083530426025392
15 0.40915594100952146 0.24098124504089355 0.03004417419433597 0.07118625640869142
56 0.45289340019226076 0.7083620071411133 0.029481506347656283 0.0663997650146484
59 0.5688155174255372 0.7024089336395264 0.025968742370605535 0.07938356399536128
28 0.462510633468628 0.8681148529052735 0.033721160888671886 0.10487289428710933
56 0.4227169036865235 0.7074277877807618 0.027893733978271495 0.06777486801147459
17 0.3789844036102295 0.3134942531585694 0.030409812927246094 0.07243375778198241
14 0.5039344787597656 0.3166769027709961 0.029957389831543002 0.07065105438232422
19 0.355056357383728 0.4094191670417786 0.028794336318969715 0.06762139797210692
28 0.49665317535400394 0.8670309066772461 0.03365936279296877 0.10217628479003904
16 0.5675905704498291 0.3139506816864014 0.031137943267822266 0.07026863098144531
16 0.5960358619689942 0.2412039041519165 0.0299835205078125 0.0719402313232422
15 0.4098647117614746 0.3137809753417969 0.029443359374999978 0.07199254035949709
14 0.5027402400970459 0.24353609085083008 0.02926883697509769 0.07324371337890628
15 0.43977718353271483 0.24134292602539065 0.02927265167236326 0.07075619697570804
17 0.34782950878143315 0.31296982765197756 0.030951547622680653 0.07137403488159183
25 0.5601122856140137 0.40468235015869136 0.02783079147338874 0.06712312698364259
17 0.3470862865447998 0.2407346248626709 0.030656147003173817 0.07002100944519041
15 0.44081687927246094 0.3141496658325195 0.030552101135253862 0.07192101478576662
51 0.47371482849121094 0.6039950370788574 0.027364730834960938 0.08568630218505857
52 0.527833366394043 0.6036961555480957 0.02687835693359375 0.08591232299804685
16 0.5991189479827881 0.312585711479187 0.029633808135986373 0.06968288421630864
54 0.5816494464874267 0.605247688293457 0.026212310791015603 0.08526353836059564
28 0.42695817947387693 0.8689703941345215 0.034943962097167935 0.10505828857421884
28 0.5314752578735351 0.868079662322998 0.0344423294067383 0.10271739959716797
25 0.592894172668457 0.47345781326293945 0.02961807250976567 0.06609954833984372
24 0.62212233543396 0.4732929229736328 0.02686576843261712 0.06523847579956055
28 0.5665257453918457 0.8679320335388183 0.03433532714843757 0.10103225708007812
29 0.385869574546814 0.8391582489013671 0.04510331153869629 0.16287174224853518
25 0.5884802341461182 0.4030773639678955 0.02808313369750981 0.06728887557983398
19 0.3544925689697266 0.4801644325256348 0.029536342620849643 0.06529464721679684
19 0.384752893447876 0.47832040786743163 0.030770301818847656 0.06277780532836907
23 0.47490358352661133 0.4774700164794922 0.02912149429321287 0.06554737091064455
54 0.6084009170532226 0.6052557945251464 0.026360702514648393 0.08820400238037107
47 0.3934459686279297 0.7085367679595946 0.027685928344726607 0.06751594543457029
19 0.3840182304382324 0.40951431989669795 0.02867136001586912 0.06742842197418214
23 0.5014427185058594 0.40764808654785156 0.02793235778808595 0.06664953231811521
51 0.5006855010986329 0.6045399188995362 0.026369094848632868 0.08323879241943366
23 0.47235970497131347 0.4084677219390869 0.029723262786865212 0.06774234771728516
33 0.359895658493042 0.6210726737976073 0.028905868530273438 0.06911411285400393
46 0.5551285282258064 0.6039566532258064 0.023626512096774244 0.0845304099462365
33 0.3645884008817776 0.5538897391288511 0.0300210557958131 0.06810677846272783
34 0.3957808299731183 0.5559160786290323 0.026251680107526876 0.0630040322580645
34 0.3910555275537635 0.621020245295699 0.026251680107526876 0.0630040322580645
28 0.6044547353472027 0.868367998940604 0.03433532714843757 0.10103225708007812
