54 0.46811809539794924 0.3640981197357178 0.02568931579589845 0.07433776855468749
47 0.5828254699707032 0.37805948257446287 0.02828693389892578 0.06198091506958009
24 0.5664689540863037 0.2791583061218262 0.028779315948486373 0.05469369888305664
26 0.3259571075439453 0.5263766765594482 0.027977943420410156 0.06784563064575194
26 0.3263566493988037 0.4577796936035156 0.029828119277954146 0.06278743743896487
47 0.6129621028900146 0.37746853828430177 0.029657840728759766 0.05868339538574219
54 0.4950347900390625 0.36560759544372556 0.026085090637206987 0.07452621459960934
56 0.552869176864624 0.3769794464111328 0.027605724334716752 0.062031936645507824
16 0.5675857067108154 0.1888218641281128 0.028896999359130815 0.06116456985473631
24 0.5378850936889649 0.27878584861755373 0.027188110351562544 0.05704898834228517
52 0.44101696014404296 0.3661322593688965 0.02575054168701174 0.08084850311279301
15 0.4482760429382324 0.1877933382987976 0.028725814819335893 0.07315933704376221
15 0.41835336685180663 0.18743064403533935 0.030294036865234353 0.0744931697845459
17 0.35863690376281737 0.1866164207458496 0.029244756698608376 0.07686443328857423
41 0.38155517578125 0.879478645324707 0.044512271881103516 0.04593849182128906
28 0.47267608642578124 0.49707446098327634 0.03464355468750002 0.10598211288452147
19 0.3540267705917358 0.27437539100646974 0.0286252498626709 0.07077426910400389
41 0.382015061378479 0.832859992980957 0.04628100395202639 0.04449615478515634
41 0.33107600212097166 0.8295806884765625 0.043038511276245084 0.04715538024902344
23 0.4509324073791504 0.2732398986816406 0.029595375061035156 0.05735073089599607
15 0.3883538007736206 0.18704261779785158 0.02925171852111813 0.07450757026672364
26 0.3548288106918335 0.5260179519653321 0.0278461456298828 0.06752166748046873
16 0.6288826942443848 0.19187829494476316 0.029612159729003884 0.05981407165527344
14 0.5381134033203125 0.1900450587272644 0.027935600280761697 0.06522753238677981
59 0.4081869125366211 0.5140989780426025 0.02390298843383787 0.08756303787231445
18 0.38486289978027344 0.2753432750701904 0.03230962753295896 0.07049193382263183
41 0.3810472011566162 0.7810811996459961 0.047597980499267556 0.05590629577636719
26 0.35668020248413085 0.46092300415039067 0.029834747314453125 0.06520347595214843
41 0.33147735595703126 0.8768278121948242 0.04389057159423826 0.04564018249511714
52 0.4139751434326172 0.36476523876190187 0.026623249053955078 0.08131718635559082
16 0.5986005783081054 0.19096367359161376 0.029382324218749978 0.06001472473144531
19 0.3242631912231445 0.2739542484283447 0.0284157752990723 0.07134504318237306
14 0.5089319229125977 0.19301613569259643 0.028252029418945335 0.074255633354187
17 0.32743458747863774 0.1836805582046509 0.03301100730895995 0.07851853370666503
41 0.33061842918395995 0.7779599189758302 0.04377737045288088 0.05208168029785154
14 0.4786787986755371 0.18994483947753904 0.02998123168945316 0.07311830520629883
42 0.47988548278808596 0.8240894317626953 0.041872882843017545 0.03220939636230469
25 0.4810473442077636 0.2747763395309448 0.027050209045410167 0.05618824958801272
45 0.5222080707550049 0.8626695632934571 0.054034423828124956 0.08017120361328123
45 0.5775077819824219 0.8637642860412598 0.05779418945312498 0.08991756439208975
25 0.5093301773071288 0.2782279014587402 0.02701578140258787 0.058830690383911144
28 0.43776817321777345 0.4966144561767578 0.03357887268066406 0.11095237731933594
51 0.38609967231750486 0.36139426231384275 0.02584834098815919 0.07738761901855468
42 0.4771753787994385 0.8567216873168946 0.039039707183837924 0.0322090148925781
31 0.5364663600921631 0.5043850898742676 0.03100719451904288 0.09187297821044921
31 0.5055997848510743 0.5019526481628418 0.029212188720703136 0.09086132049560547
41 0.3875433921813965 0.6098550796508789 0.04385747909545901 0.032467651367187544
59 0.3826873302459717 0.5131943225860596 0.025320816040039107 0.08827514648437496
56 0.5235540866851807 0.37560241222381596 0.027623558044433505 0.060713720321655285
34 0.5968623161315918 0.279986572265625 0.02678833007812509 0.05134668350219729
42 0.479974365234375 0.7886709213256836 0.04186544418334964 0.0360870361328125
41 0.43529534339904785 0.6102558612823487 0.0458656311035156 0.032998752593994096
36 0.3346144153225806 0.6893691196236559 0.05250336021505381 0.03255208333333326
36 0.3892179099462365 0.6914692540322581 0.05250336021505381 0.03255208333333326
36 0.44119623655913975 0.6888440860215054 0.04305275537634412 0.029401881720430012
36 0.48844926075268813 0.6877940188172044 0.043052755376344065 0.029401881720430012
58 0.5346522177419355 0.6909442204301076 0.04305275537634412 0.029401881720430012
58 0.5861055107526882 0.6898941532258066 0.04305275537634412 0.029401881720430012
41 0.3386891606033489 0.6102558612823487 0.0458656311035156 0.032998752593994096
41 0.4877987036141016 0.6092057940780475 0.04586563110351566 0.032998752593994096
46 0.5882056451612903 0.4898563508064516 0.05775369623655913 0.03885248655913981
23 0.4186561891588114 0.2724123033426576 0.029595375061035156 0.05735073089599607
