54 0.40859084891886843 0.16233019708139212 0.03444406127157479 0.1095794225028652
26 0.38497400283813477 0.6264245986938477 0.02740468978881838 0.05980253219604492
1 0.6010932445526123 0.12459648847579956 0.0508950233459472 0.1887385606765747
5 0.5522452389321677 0.12439695916524748 0.044518668477128265 0.19162928418415348
16 0.6170699119567871 0.28476881980895996 0.030619144439697266 0.0762156009674072
14 0.3568360328674316 0.2783745288848877 0.03202648162841798 0.07895784378051757
14 0.3232858657836914 0.2775579452514648 0.03346672058105471 0.07973756790161132
29 0.5270908355712891 0.5748779296875 0.05160503387451165 0.16560478210449225
26 0.3575277805328369 0.62545747756958 0.026134729385375977 0.060507011413574285
15 0.5194133758544922 0.2830649852752686 0.031722068786621094 0.07737321853637696
26 0.3293084383010864 0.6247743606567383 0.0290041923522949 0.060575008392333984
26 0.4132730007171631 0.6276068687438965 0.028010845184326172 0.060649108886718706
17 0.487166690826416 0.2831545829772949 0.031656074523925715 0.07880239486694335
29 0.5786033630371094 0.5743570327758789 0.05039567947387691 0.16394634246826167
16 0.5850959300994873 0.2831069946289062 0.03146343231201165 0.07516508102416991
16 0.552424955368042 0.2831319093704224 0.03220987319946289 0.07671332359313965
46 0.5122878954575227 0.7962631711014756 0.06094028040453481 0.06113557643718537
25 0.383800745010376 0.44540424346923824 0.030789661407470748 0.06871967315673827
26 0.413364315032959 0.5567778587341308 0.028453445434570346 0.06002368927001955
25 0.5375165939331055 0.44963550567626953 0.030109977722168058 0.06847581863403318
25 0.476896858215332 0.37528505325317385 0.030305862426757812 0.07198066711425782
25 0.5680359363555909 0.45055627822875977 0.02944812774658201 0.06921634674072263
41 0.34352114200592043 0.7704496383666992 0.04663424491882323 0.044303512573242276
25 0.4449636936187744 0.4470933437347412 0.029825782775878884 0.06769342422485353
26 0.3593466758728028 0.5534062385559082 0.025850582122802723 0.06038990020751944
24 0.6335289001464843 0.3780576229095459 0.03307342529296875 0.0717914581298828
25 0.4456625938415527 0.3737346172332764 0.03036537170410153 0.07131309509277345
25 0.4145649433135986 0.4462114334106445 0.029185390472412143 0.0689653396606445
26 0.3859822273254394 0.5556200027465821 0.026262569427490223 0.05884160995483401
25 0.35290074348449707 0.4439430236816406 0.029256343841552734 0.06861820220947268
25 0.3222410440444946 0.4430721282958985 0.030269861221313477 0.06751708984374999
25 0.5384986877441407 0.3769030809402466 0.029144096374511652 0.0713399410247803
26 0.3334824800491333 0.5523423671722412 0.024700546264648404 0.06301736831665039
41 0.341413688659668 0.7194783210754394 0.04894580841064455 0.05562744140624998
16 0.6503209114074706 0.28554887771606446 0.03386554718017576 0.07781028747558594
28 0.44642105102539065 0.6014076232910156 0.03473043441772461 0.11229419708251953
25 0.599582576751709 0.4516972541809082 0.03103847503662105 0.0693817138671875
25 0.5694233417510985 0.37769284248352053 0.030850791931152366 0.07086877822875975
25 0.5079149246215819 0.37621607780456545 0.02966365814208982 0.07105770111083981
25 0.3519184350967407 0.37003018856048586 0.030446290969848633 0.07113480567932129
2 0.5011825561523438 0.12564057111740112 0.05291109085083012 0.1920104742050171
25 0.5066387176513671 0.44872236251831055 0.029244613647461004 0.06766147613525386
25 0.3834794044494629 0.3713140726089478 0.030536079406738303 0.07210869789123536
25 0.4763710975646973 0.4483518600463867 0.030013275146484386 0.06675930023193355
25 0.414765739440918 0.37267041206359863 0.02985839843749999 0.07071771621704104
41 0.39955949783325195 0.7192343711853028 0.04610586166381836 0.05206041336059575
25 0.3221246004104614 0.3695904731750488 0.02779455184936519 0.07010965347290038
25 0.6006860733032227 0.37809062004089355 0.02936553955078125 0.07180500030517578
41 0.4002467155456543 0.7703853607177735 0.04447154998779296 0.04786262512207029
24 0.6324825286865234 0.45219850540161133 0.03265666961669922 0.07076854705810542
47 0.45366220474243163 0.17459444999694823 0.032073020935058594 0.08987445831298826
23 0.4540287494659424 0.2825133323669433 0.032045555114746105 0.07858829498291015
3 0.6532839775085448 0.1273057669401169 0.0512575149536133 0.1845485270023346
41 0.3439022064208984 0.8174338340759277 0.044178390502929654 0.04744281768798819
28 0.48187656402587886 0.6014732837677002 0.03499488830566405 0.11117343902587884
46 0.4511654853820801 0.7974638938903809 0.0588085174560547 0.05779151916503911
23 0.38999624252319337 0.2801231384277344 0.03208007812500002 0.07830085754394528
51 0.3431060353271391 0.15935779708599754 0.030988081167583947 0.10679757797766314
41 0.4001626014709473 0.8183469772338867 0.04100179672241211 0.045552825927734464
51 0.3743642492992122 0.16201351677499165 0.02967066764831544 0.10815534591674805
55 0.3121943119260393 0.16234254653401797 0.02797094092524932 0.10881338254172018
23 0.42146106522257737 0.2823851259743295 0.03074402809143073 0.07642639439280441
46 0.5738854590120974 0.7990440488935591 0.06032867431640632 0.06437168121337888
46 0.49116465809108967 0.7422139389736875 0.056231343209206475 0.045121383953380834
46 0.546042135885886 0.74267431493994 0.051614114114114096 0.045455611861861867
46 0.544021661747955 0.6965401554571814 0.051614114114114096 0.045455611861861867
46 0.48880743826350337 0.6974267622495496 0.05623134320920625 0.045121383953380834
