0 0.4128791332244873 0.855189323425293 0.04207248687744142 0.10133533477783208
15 0.3333627223968506 0.28091769218444823 0.04856081008911134 0.09492430686950681
59 0.5433793067932129 0.712233018875122 0.028254318237304732 0.06852006912231445
16 0.5776411533355712 0.28623504638671876 0.04711236953735354 0.09585914611816407
14 0.28019711971282957 0.276090145111084 0.050074386596679676 0.09524898529052736
16 0.5286715507507325 0.2847724437713623 0.046385002136230535 0.0941920280456543
16 0.4818123817443848 0.2837070941925049 0.04470634460449219 0.09529581069946291
16 0.3856777667999267 0.28310060501098633 0.048943328857421864 0.0935068130493164
25 0.42848644256591795 0.6357450485229492 0.03180742263793945 0.054963111877441406
17 0.22697563171386717 0.27544689178466797 0.05169682502746581 0.09425506591796873
16 0.4351376533508301 0.2855870723724365 0.04745302200317386 0.09656357765197754
25 0.46151151657104494 0.6364503383636475 0.030853939056396495 0.05653095245361328
25 0.4024204730987549 0.5292319297790526 0.03686437606811521 0.06715402603149412
25 0.47804985046386717 0.5306422233581543 0.03561153411865231 0.06489467620849604
16 0.6246862888336182 0.2851733684539795 0.043458175659179754 0.09805121421813967
54 0.5137233734130859 0.711509895324707 0.029893112182617143 0.0666938781738281
25 0.3982464790344238 0.721287202835083 0.030605030059814464 0.043045997619628906
25 0.42672152519226075 0.42949843406677246 0.03965892791748049 0.07333288192749021
25 0.5102066040039063 0.4322065830230713 0.04140300750732423 0.07330522537231443
25 0.4950291156768799 0.6387493133544921 0.033817005157470714 0.056345558166503884
25 0.35972394943237307 0.6371118068695067 0.03309173583984376 0.05200662612915041
26 0.5732528686523437 0.7261109828948975 0.031425857543945335 0.043607902526855535
25 0.5537504196166992 0.4336331844329834 0.04248237609863281 0.07492036819458009
25 0.5312186717987061 0.6392223834991455 0.03303813934326172 0.05402660369873047
25 0.5649089336395263 0.6402627944946289 0.03156585693359382 0.052559852600097656
25 0.32630717754364014 0.6370904922485352 0.030912017822265603 0.052988529205322266
25 0.36337339878082275 0.5280198574066162 0.03802886009216311 0.06716337203979494
25 0.46773862838745117 0.43083758354187013 0.040214252471923784 0.07288599014282227
25 0.5520984649658203 0.5353871345520019 0.03734321594238288 0.06543083190917964
25 0.38489542007446287 0.42837677001953123 0.04109039306640622 0.0730001449584961
25 0.3944906234741211 0.636800193786621 0.03305482864379883 0.0518618583679199
25 0.5973048210144043 0.43882226943969727 0.040033054351806596 0.07522087097167973
25 0.3005964279174804 0.426496422290802 0.04130334854125978 0.07639272212982179
25 0.440294075012207 0.5306575298309326 0.036633872985839866 0.06398620605468747
25 0.29140028953552244 0.6395276069641114 0.03652782440185548 0.05013008117675788
25 0.5144852638244628 0.5317329406738281 0.03531990051269529 0.06471557617187501
25 0.33560905456542967 0.7212540626525878 0.029385185241699252 0.042084121704101585
25 0.34257447719573975 0.42765971422195437 0.04047656059265137 0.07418267726898192
25 0.2835981369018555 0.5285927772521972 0.03951320648193357 0.07080421447753904
25 0.5902387619018554 0.5372337341308594 0.035556793212890625 0.06181354522705074
2 0.3706830978393555 0.8546053886413574 0.03846654891967777 0.09795875549316413
25 0.324383020401001 0.5268316745758057 0.0376771926879883 0.06693391799926751
25 0.25733461380004885 0.4255675792694092 0.04262790679931641 0.07642650604248047
25 0.3048818588256836 0.7206321716308594 0.029980039596557595 0.041445255279541016
25 0.3669595241546631 0.7217084884643554 0.031169319152832053 0.04242849349975586
52 0.45663814544677733 0.7097804546356201 0.025506591796874978 0.06551923751831046
2 0.32687144279479985 0.8562562942504883 0.03894443511962892 0.09581756591796875
5 0.45605907440185545 0.8589437484741211 0.04038200378417972 0.10069160461425775
4 0.5418252944946289 0.8604320526123046 0.03989009857177739 0.09960403442382815
51 0.48556857638888884 0.7099454365079365 0.025576636904761918 0.06665426587301582
5 0.5025620505923316 0.8589437484741211 0.04038200378417972 0.10069160461425775
