16 0.3799853801727295 0.341646671295166 0.040091419219970725 0.07462983131408696
16 0.3716876983642578 0.24881234169006347 0.04320898056030276 0.10293664932250973
2 0.5464795589447022 0.2734043598175049 0.05609188079833982 0.20092878341674802
16 0.3265058517456055 0.24875726699829104 0.047203445434570335 0.104121208190918
16 0.5010765552520752 0.33851191997528074 0.03850584030151366 0.07128968238830563
16 0.42029981613159184 0.3406217098236084 0.0390155792236328 0.07264490127563472
29 0.6171619415283203 0.7222899436950684 0.05069656372070319 0.20827865600585938
19 0.35167946815490725 0.47773237228393556 0.04361982345581056 0.08452453613281252
16 0.4608426570892334 0.3395192623138428 0.03974523544311526 0.07215948104858394
29 0.37608065605163576 0.7592957496643067 0.06804409027099606 0.24897499084472663
25 0.4769708633422851 0.5527858257293701 0.03587989807128905 0.07342891693115228
5 0.662315845489502 0.27125940322875974 0.05915546417236328 0.20296921730041503
29 0.442015266418457 0.7482294082641601 0.06135959625244142 0.2387224197387695
29 0.5013986587524414 0.7404932022094727 0.05806713104248046 0.22975540161132812
25 0.5132471084594726 0.5513330936431884 0.034560203552246094 0.073268985748291
16 0.4142570495605469 0.24802093505859374 0.04064750671386719 0.1023066997528076
25 0.5047444343566895 0.4687203407287598 0.03393077850341797 0.0789751052856445
25 0.6444201469421387 0.46106672286987305 0.03553562164306645 0.07718257904052739
16 0.4559186935424805 0.24724085330963136 0.040879631042480435 0.10216164588928223
25 0.6180227279663086 0.5424259185791016 0.03297977447509759 0.0707017898559571
29 0.5605685234069824 0.7291636943817139 0.058401298522949285 0.21835489273071296
25 0.6089918136596679 0.4624685287475586 0.033927536010742165 0.07733459472656251
25 0.5742868423461914 0.4655119895935058 0.03425197601318364 0.07900428771972651
25 0.4695121765136719 0.47113709449768065 0.03513202667236326 0.07891092300415037
25 0.5396042346954346 0.4664588928222656 0.03401556015014651 0.0786264419555664
16 0.49621229171752934 0.24872331619262694 0.038444519042968806 0.10125865936279296
17 0.33596568107604985 0.35139329433441163 0.04722790718078612 0.09107112884521484
19 0.39365615844726565 0.4748567581176758 0.03863239288330078 0.08277034759521484
25 0.5837432861328125 0.5454813003540039 0.034924983978271484 0.07050895690917969
25 0.5480042457580567 0.5483470916748048 0.03426418304443357 0.07246246337890627
25 0.6523003578186035 0.5402275562286376 0.03203430175781241 0.07029018402099607
19 0.40085320472717284 0.5599392890930176 0.037630558013916016 0.07627372741699223
0 0.6033117771148682 0.2740605592727661 0.0535079002380372 0.19908399581909178
19 0.4390655517578125 0.5573556423187256 0.0381927490234375 0.07361288070678706
19 0.36078834533691406 0.5650996685028076 0.04122867584228518 0.08253059387207029
28 0.6589673995971679 0.7470052242279053 0.03424224853515623 0.1370211601257325
19 0.43216943740844727 0.4732414245605469 0.03758878707885738 0.0809349060058594
