0 0.4886641502380371 0.13835492134094238 0.07407112121582027 0.2745877265930176
0 0.4125584602355957 0.1378928542137146 0.07328653335571289 0.273843789100647
16 0.5391427040100097 0.4391803741455078 0.04020195007324223 0.07564373016357417
28 0.6026185035705567 0.7008111000061035 0.039846611022949285 0.09438552856445315
52 0.40593652725219725 0.8914216041564942 0.02705869674682615 0.0663442611694336
14 0.3541050434112549 0.3403862476348877 0.04492979049682616 0.09399232864379886
8 0.33509767055511475 0.13761754035949708 0.07398080825805664 0.27523508071899416
25 0.6178038120269775 0.437743091583252 0.03885288238525386 0.07442588806152345
54 0.434230899810791 0.8921092033386231 0.02662696838378903 0.06336803436279304
16 0.4448111057281494 0.3428510189056396 0.04502229690551762 0.09489111900329589
16 0.6736408710479737 0.34084587097167973 0.04335165023803711 0.09505872726440429
25 0.462174129486084 0.5342587471008301 0.036027050018310525 0.07117967605590825
16 0.7202200889587402 0.3404387950897217 0.04740829467773433 0.09592351913452146
25 0.5382498741149901 0.535014533996582 0.0372286796569824 0.06885128021240239
16 0.41819869279861455 0.4399375915527344 0.03982408046722413 0.07461128234863279
19 0.5789386272430419 0.4379651069641113 0.03655872344970701 0.07449836730957032
25 0.5705636501312257 0.6110548019409179 0.03363027572631838 0.05792102813720701
25 0.46638503074646 0.6112207412719726 0.03342266082763673 0.05872688293457029
15 0.3071530818939209 0.3408214092254639 0.046619796752929654 0.09259986877441406
28 0.3922762632369995 0.6986837387084961 0.04043383598327638 0.09576473236083993
16 0.5814464569091797 0.3421586751937866 0.04408397674560549 0.09421477317810056
28 0.6457113265991211 0.7014496803283692 0.043944358825683594 0.09507217407226565
25 0.39672701358795165 0.6113342285156249 0.0350339412689209 0.0587125778198242
16 0.4987839698791504 0.44046497344970703 0.03918762207031251 0.07718982696533205
25 0.6540026664733887 0.5336673736572266 0.037617492675781294 0.07230682373046876
16 0.4585519790649414 0.4396374702453614 0.03959808349609378 0.07560138702392577
5 0.642253065109253 0.1363633394241333 0.0730993270874023 0.2727266788482666
25 0.6600290298461914 0.43820700645446775 0.04064960479736324 0.07503700256347656
25 0.4998802185058594 0.5357218742370605 0.036691856384277355 0.06943540573120122
25 0.6404766082763672 0.6115514755249023 0.03365392684936519 0.060196304321289085
16 0.535267686843872 0.3424973011016845 0.04565792083740239 0.09321374893188478
26 0.6769129753112793 0.6115023612976074 0.03438873291015632 0.060490894317626887
25 0.43219447135925293 0.6109019756317139 0.03338537216186521 0.05899400711059566
28 0.4345180511474609 0.6996762752532959 0.040173721313476574 0.09668674468994132
25 0.4253788948059082 0.534127140045166 0.03532886505126953 0.07320251464843747
25 0.5015102386474609 0.6112962245941163 0.03395481109619136 0.0590334892272949
25 0.388602089881897 0.5339502334594727 0.035922670364379905 0.07180976867675781
25 0.7003926277160644 0.43897436857223515 0.03916034698486326 0.07828180789947509
25 0.6054215431213379 0.611136531829834 0.03381614685058598 0.05805988311767574
59 0.5188629150390625 0.8924863815307618 0.02679309844970701 0.05968284606933594
16 0.6272807121276855 0.3423502922058106 0.045705413818359464 0.09507732391357421
2 0.5649757385253906 0.139663290977478 0.07601642608642578 0.2777534008026123
25 0.5766064643859863 0.5344446182250977 0.03684101104736326 0.07175216674804685
28 0.5612227916717529 0.7006380558013916 0.03994636535644536 0.09494800567626949
25 0.3500801086425781 0.5343303680419922 0.03890705108642578 0.07243309020996097
17 0.25944066047668457 0.34032330513000486 0.0463871955871582 0.09084177017211914
16 0.39926068782806395 0.34259858131408694 0.045157766342163064 0.09491233825683593
28 0.3496704578399658 0.6997611999511719 0.040673351287841775 0.09481544494628913
16 0.4895775318145752 0.34288897514343264 0.04403276443481441 0.09447507858276366
25 0.3612699508666992 0.6115021228790283 0.034088134765625 0.05908336639404299
25 0.6147621154785157 0.5337936401367187 0.0364454269409179 0.07229328155517573
25 0.32659206390380857 0.6115655422210693 0.03287248611450194 0.05801382064819338
25 0.31052563190460203 0.5339879035949707 0.038306522369384755 0.07249374389648439
28 0.5197452545166016 0.7002176761627197 0.03953342437744145 0.09720258712768548
25 0.5364743232727052 0.6111499786376953 0.03289594650268557 0.05858116149902337
16 0.37745981216430663 0.4395565986633301 0.04057631492614744 0.07416725158691406
47 0.6120060443878175 0.8964013099670409 0.027540302276611306 0.057467079162597634
28 0.47790088653564455 0.7002129554748535 0.0400531768798828 0.09796123504638676
8 0.25739250183105467 0.13805433511734008 0.07834444046020511 0.27610867023468016
16 0.3378828763961792 0.4406447887420655 0.03906822204589844 0.07590026855468751
5 0.7195333003997803 0.1362506628036499 0.08088541030883789 0.2725013256072998
51 0.49086570739746094 0.8920203208923341 0.026742744445800826 0.06151714324951174
25 0.6915167808532715 0.534856653213501 0.035782814025878906 0.07040653228759769
16 0.29657104015350344 0.4401283264160156 0.04278054237365719 0.07414302825927732
29 0.6509593963623047 0.8240308523178101 0.046431541442871094 0.12515530586242674
56 0.5820037364959717 0.896639347076416 0.029850673675537065 0.05652065277099605
29 0.5503277778625488 0.8108429193496705 0.047724342346191495 0.10061755180358889
55 0.4628274440765381 0.8934006690979004 0.02800817489624019 0.06217555999755864
56 0.5503581047058106 0.8983409881591797 0.029750061035156317 0.05447463989257806
29 0.49912935553245175 0.8089466814855928 0.047724342346191495 0.10061755180358889
29 0.44793093320235466 0.8051542057574375 0.047724342346191495 0.10061755180358889
29 0.39985475910520096 0.8040098660200545 0.03768737015214946 0.09832887232882304
29 0.601526200192646 0.8089466814855928 0.047724342346191495 0.10061755180358889
28 0.35730810072815533 0.8508040048543689 0.030339805825242705 0.08817506067961167
