18 0.4310885429382324 0.46840248107910154 0.02471675872802731 0.05523700714111329
52 0.29910352230072024 0.7020599365234375 0.019592094421386708 0.06837797164916992
19 0.33150568008422854 0.4690700531005859 0.024034118652343783 0.05560359954833988
18 0.4061298370361328 0.4687638282775879 0.025211143493652388 0.05538597106933596
41 0.3590888977050781 0.7919996738433838 0.039700889587402366 0.04341554641723633
26 0.4115872383117676 0.7133264541625977 0.021903705596923784 0.04761486053466801
41 0.7662185668945312 0.783307695388794 0.03938379287719729 0.041615962982177734
18 0.35616950988769536 0.46921453475952146 0.024589347839355458 0.055586814880371094
18 0.38103859424591063 0.46921396255493164 0.0250216484069824 0.055674743652343706
14 0.38205924034118655 0.3669870853424072 0.024307441711425792 0.059731531143188465
41 0.4062141299247742 0.832928466796875 0.03730032444000242 0.03825187683105469
52 0.320335578918457 0.7002574920654296 0.021827507019042958 0.06771430969238279
14 0.4334980010986328 0.3679438591003418 0.02510795593261722 0.059626388549804676
41 0.4071600914001465 0.7899900913238526 0.036256694793701194 0.044866085052490234
16 0.45958762168884276 0.36817708015441897 0.0253781318664551 0.05948324203491212
41 0.31366031169891356 0.7934086322784424 0.03924121856689455 0.04199399948120108
41 0.6304899215698242 0.8276515960693359 0.0378973007202148 0.042530822753906294
41 0.7630878925323485 0.8251441955566406 0.0393861770629883 0.042239379882812456
41 0.719515323638916 0.7859817504882812 0.037835788726806596 0.04085350036621094
59 0.4799397468566895 0.7016663551330566 0.021994781494140636 0.06650505065917978
41 0.4947232723236084 0.8299701690673829 0.03773803710937507 0.04141426086425781
19 0.30670197010040284 0.469960880279541 0.024516487121582053 0.05652675628662107
41 0.45113072395324705 0.8311496734619142 0.036688423156738315 0.04040184020996096
41 0.6304997444152832 0.7834240913391113 0.03739566802978511 0.04299716949462884
14 0.4076756954193115 0.36767394542694093 0.025491905212402355 0.05980215072631834
41 0.45046968460083003 0.8728974342346192 0.036549758911132824 0.03937454223632819
41 0.3628071069717407 0.9083696365356445 0.037827205657958995 0.02817611694335942
17 0.27769014835357664 0.363851523399353 0.026029491424560514 0.061645174026489225
41 0.6296663284301758 0.8712348937988281 0.037385749816894576 0.0392261505126954
41 0.5884246349334716 0.8304417610168457 0.03238000869750979 0.041894721984863215
41 0.4944414138793945 0.8716426849365234 0.03822669982910154 0.04016799926757808
41 0.5876813888549804 0.7864343643188476 0.03183765411376949 0.04145736694335944
41 0.673689317703247 0.8293283462524415 0.03796825408935545 0.04124717712402337
17 0.30338051319122317 0.3637239217758179 0.024529457092285156 0.06001477241516112
41 0.6737171173095704 0.8710535049438477 0.037331008911132835 0.038604736328125
26 0.43448400497436523 0.712334156036377 0.02380790710449221 0.04778556823730473
54 0.3432924270629883 0.6999401092529297 0.02311086654663086 0.06860237121582036
41 0.7191245079040527 0.8276138305664062 0.03943138122558587 0.040629577636718706
41 0.36233057975769045 0.874782943725586 0.037973880767822266 0.038356781005859375
41 0.5883940696716309 0.8724149703979491 0.03168487548828125 0.038994216918945335
16 0.4850104331970215 0.36776645183563234 0.023839378356933616 0.0586982727050781
41 0.3605675458908081 0.8348178863525391 0.037278556823730435 0.039424896240234375
41 0.40677422285079956 0.9071516990661621 0.03784143924713135 0.028319740295410067
56 0.3166638374328613 0.5846654891967773 0.02575654983520509 0.05891399383544915
15 0.35599985122680666 0.36584625244140623 0.025993537902832042 0.0588520050048828
41 0.7170310497283936 0.8712383270263673 0.038868618011474676 0.0397361755371094
41 0.4951646804809571 0.785511064529419 0.039337158203125056 0.045166301727294855
41 0.3211154222488404 0.9083492279052734 0.03662424087524413 0.028192138671874978
41 0.4508188247680664 0.78636474609375 0.03735780715942383 0.04474430084228509
41 0.450634765625 0.907398796081543 0.0364042282104492 0.026459884643554643
41 0.675087070465088 0.7863487243652344 0.036740684509277366 0.040150451660156294
41 0.49325361251831057 0.9068080902099609 0.037027168273925826 0.02861289978027337
16 0.5074074268341064 0.36733160018920896 0.020405387878418002 0.05828285217285156
41 0.318902587890625 0.873565673828125 0.03809413909912113 0.039108657836913974
41 0.40723423957824706 0.872934627532959 0.03783216476440432 0.03858108520507819
15 0.3292365550994873 0.365079116821289 0.025529146194458008 0.05894927978515624
41 0.3170612812042236 0.8339113235473632 0.037583065032958995 0.03855361938476565
59 0.5026311874389648 0.7016288757324218 0.02248420715332028 0.06639499664306647
41 0.6719231605529785 0.9049993515014648 0.037322044372558594 0.028677940368652344
23 0.5056575298309326 0.4667685031890869 0.022732448577880815 0.05630083084106441
23 0.45633707046508787 0.4682487487792969 0.02517051696777345 0.05685653686523434
41 0.762397861480713 0.8685867309570312 0.041960620880126975 0.03963279724121094
41 0.7158926010131836 0.9036444664001465 0.038085556030273415 0.029014778137206987
27 0.5928010463714599 0.44630522727966304 0.044975566864013605 0.03728742599487306
23 0.4817384719848633 0.467557954788208 0.02454490661621095 0.05634012222290041
41 0.6289098739624024 0.9057891845703125 0.036887168884277344 0.029721832275390603
51 0.5047872543334961 0.5729406356811524 0.022357463836669977 0.06841926574707025
59 0.4575669288635254 0.7019506454467773 0.02110433578491211 0.06678104400634766
41 0.5875515937805176 0.9075851440429688 0.03110027313232422 0.031193542480468794
19 0.2819450855255127 0.47014956474304204 0.023865604400634732 0.05731506347656251
41 0.7593816757202149 0.9013559341430664 0.03652381896972656 0.02636375427246096
47 0.34142470359802246 0.584180736541748 0.021836376190185525 0.05916728973388674
33 0.3644324296357616 0.589817880794702 0.023929014900662293 0.056912251655629076
34 0.3896549048013245 0.5888477855960266 0.02586920529801323 0.05820571192052981
51 0.48215169969773447 0.5726172706149273 0.022357463836669922 0.06841926574707025
55 0.3668576676324503 0.7023489238410596 0.02295891970198677 0.07308050496688745
50 0.38836144453642385 0.7033190190397351 0.020695364238410563 0.07502069536423839
44 0.5895102896341464 0.31035632621951226 0.03763338414634143 0.04144435975609756
44 0.5902248475609757 0.3484660823170732 0.038109756097560954 0.03572789634146345
44 0.5878429878048782 0.3865758384146342 0.038109756097560954 0.03572789634146345
27 0.6477150714303566 0.4418234982828455 0.05945420753298769 0.03601343650517502
27 0.5931198450524038 0.5440934293852078 0.05022684532826338 0.03908922390674985
27 0.6469461245799628 0.5487071104875698 0.05022684532826338 0.03908922390674985
27 0.7042326649342936 0.5440934293852078 0.05868526068259394 0.03755133020596246
27 0.769593147217758 0.5479381636371763 0.05868526068259394 0.03755133020596246
27 0.5936822091668708 0.677312514814361 0.04572793241252704 0.05726085345585474
27 0.6439678901370199 0.6809564047397343 0.04912889634287532 0.057746705445904545
27 0.6964399050623931 0.6809564047397343 0.04912889634287532 0.057746705445904545
27 0.7484260679977165 0.6785271447894856 0.052044008283173904 0.05483159350560596
