52 0.5601278305053711 0.5169665813446045 0.024407386779785156 0.07293767929077144
24 0.5898304791286073 0.32951761936319285 0.02912136932899212 0.05473092506671773
17 0.4413273811340332 0.24410710334777833 0.027735137939453147 0.054138278961181674
33 0.3517486095428467 0.5373518466949463 0.02762994766235355 0.049459743499755904
23 0.5055187702178955 0.33122572898864744 0.02729177474975586 0.05412011146545409
17 0.41252535581588745 0.24418330192565918 0.02880804538726811 0.05342531204223633
47 0.5246482849121094 0.4258696436882019 0.02670974731445308 0.05986044406890867
26 0.43251247406005855 0.535362434387207 0.025820541381835926 0.04792175292968748
59 0.6109344005584717 0.514532470703125 0.025564384460449174 0.07376232147216794
19 0.38788704872131347 0.33042080402374263 0.029676818847656272 0.053695249557495106
34 0.3794229507446289 0.5367978096008301 0.025563144683837913 0.047242164611816406
47 0.46700620651245117 0.42745083570480347 0.026871871948242143 0.0601986169815063
33 0.323258638381958 0.5382720947265625 0.027445411682128884 0.052229118347168035
18 0.4181482791900635 0.3308926820755005 0.029342269897460915 0.0543700695037842
31 0.5077234260619632 0.6357240200042724 0.02642049789428702 0.08853816986083984
47 0.43915243148803706 0.4274278163909912 0.026318740844726574 0.05932426452636719
56 0.5804749488830566 0.42436752319335935 0.02611255645751953 0.058500099182128895
47 0.4951686382293701 0.4266964435577393 0.026894092559814398 0.06004981994628905
16 0.5568929672241212 0.24602019786834717 0.02686319351196287 0.053574657440185525
14 0.615057373046875 0.24737246036529542 0.02892999649047856 0.05573692321777346
16 0.5279495239257812 0.2458340644836426 0.028382205963134788 0.05326929092407229
29 0.3857987880706787 0.7788566589355469 0.0439714431762695 0.14496707916259766
19 0.3582908153533936 0.33046207427978513 0.02843160629272462 0.05347447395324706
15 0.4984820365905762 0.2450868606567383 0.02777547836303712 0.05301895141601565
14 0.5852923393249512 0.24773852825164794 0.027922630310058594 0.05640468597412107
29 0.5144721031188965 0.7696746826171875 0.04275627136230464 0.1433628082275391
19 0.3284480571746826 0.33005099296569823 0.029522275924682595 0.0531588554382324
26 0.4593346118927002 0.5341726779937744 0.026495647430419877 0.04703474044799805
24 0.5611823558807373 0.3300942420959473 0.025906085968017578 0.05505023002624515
29 0.4300238132476807 0.7761084556579589 0.04260997772216796 0.14261932373046882
56 0.6356594085693359 0.4232271075248718 0.027318382263183616 0.06016581058502196
56 0.5518961906433105 0.4255457043647766 0.0243932723999023 0.0593799352645874
14 0.6448497772216797 0.24708828926086426 0.02916727066040048 0.05433435440063478
17 0.38292386531829836 0.24487006664276123 0.028945064544677768 0.05214061737060549
54 0.5852571964263915 0.5155436515808105 0.023126506805419944 0.07360534667968749
34 0.40522141456604 0.5361435890197754 0.024817657470703136 0.04695625305175788
56 0.607384443283081 0.42334218025207515 0.024605178833007724 0.05868082046508788
15 0.4695751667022705 0.2447673320770264 0.02733888626098635 0.05375633239746094
24 0.6199466606666302 0.32761495387417144 0.029503230390877544 0.05292382788384098
17 0.35271444320678713 0.24442727565765382 0.03042373657226566 0.05290875434875489
29 0.5567190170288085 0.7670406341552735 0.04232654571533201 0.14290695190429692
28 0.5372068405151367 0.6278223991394043 0.03142547607421875 0.1006053924560546
17 0.32177104949951174 0.24448766708374023 0.030132007598876964 0.05240850448608397
29 0.47163052558898927 0.7732260704040528 0.04020977020263672 0.14175014495849603
55 0.48486094474792485 0.5216065406799316 0.02373056411743163 0.0702449798583984
51 0.4848647117614746 0.5218476295471192 0.02427806854248049 0.06973924636840817
51 0.5350527763366699 0.518132209777832 0.02484340667724605 0.07249336242675786
28 0.5981244087219239 0.6246940612792968 0.0322515487670898 0.1003496170043946
28 0.5674824714660645 0.6258310317993164 0.0282787322998046 0.10013084411621098
28 0.6334668636322022 0.6230158805847168 0.036682415008544966 0.10034751892089844
25 0.6485227554563493 0.3264896453373016 0.026739211309523836 0.051540798611111105
18 0.44801058352939666 0.33224661880069306 0.027062910322159017 0.05475279414464557
23 0.5338080807337685 0.3304506793854729 0.02729177474975586 0.05412011146545409
23 0.47722945970202246 0.33161325379023476 0.027291774749755915 0.05412011146545409
31 0.4805809248061406 0.6395532240943302 0.02645202818370984 0.08553005929977175
31 0.4530666638934422 0.6418783729038542 0.02645202818370984 0.08553005929977175
31 0.42453342013888884 0.6438724578373016 0.029839409722222265 0.08409288194444453
29 0.34117093188788306 0.7825318941506006 0.0439714431762695 0.14496707916259766
