54 0.27718304984177217 0.12050039556962028 0.05624505537974686 0.1965486550632911
54 0.33528233781645567 0.10844788370253167 0.05500890031645572 0.17367978639240506
51 0.39430874208860767 0.10937500000000003 0.05562697784810128 0.1742978639240506
51 0.451171875 0.11061115506329115 0.053154667721518944 0.17553401898734175
52 0.5074169303797469 0.11277442642405065 0.053154667721518944 0.17986056170886075
52 0.5624258306962027 0.11710096914556967 0.053154667721519 0.17986056170886078
17 0.29685556592039797 0.29904189987562185 0.06121735074626866 0.10834499378109452
14 0.3536382878748967 0.30202389022750614 0.05295786691542287 0.10542988184079605
16 0.4083786867977528 0.3022186622191011 0.0543144311797753 0.10314255617977525
16 0.46375016833485627 0.30355223122123326 0.0513211994748658 0.10188775643303549
16 0.5159119404232098 0.305667984437751 0.049752424374464144 0.10000941265060237
16 0.5680737125115631 0.307628953313253 0.052105587025066624 0.1023625753012048
16 0.6214120659252178 0.3101782128514056 0.05053681192466508 0.10275476907630521
16 0.6755348068890732 0.31311966616465864 0.052105587025066624 0.1007938002008032
16 0.728452873995984 0.3144923443775101 0.05294615963855431 0.09883283132530118
16 0.782183421184739 0.3152767319277109 0.05294615963855431 0.09883283132530118
16 0.837874937248996 0.3193947665662651 0.05137738453815266 0.10471573795180716
19 0.31440314237646694 0.43601746196786595 0.048700982688926586 0.10071216908752395
25 0.36308195153061223 0.425063775510204 0.04623724489795922 0.07453762755102039
25 0.41011639030612246 0.4258609693877551 0.04623724489795922 0.07453762755102039
25 0.4569515306122449 0.42865114795918363 0.04264987244897961 0.07453762755102045
25 0.5023915816326531 0.4314413265306122 0.04504145408163268 0.07692920918367346
25 0.5490274234693877 0.433235012755102 0.043447066326530726 0.07493622448979592
25 0.5958625637755102 0.4354272959183674 0.04544005102040827 0.07932079081632654
25 0.6413026147959183 0.43781887755102045 0.044642857142857206 0.07852359693877548
25 0.6875398596938774 0.439811862244898 0.044642857142857206 0.07852359693877548
25 0.7321827168367345 0.4402104591836734 0.044642857142857206 0.07852359693877548
25 0.7768255739795917 0.443000637755102 0.044642857142857206 0.07852359693877548
25 0.3221460459183674 0.5326052295918368 0.04272959183673469 0.08192495748299322
25 0.36751302083333337 0.5286989795918368 0.042317708333333315 0.06760204081632648
26 0.41151663557213924 0.5288498911691542 0.037896455223880576 0.06461831467661694
26 0.45159942475124376 0.5303074471393034 0.040325715174129306 0.06656172263681592
26 0.4928968439054725 0.5327367070895521 0.040325715174129195 0.06656172263681592
26 0.5361376710199004 0.5327367070895521 0.040325715174129306 0.06656172263681592
26 0.5745819571903993 0.5349932269606359 0.035591153186768976 0.06330113053818753
