23 0.6171482086181641 0.47206926345825195 0.02560348510742194 0.05738773345947262
56 0.6039097785949707 0.2514191150665283 0.026517486572265603 0.059783554077148415
23 0.5913653373718262 0.4719533443450928 0.02429962158203125 0.0569235801696778
56 0.6896367073059082 0.25365729331970216 0.02726879119873038 0.057199954986572266
56 0.7750367164611817 0.2546749830245972 0.02688884735107422 0.05711507797241211
14 0.37127847671508785 0.24109823703765867 0.027567911148071278 0.060178804397583
56 0.8022022247314453 0.25467486381530763 0.026621246337890536 0.056273460388183594
23 0.627620267868042 0.36836042404174807 0.027192783355712957 0.04850511550903319
56 0.7188148021697998 0.254436731338501 0.02674922943115232 0.05725402832031248
56 0.7468730926513671 0.25482678413391113 0.02690877914428713 0.05768570899963377
54 0.3495093107223511 0.42548837661743166 0.0240756034851074 0.07666635513305664
54 0.37455689907073975 0.4259790420532227 0.02377085685729985 0.07686204910278321
15 0.342542839050293 0.23993005752563476 0.02896571159362793 0.06027002334594728
14 0.4310791492462158 0.2432652473449707 0.028163146972656206 0.06199035644531253
16 0.25757195949554446 0.34354875087738035 0.0288352012634277 0.06453413963317872
15 0.3124391555786133 0.23916378021240237 0.029499530792236328 0.06141624450683594
42 0.6088569641113282 0.7846993923187255 0.0360532760620117 0.025657272338867165
59 0.47515220642089845 0.5269243717193604 0.021339797973632835 0.06907444000244145
56 0.6329045295715332 0.25246548652648926 0.026954460144043013 0.05841712951660158
54 0.32375359535217285 0.4253297328948975 0.02484674453735347 0.07683248519897462
56 0.6610899925231933 0.25297749042510986 0.027050018310546875 0.0574702739715576
59 0.45226078033447265 0.5251237869262695 0.02297344207763674 0.07290630340576171
41 0.4136238098144531 0.7557769775390625 0.03821096420288084 0.04567070007324214
26 0.3030679702758789 0.534396743774414 0.02410402297973635 0.05589179992675786
18 0.571690559387207 0.3679791450500488 0.026808643341064364 0.048402976989746105
19 0.42873392105102537 0.3468156576156616 0.02638282775878903 0.06313471794128417
26 0.27810072898864746 0.5338608741760253 0.02437038421630855 0.055604743957519465
16 0.31597437858581545 0.3457068920135498 0.02836403846740726 0.06477212905883789
26 0.32819356918334963 0.5352195739746094 0.024709510803222645 0.05612831115722661
17 0.28273348808288573 0.2386941909790039 0.029165029525756836 0.06107130050659182
14 0.40134215354919434 0.24245634078979494 0.0290402412414551 0.0614581108093262
59 0.47453756332397456 0.4283810138702393 0.023272323608398426 0.07600383758544921
17 0.25325746536254884 0.23742208480834961 0.029800510406494146 0.06117401123046878
26 0.25154385566711424 0.5340866088867187 0.026972866058349643 0.05773773193359377
59 0.40427217483520506 0.5245683670043946 0.022928428649902355 0.07360248565673821
19 0.4006485462188721 0.34686994552612305 0.027454948425292947 0.06340990066528318
25 0.6448602199554443 0.4721311092376709 0.026539707183837913 0.057386207580566395
16 0.2867424011230469 0.3448641777038574 0.028314590454101562 0.06446132659912107
23 0.5660665035247803 0.47197923660278324 0.024073886871337935 0.05763378143310549
26 0.3540070056915283 0.535053825378418 0.024873685836791948 0.056878852844238326
14 0.45937480926513674 0.24383897781372071 0.027940750122070312 0.06123461723327639
16 0.23000121116638184 0.3425557851791382 0.024712085723876953 0.06417765617370602
59 0.40026884078979497 0.42676267623901365 0.02474946975708009 0.07740583419799801
16 0.3445906639099121 0.34651010036468505 0.026664257049560547 0.06342949867248537
25 0.655368423461914 0.36864643096923827 0.02592391967773433 0.04815044403076174
17 0.22279963493347166 0.23742437362670898 0.031041002273559576 0.06124591827392578
59 0.42823810577392574 0.5251341819763183 0.022784996032714833 0.07287883758544922
16 0.3720747470855713 0.34695873260498045 0.02713937759399415 0.063979434967041
42 0.6068865776062011 0.808022403717041 0.03687696456909173 0.017523002624511674
19 0.4560049533843994 0.3468409538269043 0.025990962982177734 0.0618896484375
59 0.42564945220947265 0.42714681625366213 0.023465061187744163 0.07737960815429684
41 0.366946816444397 0.7545236587524414 0.0348483085632324 0.03925399780273442
59 0.4502000331878662 0.42792463302612305 0.022800540924072243 0.07667331695556645
25 0.698405647277832 0.47220983505249026 0.02627916336059566 0.05804424285888676
25 0.7741871356964112 0.47124357223510743 0.02268781661987307 0.057960128784179665
25 0.7255731582641601 0.4724698066711426 0.026358604431152344 0.05877399444580078
25 0.7092320442199707 0.3684171199798584 0.02669944763183596 0.04900851249694821
25 0.6716434478759765 0.4719703674316406 0.02554264068603518 0.05779724121093743
28 0.6110905647277832 0.5587576866149901 0.029130935668945312 0.09511508941650393
25 0.7367307186126709 0.36823692321777346 0.026470184326171875 0.04997925758361815
25 0.6821870803833008 0.3686544179916382 0.02562789916992192 0.04848113059997561
42 0.6064493179321289 0.8195510864257812 0.036867809295654363 0.019791603088378906
61 0.5638245582580567 0.7900418281555176 0.036995887756347656 0.0339715957641602
59 0.3797411441802978 0.5233267784118651 0.023751306533813465 0.07224903106689451
34 0.26894187927246094 0.43242826461791994 0.02961530685424807 0.06727952957153321
25 0.7510894775390624 0.471934175491333 0.023156738281249978 0.05796957015991211
28 0.6712319374084472 0.5586311340332031 0.030521392822265625 0.09511203765869147
61 0.5655253887176513 0.7522742271423339 0.036155414581298784 0.03927764892578123
42 0.6496135711669921 0.7824777603149414 0.03504791259765627 0.021977615356445268
44 0.7263916969299317 0.8088132858276367 0.04046344757080078 0.03089962005615232
19 0.47870416641235347 0.3464596509933472 0.01911754608154298 0.06197309494018555
28 0.6411229610443115 0.5591308116912841 0.028147888183593706 0.09486284255981448
28 0.5807492733001709 0.5590485572814942 0.0301416397094727 0.09561901092529301
44 0.7302451133728027 0.7800172805786133 0.03862819671630868 0.023558616638183594
28 0.7018667221069336 0.5586351394653319 0.02925033569335933 0.09413013458251951
32 0.5521395683288575 0.5603292465209961 0.025534439086913996 0.09426450729370117
23 0.5995338439941407 0.3682138442993164 0.02721405029296875 0.048678016662597634
42 0.4603917121887207 0.8208820343017578 0.03467559814453125 0.02477684020996096
33 0.23899586200714112 0.43391819000244136 0.02802219390869143 0.06443567276000978
42 0.6093203544616699 0.7569980621337891 0.036468887329101585 0.028545379638671875
44 0.6852861881256103 0.8061613082885741 0.03404083251953127 0.01979770660400393
41 0.3204357624053955 0.7541346549987793 0.037575149536132835 0.040557861328125
44 0.6872578620910645 0.7868026256561279 0.033409500122070335 0.020223617553710938
42 0.4612263679504395 0.7918534278869629 0.035433673858642545 0.03297824859619136
41 0.32384681701660156 0.7937247276306152 0.036738109588623 0.03359489440917962
42 0.4612881183624268 0.7529350757598877 0.03595504760742191 0.0408880233764648
44 0.7246130943298339 0.8151276588439942 0.04168281555175779 0.02511882781982422
42 0.6451605319976808 0.821115779876709 0.0350827217102051 0.01866989135742181
41 0.27364981174468994 0.7580904960632324 0.04053120613098149 0.035953521728515625
42 0.41473822593688964 0.7944310188293457 0.037206172943115234 0.0323944091796875
42 0.369661283493042 0.7930860042572021 0.03615903854370117 0.03462514877319334
42 0.6464753150939941 0.8043558359146119 0.03396587371826176 0.019309186935424827
42 0.3712054014205933 0.8224699020385742 0.03635272979736326 0.024076843261718772
44 0.6841541290283203 0.8197776794433593 0.03575534820556636 0.019773864746093772
42 0.2738287925720215 0.7580697536468506 0.0401948928833008 0.036058807373046786
42 0.41525821685791015 0.822571086883545 0.03741645812988281 0.023369216918945335
50 0.7865192221223021 0.3569019784172661 0.01896919964028776 0.0646357913669065
50 0.7647397706834533 0.35760454136690645 0.01896919964028776 0.0646357913669065
36 0.2680277652877698 0.5831272482014388 0.045666591726618716 0.02248201438848918
36 0.315099482913669 0.5817221223021583 0.04566659172661869 0.02248201438848918
36 0.2659200764388489 0.61052720323741 0.045666591726618716 0.02248201438848918
36 0.31509948291366907 0.6112297661870504 0.045666591726618744 0.02248201438848918
44 0.7337579281210042 0.7512121996433615 0.03862819671630868 0.023558616638183594
44 0.6927243366515894 0.7610550532238088 0.03371755819526523 0.022123256861734664
42 0.6510186970662728 0.7585906200271717 0.03504791259765627 0.021977615356445268
36 0.2652175134892086 0.6646245503597122 0.045666591726618716 0.02248201438848918
58 0.31509948291366896 0.6646245503597122 0.045666591726618744 0.02248201438848918
36 0.26592007643884885 0.6892142535971224 0.045666591726618716 0.02248201438848918
58 0.3122892311151078 0.6899168165467627 0.04566659172661869 0.02248201438848918
28 0.7348871807400271 0.5579325765156917 0.02925033569335933 0.09413013458251951
