13 0.6490826606750488 0.8765083312988282 0.060205841064453036 0.09083499908447268
59 0.5346577167510986 0.5062260627746582 0.03126049041748047 0.10220489501953128
18 0.7342762470245361 0.1304341435432434 0.04477291107177728 0.10636591911315917
47 0.6734575271606446 0.5169710636138916 0.03401660919189453 0.08626050949096686
6 0.46570348739624023 0.8464540481567382 0.04328804016113286 0.13851299285888674
55 0.5018447875976563 0.5068210124969482 0.029765510559081998 0.10126161575317383
26 0.7218414783477783 0.2519970893859863 0.04119253158569336 0.0930371284484863
16 0.5174690246582031 0.13107714354991912 0.041537475585937456 0.1069064199924469
28 0.4399584770202637 0.6865161895751953 0.04019670486450194 0.12459163665771489
17 0.29810290336608886 0.1255295157432556 0.04697427749633787 0.10361630916595459
14 0.4291669845581055 0.12912387847900392 0.043564796447753906 0.10543160438537598
54 0.4698206901550293 0.5065032005310058 0.0317202568054199 0.09963998794555667
25 0.48535966873168945 0.3459429025650025 0.03647689819335942 0.08639855384826661
34 0.6774292945861816 0.34578671455383303 0.03560924530029297 0.08849992752075192
2 0.5092706680297852 0.848238754272461 0.04154739379882816 0.138894271850586
25 0.40959606170654295 0.3439511775970459 0.036212921142578125 0.08540487289428711
26 0.7169631004333497 0.34693522453308107 0.040551948547363215 0.08908486366271973
59 0.5669844150543213 0.5060483455657959 0.031262969970703214 0.10197782516479492
25 0.5616951942443849 0.34700138568878175 0.03689708709716799 0.08704962730407717
28 0.47924079895019533 0.6857060432434082 0.037038040161132824 0.12547607421874996
25 0.5215823650360107 0.2520102262496948 0.03593921661376953 0.09330706596374513
52 0.4365896224975586 0.5057779312133789 0.03184661865234378 0.10295867919921875
28 0.5178367614746093 0.6858837922414144 0.03854522705078123 0.1282780011494955
29 0.37532649040222166 0.8368305444717408 0.0484730243682861 0.16085429191589362
25 0.446939754486084 0.2517634391784668 0.036407852172851585 0.09308509826660155
16 0.4736310958862304 0.13023582696914673 0.041051673889160145 0.1051257371902466
25 0.4845135688781739 0.2515192985534668 0.03632402420043951 0.0932175636291504
28 0.3997506141662598 0.6856586456298828 0.03979740142822269 0.12134857177734382
25 0.3703089952468872 0.25054852962493895 0.03742022514343257 0.09240093231201171
17 0.34325447082519533 0.1276293784379959 0.04414801597595214 0.10281562209129334
25 0.4088922619819641 0.25065553188323975 0.03732907772064209 0.09261527061462405
25 0.5597249031066895 0.2522088050842285 0.0375241279602051 0.09254760742187501
19 0.5597495079040528 0.12848020792007447 0.04022579193115239 0.10298392772674561
56 0.6387162208557129 0.5177152633666993 0.033485794067382724 0.08361816406250006
25 0.44708051681518557 0.34485950469970705 0.03634109497070309 0.08521423339843753
25 0.33421931266784666 0.34290242195129395 0.03773655891418454 0.08397397994995115
19 0.600855255126953 0.1278214931488037 0.04017219543457029 0.10031299591064455
15 0.38603241443634034 0.12844572067260743 0.0398252010345459 0.10402560234069824
25 0.5229788780212402 0.34673151969909666 0.03608207702636723 0.08767890930175781
25 0.372269868850708 0.3428555011749268 0.03597369194030764 0.0851877212524414
25 0.5990746021270752 0.2535442352294922 0.03809232711791988 0.09229445457458499
25 0.6380821228027344 0.25359396934509276 0.036359977722167924 0.09057703018188476
25 0.6387847900390625 0.3467013359069824 0.036741447448730424 0.08818717002868653
25 0.33173747062683107 0.24992175102233888 0.03805732727050781 0.09152374267578126
25 0.599804162979126 0.34757366180419924 0.03753032684326163 0.08872346878051757
8 0.4212964057922364 0.8464226722717285 0.04168109893798827 0.1390459060668945
51 0.40237975120544434 0.5048984050750732 0.03313770294189455 0.10465774536132816
23 0.6438122749328614 0.12914274930953978 0.04226074218749998 0.10141065120697021
28 0.3598007678985595 0.6862462997436524 0.038248252868652355 0.12258100509643555
31 0.5549160957336425 0.6934342384338379 0.03386459350585935 0.11081619262695308
5 0.552182388305664 0.8473141670227051 0.0406517028808594 0.13915977478027342
23 0.6883369445800781 0.1290114164352417 0.04452629089355464 0.10298812389373779
33 0.6797146267361112 0.25224247685185186 0.03933376736111116 0.09494357638888887
11 0.5955332880434783 0.847458106884058 0.04198746980676327 0.14200256642512077
31 0.5904947916666667 0.6928498641304348 0.03645833333333337 0.10965806159420288
31 0.6251399973164434 0.6926166338621131 0.03089452227532563 0.10823744483616038
31 0.6607585812536415 0.692616633862113 0.03514044618836909 0.10635036754147431
