47 0.41604708433151244 0.5312430381774902 0.03411734104156494 0.07735385894775393
18 0.5629579544067382 0.19563133716583253 0.0410489082336426 0.09659714698791502
14 0.28821897506713867 0.28267593383789064 0.03796167373657222 0.08211917877197264
16 0.3274825096130371 0.2839354038238525 0.03839874267578125 0.08242292404174806
19 0.482421875 0.194944953918457 0.03645343780517574 0.0985651969909668
18 0.5219404220581054 0.29130239486694337 0.040067195892333984 0.08345136642456055
18 0.5607097625732422 0.2910753726959229 0.037362861633300715 0.08454627990722657
14 0.2897945404052734 0.19067410230636594 0.0412558555603027 0.09502241611480713
16 0.4057350277900696 0.2880659580230713 0.03899838924407961 0.08418664932250974
18 0.6010303497314453 0.19623103141784667 0.03429689407348624 0.09548616409301758
16 0.36607260704040523 0.2867710590362549 0.03804473876953124 0.08373956680297853
19 0.4455672264099121 0.19447462558746337 0.03564786911010742 0.09844121932983399
16 0.4072750091552734 0.1938835620880127 0.038637065887451194 0.09736900329589843
25 0.4778529167175293 0.43579195737838744 0.03340787887573243 0.07957613468170166
15 0.2484156608581543 0.18941780328750613 0.039937496185302734 0.09545609951019288
26 0.5487874984741211 0.43910608291625974 0.03413467407226567 0.07862615585327148
18 0.5216981410980224 0.19580488204956054 0.040601158142089866 0.09648833274841309
16 0.330397629737854 0.19153838157653807 0.03899259567260743 0.09343376159667968
56 0.345658826828003 0.5285804748535157 0.034122753143310536 0.07746696472167974
26 0.5828195571899415 0.43958678245544436 0.03256931304931643 0.0790301322937012
25 0.2643167495727539 0.4264680862426758 0.032597160339355474 0.07630777359008789
19 0.44511966705322265 0.29000701904296877 0.037423133850097656 0.08576712608337403
18 0.5980259769706315 0.29201541767325456 0.03758799901572596 0.08438785819597142
25 0.442976188659668 0.434308922290802 0.03344287872314455 0.07856309413909912
25 0.5127355575561523 0.437396252155304 0.034241485595703114 0.0800904989242554
25 0.40759668350219724 0.4323283195495605 0.0355987548828125 0.07719726562500001
25 0.3356775760650635 0.4282918453216553 0.03513655662536619 0.07474822998046876
28 0.30680163737499355 0.8959292570749918 0.03654361565907799 0.08908862778634741
56 0.38166759014129636 0.5296886444091797 0.03275361061096188 0.07733993530273431
19 0.48252840042114253 0.2910234689712524 0.03665256500244135 0.08467669486999513
16 0.368808650970459 0.19339230060577395 0.037298011779785145 0.09460129737854003
25 0.3715349674224854 0.43036078214645385 0.035077285766601574 0.0766193628311157
15 0.2509443283081055 0.28301570415496824 0.0344541072845459 0.0862435817718506
59 0.5160089492797851 0.5315082550048829 0.030819702148437544 0.0870536804199219
59 0.5479474067687988 0.5334708213806152 0.0305883407592773 0.08728046417236335
59 0.4839795112609864 0.5300190448760986 0.03168792724609376 0.08600149154663089
59 0.5787553787231445 0.5344662666320801 0.029088211059570268 0.08402948379516606
25 0.2991849422454834 0.42710808515548704 0.03531179428100589 0.07563841342926025
28 0.34372040719696967 0.8972609332113555 0.03521543560606055 0.08938455581665039
