18 0.34716362953186036 0.6216064453125001 0.027074337005615234 0.06189308166503904
18 0.375333023071289 0.6760490417480469 0.02577514648437501 0.0480374336242676
14 0.5255067348480225 0.4321475505828858 0.021046447753906294 0.04605836868286134
14 0.49393558502197266 0.37427549362182616 0.023932456970214844 0.059964561462402366
14 0.5024972915649415 0.4321843147277832 0.023280525207519553 0.047551345825195324
24 0.3203233242034912 0.552208662033081 0.025107383728027344 0.0743912696838378
14 0.47736587524414065 0.43227424621582033 0.024253368377685547 0.04898977279663086
16 0.5483872413635253 0.43113956451416013 0.02218132019042962 0.04473819732666012
18 0.3488595724105835 0.6788207054138183 0.0260012149810791 0.0487421035766602
19 0.589115571975708 0.3760444641113281 0.021956253051757746 0.05924339294433595
17 0.3721235513687134 0.43414783477783203 0.027309179306030273 0.050864791870117165
1 0.41105761440788824 0.24225134849548338 0.04130685329437256 0.14341096878051757
19 0.5663784980773925 0.37637665271759035 0.02213706970214846 0.059743356704711925
15 0.3911210298538208 0.3735685348510742 0.025866937637329057 0.06537332534790041
29 0.5704001903533935 0.7782487869262695 0.03646640777587884 0.14650268554687496
14 0.5184459686279297 0.37478039264678953 0.02685203552246085 0.05939345359802245
25 0.5621827125549317 0.6414422988891602 0.019013404846191406 0.04599895477294913
17 0.36251430511474614 0.372881555557251 0.02857656478881837 0.06685609817504884
15 0.39958014488220217 0.43357672691345217 0.025883197784423828 0.05098323822021483
19 0.5918030261993408 0.42988901138305663 0.01993427276611326 0.044623947143554665
29 0.4636128425598145 0.8011147499084472 0.039960098266601574 0.15820331573486335
24 0.4499266624450684 0.6634483337402344 0.023219871520996083 0.04715461730957027
14 0.469921875 0.3751018762588501 0.02484188079833982 0.0631401538848877
19 0.6076519966125489 0.37591011524200435 0.01828556060791009 0.05823998451232909
18 0.3227410316467285 0.6254773139953613 0.0208185195922852 0.06531705856323233
24 0.4728267669677734 0.6598332405090332 0.02276897430419922 0.04731292724609382
15 0.4176962375640869 0.3738358497619629 0.025581169128418013 0.06479072570800781
17 0.3326414585113525 0.3724931001663208 0.0304276466369629 0.06764235496520998
17 0.34274635314941404 0.43494625091552735 0.02861194610595702 0.05382404327392576
19 0.5438202381134033 0.37601621150970455 0.02259349822998047 0.059567975997924794
24 0.4264019012451172 0.6687633037567138 0.02392711639404299 0.04860267639160154
13 0.4966781067776609 0.2726955890655518 0.047344875335693315 0.09306640625000001
2 0.36792273521423335 0.23936448097229004 0.04197101593017577 0.14649410247802735
28 0.40750646591186523 0.8304044723510742 0.025857162475585893 0.09807357788085935
24 0.5894297599792481 0.5193935394287109 0.021127033233642623 0.04723548889160156
24 0.34625580310821535 0.5407811164855957 0.02672128677368163 0.055022239685058594
17 0.3161960124969483 0.438628625869751 0.02506847381591798 0.06255350112915037
3 0.3226991176605225 0.23573973178863525 0.04492015838623048 0.14833559989929196
25 0.5420169353485107 0.6458173751831056 0.021174812316894553 0.0459779739379883
18 0.32465176582336425 0.6893073081970215 0.021821022033691406 0.06396789550781246
24 0.40117005109786985 0.672327423095703 0.025063920021057118 0.04900207519531252
29 0.5366897106170654 0.7879575729370116 0.03212451934814453 0.15330162048339846
29 0.5022470474243164 0.7968165397644043 0.03627939224243171 0.1577703475952149
18 0.37430486679077146 0.6183562755584717 0.026531696319580078 0.061411380767822266
28 0.3798511028289795 0.8402744054794311 0.028336429595947288 0.10006833076477051
25 0.4985482692718506 0.5990797042846681 0.02054595947265625 0.055992507934570335
15 0.42597041130065916 0.43344688415527344 0.025599193572998058 0.05071611404418941
24 0.6088155269622803 0.5178028106689453 0.01811075210571289 0.046401023864746094
25 0.5561347007751465 0.5895742416381835 0.021074771881103516 0.05276050567626955
25 0.5828739643096923 0.6385393142700195 0.02232494354248049 0.04450092315673837
24 0.3733653545379639 0.5383493900299072 0.026838684082031272 0.053191757202148526
25 0.49677095413208006 0.6525810718536377 0.023893547058105424 0.04838199615478511
25 0.5197899341583252 0.6492369651794434 0.02144908905029297 0.04642562866210931
25 0.5346389293670655 0.5924302101135254 0.021109676361083962 0.053356933593750044
24 0.5232657432556153 0.5243901252746581 0.022481155395507768 0.04873046874999998
15 0.45178298950195317 0.43293190002441406 0.024687957763671886 0.0497621536254883
28 0.35000247955322267 0.848047423362732 0.02989029884338379 0.1042255878448487
25 0.5776216506958007 0.5862567901611329 0.02040519714355471 0.0529512405395508
24 0.5003270149230957 0.5261670112609863 0.02241230010986328 0.05010414123535156
19 0.6127095222473145 0.4311216831207275 0.018469810485839844 0.049794960021972645
25 0.599277925491333 0.583615493774414 0.02248802185058596 0.05420970916748047
24 0.5672993659973145 0.5210371017456055 0.022101211547851607 0.047646903991699185
24 0.4009431838989258 0.6149917125701905 0.025570487976074252 0.06018419265747077
24 0.4272163391113281 0.5327055931091309 0.024565124511718772 0.05114135742187498
15 0.443843936920166 0.3743344783782959 0.025157928466796875 0.06411800384521488
24 0.4775409698486328 0.5285111904144286 0.02277231216430664 0.0508903503417969
19 0.5710577011108399 0.4301018238067627 0.02192211151123047 0.04402313232421873
24 0.4003978252410889 0.5358656883239746 0.02774353027343751 0.05251712799072261
25 0.5162026405334472 0.5954108238220215 0.014671993255615301 0.0533294677734375
24 0.42619757652282714 0.6105263710021973 0.024008750915527344 0.05911273956298835
28 0.431379185527204 0.8256257286990982 0.022524949728724486 0.10293717211987607
24 0.4751805305480957 0.6041420936584473 0.023818016052246094 0.05887870788574223
24 0.45067129135131834 0.607053804397583 0.023395538330078125 0.05967521667480469
24 0.5454305648803711 0.5225600242614746 0.02162246704101567 0.048155975341796886
24 0.4529988288879394 0.5304225921630858 0.02433948516845702 0.05058135986328127
5 0.450878612987988 0.24515531156156156 0.038417323573573525 0.14311186186186187
0 0.5417898367117118 0.2747747747747748 0.04193646771771764 0.09032469969969972
52 0.5881252346096097 0.28782493430930933 0.02082160285285284 0.06715700075075076
51 0.6063145915354331 0.29027743602362205 0.015122621391076119 0.06536048228346458
