14 0.5736424180327869 0.22704277663934422 0.07364241803278682 0.13447745901639335
14 0.6520876024590164 0.22704277663934425 0.07364241803278682 0.1344774590163934
14 0.7241290983606556 0.2225212533229951 0.06723872950819676 0.12807377049180324
25 0.8009733606557377 0.2198386270491803 0.07364241803278682 0.12967469262295078
25 0.8045994492827868 0.07589971823770489 0.07599577356557374 0.15179943647540978
14 0.5656378073770492 0.0770443775614754 0.0768442622950819 0.15591380635245902
19 0.43035988729508196 0.2310450819672131 0.07524334016393441 0.13928022540983603
19 0.5024013831967213 0.23024462090163933 0.06563780737704927 0.1376793032786885
18 0.6472848360655737 0.08055840163934426 0.07684426229508201 0.1520876024590164
18 0.7241290983606556 0.07815701844262295 0.0800461065573771 0.15689036885245902
25 0.2198386270491804 0.4351626536885246 0.0768442622950819 0.1440829918032786
25 0.2950819672131148 0.430359887295082 0.06723872950819654 0.1376793032786885
25 0.36152023565573776 0.430359887295082 0.06243596311475397 0.13127561475409827
25 0.42395619877049184 0.42795850409836067 0.0560322745901638 0.12647284836065564
25 0.48158939549180335 0.42315573770491804 0.0560322745901638 0.12647284836065564
25 0.5552318135245903 0.4183529713114754 0.0560322745901638 0.12647284836065564
25 0.2366483094262296 0.5776447233606556 0.06883965163934413 0.10886270491803274
25 0.30708888319672134 0.569640112704918 0.06883965163934413 0.10886270491803274
25 0.3727266905737705 0.5656378073770492 0.06243596311475397 0.10726178278688514
25 0.4359631147540984 0.5624359631147541 0.0576331967213114 0.10726178278688514
25 0.49839907786885246 0.5608350409836066 0.0576331967213114 0.10726178278688514
13 0.708855435866194 0.8911279924263402 0.09432460124058473 0.16068715039322112
26 0.5736424180327868 0.5456262807377049 0.0576331967213114 0.11206454918032782
28 0.5960553278688525 0.8642097848360655 0.06403688524590156 0.1728995901639344
28 0.2774718237704918 0.9274462090163935 0.0768442622950819 0.1392802254098361
29 0.36552254098360654 0.8506019467213115 0.08965163934426224 0.29296875
29 0.45837602459016397 0.8539959016393442 0.08965163934426224 0.2929687499999998
28 0.5312179815573771 0.8770171618852459 0.059234118852458995 0.18250512295081966
26 0.6344774590163933 0.5472272028688525 0.0576331967213114 0.11206454918032782
26 0.7001152663934425 0.5392225922131147 0.0576331967213114 0.11206454918032782
26 0.7577484631147541 0.5496285860655737 0.05122950819672134 0.12647284836065564
26 0.6328765368852458 0.41995389344262296 0.0608350409836067 0.12647284836065564
26 0.6969134221311474 0.42315573770491804 0.0608350409836067 0.12647284836065564
26 0.757748463114754 0.4175525102459017 0.060835040983606925 0.13127561475409827
16 0.1878201844262295 0.2550589139344262 0.08965163934426235 0.1969134221311475
17 0.1694095799180328 0.07735655737704918 0.08805071721311475 0.14568391393442623
16 0.2750704405737705 0.2310450819672131 0.0784451844262295 0.14248206967213112
17 0.35191470286885246 0.23024462090163933 0.07844518442622939 0.1408811475409836
17 0.255859375 0.07895747950819672 0.08164702868852447 0.14568391393442623
17 0.34055680937084626 0.07999050696444394 0.08134415152857766 0.1445481245846256
19 0.4199538934426229 0.0756481138541205 0.06425322607443507 0.1532329108052725
19 0.48646009290540543 0.07877164273648649 0.06667018581081086 0.15754328547297297
