23 0.4596110343933105 0.23778860569000243 0.0357666015625 0.09064226150512697
18 0.6083299160003661 0.24207172989845277 0.03572788238525393 0.09095066785812378
23 0.49632821083068845 0.23924829959869387 0.035834980010986284 0.09028182029724122
18 0.6449593544006347 0.24247376918792726 0.03501262664794924 0.0917059898376465
18 0.5713384628295899 0.24199553132057192 0.03501205444335931 0.09009875059127809
52 0.5717439651489258 0.4651233673095703 0.030895996093750044 0.09884090423583991
15 0.45863094329833987 0.11692863702774048 0.03756122589111327 0.09691534042358398
47 0.6736422538757325 0.35582680702209474 0.03086509704589846 0.08805313110351565
23 0.5339735984802246 0.24064967632293702 0.03761940002441411 0.09043297767639163
18 0.6818346023559569 0.24313073754310607 0.03601131439208982 0.09140404462814328
19 0.5764493942260742 0.12262744605541229 0.03761110305786142 0.0979295790195465
34 0.30847465991973877 0.4740414619445801 0.03200955390930171 0.0793752670288086
59 0.6323658943176269 0.5926524162292481 0.030767536163330056 0.09693279266357424
47 0.6275073051452636 0.3551959991455078 0.032532691955566406 0.08874530792236324
16 0.38399844169616704 0.23387159705162047 0.0376140594482422 0.09171277284622192
59 0.5081100463867188 0.5929111480712891 0.029697227478027388 0.09721641540527348
16 0.3067422151565552 0.2284773886203766 0.036194801330566406 0.09453219175338745
19 0.6500131607055664 0.12471110820770265 0.03456459045410154 0.09623837471008302
19 0.6139184951782226 0.12344906330108643 0.03584623336791992 0.09755091667175293
24 0.38276987075805663 0.3567871809005737 0.037507057189941406 0.08551278114318844
24 0.4202317237854004 0.35844116210937504 0.03679676055908204 0.08661670684814454
59 0.6012505531311034 0.592985486984253 0.029838180541992165 0.10009183883666994
55 0.6706470012664796 0.46653823852539067 0.03214635848999026 0.10239334106445314
26 0.40921244621276853 0.6074686527252198 0.03342132568359374 0.07055425643920898
16 0.34507083892822266 0.2316983163356781 0.03663578033447268 0.09212924242019652
14 0.536968183517456 0.12105418443679809 0.03845148086547845 0.09782888889312744
25 0.30873899459838866 0.3511794567108154 0.036223411560058594 0.08518104553222655
59 0.6631762504577636 0.5934639930725099 0.028903198242187567 0.09695968627929685
26 0.47629017829895015 0.608296537399292 0.0328968048095703 0.07099418640136723
25 0.27208614349365234 0.3508111000061035 0.036341714859008833 0.08584699630737308
26 0.34045832157135014 0.6071033477783203 0.03313283920288085 0.07582321166992179
59 0.5701462268829346 0.5923188209533692 0.030277252197265625 0.09874963760375977
15 0.4199220657348633 0.11330537796020507 0.03642845153808594 0.09663481712341308
26 0.4427469253540039 0.6079957962036133 0.03273448944091795 0.07008018493652346
26 0.2694298267364502 0.6082312583923339 0.03449869155883789 0.07462654113769529
28 0.4462743759155273 0.7139481544494629 0.0379039764404297 0.11153507232666016
23 0.4224098205566406 0.23595576286315917 0.03697671890258791 0.08992900848388671
26 0.37467184066772463 0.606898307800293 0.03357257843017575 0.07183055877685551
29 0.3428516149520874 0.8756385803222657 0.05164308547973634 0.1833833694458008
29 0.2886627674102783 0.8806370735168457 0.05439081192016598 0.1908523559570312
51 0.5076428413391113 0.4647868156433106 0.030791282653808594 0.09932727813720704
16 0.2674704551696777 0.22665915489196775 0.0397683143615723 0.09605407714843747
25 0.34528660774230957 0.3542888641357422 0.03602619171142574 0.0853433609008789
19 0.6858698368072509 0.12590579688549042 0.035062217712402366 0.095671945810318
28 0.3667027235031128 0.7132116317749023 0.03990902900695803 0.1145412445068359
17 0.30313911437988283 0.10557289123535156 0.04001579284667972 0.09814510345458985
17 0.3428810596466064 0.10836797952651978 0.04051513671875001 0.09755375385284425
59 0.5386445999145508 0.5937202453613282 0.030090713500976585 0.09839448928833006
15 0.3814775466918945 0.11126971542835236 0.035826873779296886 0.09532307982444763
14 0.4976966857910156 0.11946378946304322 0.037565994262695246 0.09712665081024172
26 0.3052988052368164 0.6082200527191162 0.03508806228637695 0.07542934417724612
17 0.26370217800140383 0.10420083701610565 0.03931179046630856 0.09547167420387268
51 0.539741849899292 0.4643263816833496 0.030681133270263672 0.09730949401855465
54 0.6042706489562988 0.4666133880615234 0.03143787384033203 0.10407238006591796
34 0.342240047454834 0.4752637863159179 0.03327455520629885 0.07768535614013666
33 0.27314159870147703 0.473010778427124 0.0350940704345703 0.0827631950378418
28 0.5004571914672852 0.9021244049072266 0.036839294433593794 0.12539100646972656
31 0.5727811813354493 0.9143896102905273 0.03329381942749021 0.10941734313964835
28 0.4069098949432373 0.7139911651611328 0.038411617279052734 0.11355934143066415
34 0.3762017250061035 0.4768880367279053 0.03283839225769042 0.0787538528442383
34 0.40967140197753904 0.47894639968872066 0.032379817962646495 0.08021907806396483
28 0.537539291381836 0.901985263824463 0.03588409423828132 0.1267732620239258
56 0.529080335220488 0.3533631531318816 0.03442905728179635 0.0861264165085141
32 0.38773355484008787 0.9003638267517089 0.037319564819335904 0.1292682647705078
32 0.4249212265014648 0.896783447265625 0.0363323211669922 0.1268661499023438
28 0.46231904029846194 0.8972894668579101 0.037127399444580045 0.12490043640136717
31 0.6054473876953126 0.9084327697753907 0.029375648498535134 0.10850601196289056
47 0.5961573199470445 0.3563058258283256 0.02624100128022744 0.08991000675919031
28 0.5163738250732421 0.7170734405517578 0.03353538513183596 0.10689859390258794
28 0.4825625419616699 0.7165963172912597 0.03314857482910161 0.10700702667236328
28 0.5497554302215577 0.7148277282714843 0.03199157714843748 0.10833978652954102
31 0.6372904777526855 0.9104526519775391 0.030664539337158292 0.10905113220214846
32 0.3221781716417911 0.7178463152985075 0.039354011194029814 0.10931669776119401
32 0.27845149253731344 0.7200326492537312 0.03643889925373134 0.11660447761194026
47 0.5642498323232821 0.35920650652139496 0.02624100128022744 0.08991000675919031
55 0.6353822443220352 0.46789457533094625 0.03214635848999026 0.10239334106445325
