59 0.2840784788131714 0.08806191086769104 0.037194919586181596 0.12116290330886839
59 0.24307003021240237 0.07716546058654786 0.04002285003662112 0.12349610328674317
14 0.27122817039489744 0.45060329437255864 0.04147443771362308 0.07205505371093751
26 0.4899346351623535 0.30766267776489253 0.028100872039794944 0.057131338119506825
26 0.3712038993835449 0.295385193824768 0.029577970504760742 0.06432147026062013
26 0.3028428554534912 0.28726296424865727 0.038221454620361306 0.06938667297363282
26 0.4324774742126465 0.3022210359573364 0.028310012817382768 0.06062436103820801
14 0.23848767280578612 0.4520073890686035 0.02378230094909667 0.07445831298828126
26 0.46149482727050783 0.30530433654785155 0.028113365173339844 0.05874643325805662
54 0.3849525213241577 0.11470944583415985 0.029225206375122104 0.10629420876502992
54 0.3534499406814575 0.10693205595016479 0.031151437759399436 0.10749962329864501
26 0.33926863670349117 0.2901291131973267 0.033341217041015614 0.06716651916503907
19 0.31189513206481934 0.4488222599029541 0.036012887954711914 0.06806707382202148
26 0.40206375122070315 0.2976994514465332 0.031006622314453114 0.0634635925292969
16 0.5007302284240722 0.4444599151611328 0.02544612884521491 0.06036186218261719
25 0.4469882965087891 0.5938610076904296 0.02880859375 0.060287094116210915
59 0.3201409339904785 0.09844653606414794 0.03049640655517577 0.11334342956542968
25 0.419097900390625 0.599891757965088 0.025623512268066362 0.06361331939697268
17 0.381210470199585 0.44654407501220705 0.03345298767089844 0.06340446472167965
29 0.3554731845855713 0.8392746925354004 0.05278625488281247 0.22525844573974607
26 0.26177999973297117 0.28269727230072017 0.04031314849853515 0.07229261398315429
29 0.29737367630004885 0.857468056678772 0.06072063446044923 0.247359037399292
28 0.40184446553052483 0.8633241039211467 0.03782656152369612 0.15105564957958162
28 0.4414773064144587 0.8564028602535441 0.0373011435492564 0.13721316224437652
16 0.4437195777893066 0.44371762275695803 0.0297077178955078 0.05739011764526364
16 0.47365398406982423 0.44303483963012696 0.028338050842285134 0.05696640014648435
25 0.2842679500579834 0.628067922592163 0.037930965423583984 0.07260265350341799
25 0.3759055852890014 0.6067361831665039 0.030561017990112294 0.06827402114868164
17 0.41324610710144044 0.4450612545013428 0.029381179809570335 0.06090660095214845
25 0.47505950927734375 0.5887656211853027 0.02621469497680662 0.058879852294921875
17 0.3472842693328857 0.44803991317749026 0.03327150344848634 0.06486148834228517
25 0.32138690948486326 0.6202800750732422 0.0330674171447754 0.06777381896972656
25 0.34952709674835203 0.6112937927246094 0.022450065612793002 0.07064876556396493
28 0.4788275241851807 0.8433173179626465 0.03438453674316405 0.14619178771972663
25 0.2501342296600342 0.6332328796386719 0.029302120208740234 0.07079954147338874
25 0.4999259948730469 0.5855449676513671 0.022823047637939464 0.05646190643310545
52 0.41382813453674316 0.12551921606063843 0.02588033676147461 0.09946718215942384
52 0.44128169879377127 0.1290489600365421 0.02588033676147461 0.09946718215942388
55 0.46882059487951805 0.13624027359437754 0.02784575803212852 0.10628451305220883
55 0.49607806224899587 0.14212318022088355 0.02745356425702794 0.1078532881526104
