59 0.5258145332336426 0.17285953760147094 0.051502990722656294 0.18949477672576906
52 0.4732350826263428 0.17495489120483398 0.05308103561401367 0.18711977005004884
19 0.5207372665405273 0.33924283981323244 0.05230960845947269 0.11701974868774417
54 0.6865756202290076 0.16884840171755727 0.05516459923664119 0.19009422709923665
26 0.6754547595977783 0.34124830187732025 0.054552555084228516 0.11467752456665042
16 0.35889859199523927 0.3362224578857422 0.05654373168945315 0.1175837516784668
16 0.365598201751709 0.45063605308532717 0.051561927795410134 0.1003073692321777
16 0.3118199825286865 0.4511392593383789 0.05098743438720704 0.09943161010742185
14 0.4658697128295899 0.4507297992706299 0.04607696533203126 0.10306587219238283
14 0.4158218918619929 0.3377628197541108 0.05334986480506693 0.1172847490052919
25 0.5737893104553222 0.3390684127807617 0.05029163360595701 0.11419868469238281
19 0.4690879821777344 0.33731951713562014 0.048716926574707 0.11651115417480468
16 0.41704449653625486 0.45111713409423826 0.0477137565612793 0.10107040405273438
25 0.6128055095672608 0.45229539871215824 0.05047750473022461 0.10208930969238283
19 0.5138819694519043 0.4513941764831543 0.048165798187255915 0.10231571197509765
26 0.6656587600708008 0.44826674461364746 0.05202693939208991 0.10738801956176758
17 0.296890115737915 0.33922252655029295 0.05956268310546875 0.11650114059448241
51 0.5799867204717688 0.17439386747978827 0.049855528651057024 0.19074297144606306
24 0.6237878799438477 0.33948545455932616 0.04814338684082031 0.11379423141479494
47 0.418904447555542 0.18770769834518433 0.0567666053771973 0.15043585300445556
23 0.5610280906881085 0.449632159444212 0.04773378372192383 0.10374631881713853
56 0.35367982577433627 0.18753456858407078 0.05314919800884954 0.1607439159292035
56 0.29707376935840707 0.1892629977876107 0.05314919800884954 0.16074391592920367
55 0.7406813533177738 0.16787264512842998 0.04982765595987204 0.19353667539199507
