17 0.5258611679077149 0.07744554877281189 0.09758834838867192 0.15477799177169801
17 0.32685279846191406 0.07309558391571044 0.09626369476318364 0.14616246223449708
17 0.6244110107421875 0.07957541346549987 0.09637050628662114 0.15915082693099974
17 0.4259946346282959 0.07501057386398315 0.09587011337280271 0.14982125759124756
17 0.7230310440063477 0.08156251907348633 0.10121746063232417 0.16312503814697266
17 0.8213394165039063 0.08328115940093994 0.09926280975341795 0.16656231880187988
17 0.5005548477172852 0.35518274307250974 0.06948823928833009 0.1161214828491211
26 0.26700501441955565 0.6188494205474854 0.05496149063110353 0.06972818374633794
26 0.6573349952697753 0.6271771430969237 0.04936141967773444 0.06456146240234373
17 0.42911481857299805 0.3551285743713379 0.0708285331726074 0.11319961547851565
14 0.6573457717895508 0.35930335521698 0.06926832199096689 0.11044211387634273
17 0.22573814392089844 0.07191619873046876 0.10122666358947757 0.1438323974609375
26 0.21353409290313718 0.621208381652832 0.054768180847167974 0.06836452484130862
17 0.356799578666687 0.35539324283599855 0.0725289344787598 0.10985264778137205
15 0.579130864374846 0.3643481254577636 0.07724475860595703 0.09970111846923829
52 0.5139363288879395 0.6130818367004394 0.046570205688476585 0.07961235046386717
16 0.7306144714355469 0.3600602149963379 0.06602001190185547 0.10682458877563472
25 0.31983702182769774 0.4995159149169922 0.06180286407470703 0.07953624725341801
17 0.27953052520751953 0.3554121971130371 0.07804174423217772 0.10864639282226562
29 0.305573844909668 0.8450155258178711 0.0628475189208984 0.12096862792968754
25 0.3826776266098022 0.5006866455078125 0.06106562614440919 0.08026638031005856
19 0.19020764920318012 0.4978784320423904 0.06676492691040037 0.08608875274658201
25 0.5704552173614501 0.5043615818023681 0.057336711883544944 0.08058233261108405
31 0.3643709307257463 0.8450638047114074 0.04381001101814297 0.0819181901723266
25 0.6277433395385743 0.5054881572723389 0.05380668640136721 0.07998504638671872
25 0.2574173450469971 0.4995278358459473 0.06257324218749999 0.07936286926269531
28 0.3216555118560791 0.7203026294708252 0.05472002029418943 0.0838017463684082
51 0.46603821528855194 0.6155735261978642 0.04530811309814453 0.0813949584960938
54 0.41679887771606444 0.6125232696533203 0.049050426483154275 0.08062133789062498
17 0.2015364706516266 0.3529994964599609 0.07939842939376832 0.108242130279541
59 0.6084634780883789 0.6164993286132813 0.04528264999389642 0.07773971557617188
25 0.44595861434936523 0.5015814781188965 0.05869560241699223 0.08024730682373049
28 0.3766036033630371 0.7191219329833984 0.05239324569702153 0.08308792114257812
28 0.26581897735595705 0.7201172828674316 0.05359554290771487 0.08566246032714842
25 0.5076480865478515 0.5026260852813721 0.06113548278808589 0.08093872070312497
28 0.42901748551262747 0.7213877042134603 0.05083742141723635 0.0802515029907227
28 0.48226175308227537 0.7189963340759278 0.05031318664550777 0.07756710052490234
59 0.5617208480834961 0.6154047012329102 0.04478569030761714 0.07566299438476565
34 0.689623786407767 0.5037924757281553 0.06921268203883502 0.09196753640776695
55 0.32122605846774194 0.6099945396505375 0.050403225806451624 0.08820564516129037
28 0.5310898780822754 0.7195213676780783 0.05031318664550777 0.07756710052490234
31 0.40805925309416735 0.8417415232793521 0.0378794695201673 0.07749240890688258
31 0.4475961964140054 0.8536026062753035 0.03946094725296079 0.07749240890688258
31 0.4891099868998353 0.8565678770242914 0.04341464158494451 0.07630630060728749
31 0.5322052551184587 0.8571609311740891 0.039460947252960565 0.07749240890688258
31 0.5745097844706853 0.8579516700404857 0.039460947252960565 0.07749240890688258
