41 0.7657841682434083 0.6512072262011077 0.03309822082519531 0.03699378967285161
41 0.801612663269043 0.6090354919433594 0.03333072662353509 0.040398597717285156
27 0.7679230137875206 0.7157359273810135 0.04647006988525393 0.046451568603515625
41 0.8388202667236329 0.6087805747985839 0.03534889221191406 0.038483619689941406
47 0.28654709601272743 0.37175263554216864 0.018825301204819234 0.058044678714859466
47 0.30743285642570284 0.3721448293172691 0.018825301204819234 0.058044678714859466
27 0.8186785647743626 0.7150934520520662 0.04647006988525393 0.046451568603515625
41 0.8043326879802505 0.6505647508721603 0.03309822082519531 0.03699378967285161
41 0.8390263557434084 0.6518497015300551 0.03309822082519531 0.03699378967285161
61 0.7285670230263157 0.6109940378289473 0.034693667763157854 0.04625822368421051
61 0.7279245476973684 0.6553248355263157 0.034693667763157965 0.039833470394736836
27 0.7145975614848892 0.7170208780389082 0.04647006988525393 0.046451568603515625
61 0.6988060831540992 0.6137757912660257 0.01711389539051955 0.043820112179487225
61 0.6982860076121795 0.6554048978365385 0.01815404647435903 0.039438100961538436
