47 0.5594899654388428 0.4306203842163086 0.023455238342285245 0.06639900207519533
26 0.4248387813568115 0.5361649513244628 0.02719402313232422 0.05814132690429685
15 0.45571951866149907 0.25077013969421386 0.02814369201660155 0.0639625549316406
16 0.45509791374206543 0.34081971645355225 0.027715778350830056 0.06302971839904781
15 0.5110879898071289 0.2560612678527832 0.02560119628906249 0.06294145584106448
14 0.5623961448669434 0.2601296424865722 0.023913002014160134 0.0593858242034912
14 0.5373074531555175 0.2591436386108399 0.024703598022460915 0.062203121185302745
15 0.48397254943847656 0.25329973697662356 0.026406288146972656 0.0636991024017334
24 0.4569422245025635 0.4302852630615235 0.027744007110595714 0.06466941833496093
16 0.532925796508789 0.3459735870361328 0.02420520782470703 0.061216163635253895
16 0.3719249248504639 0.337090277671814 0.02873711585998534 0.06659135818481449
16 0.42752952575683595 0.33867430686950684 0.02588596343994143 0.06223993301391606
16 0.4000741481781006 0.33726749420166013 0.026514530181884766 0.06319561004638669
16 0.48294639587402344 0.34270896911621096 0.025148391723632812 0.061983203887939486
16 0.5076755523681641 0.34505634307861327 0.02377071380615231 0.06310043334960935
25 0.4006314277648926 0.42890181541442873 0.026615047454834007 0.06447067260742184
17 0.3714789628982544 0.2428725242614746 0.03160247802734373 0.06792941093444824
25 0.42777423858642577 0.42932977676391604 0.02582263946533203 0.06325426101684567
17 0.40122532844543457 0.2445918083190918 0.026301574707031206 0.06602773666381839
25 0.372373104095459 0.4280877113342285 0.026772689819335893 0.06732597351074221
28 0.49718304836388805 0.6797822518782183 0.029640717939897254 0.1083807916352244
29 0.4760586738586426 0.8284140586853027 0.04508628845214846 0.1688573837280274
17 0.42793664932250974 0.24674172401428224 0.026009178161621127 0.06249866485595704
23 0.6098228127581817 0.347809287378021 0.02382772236393582 0.05348522823647672
19 0.6116371631622315 0.26241207122802734 0.02458810806274414 0.05372171401977541
47 0.5851004600524903 0.431834077835083 0.02460689544677741 0.06609506607055665
29 0.4304608821868896 0.8375065088272095 0.04422731399536134 0.18292422294616695
29 0.5598176956176757 0.8178647994995117 0.03613128662109377 0.1603412628173828
19 0.6358611287492695 0.2637218807682846 0.024089681740963154 0.052575177857370065
29 0.5201005374791522 0.8228020558412048 0.040992052436331694 0.1618128042111452
54 0.5444605189713794 0.5247482715403019 0.025387035349689557 0.07697746034652475
19 0.5870007038116455 0.2610864400863647 0.023383617401123047 0.05477395057678222
56 0.6098764023578672 0.43214009147035215 0.021772288800474993 0.06503714873011868
18 0.5845173835754394 0.3473176956176758 0.025271797180175803 0.05814580917358403
18 0.558818119363 0.3450589213882599 0.025502009403675974 0.05801183303395413
51 0.5679460152116402 0.523509837962963 0.020409639550264536 0.0762132109788361
52 0.5897601385882636 0.5239725190897067 0.022476438492063378 0.07543816137566162
55 0.6122530175264551 0.5229931382275133 0.021184689153439185 0.07362971230158738
31 0.46657986111111105 0.6888546927609427 0.026962331649831695 0.09009364478114479
31 0.43895991161616155 0.6881970749158248 0.026962331649831695 0.09009364478114479
32 0.40623809484935564 0.6807201867816092 0.03585083050330895 0.11411937260536398
32 0.3717184869528619 0.6822785143097643 0.030579229797979723 0.11442550505050497
29 0.38716500780265317 0.8370254435562735 0.04422731399536134 0.18292422294616695
29 0.5968432199909313 0.8153419705512555 0.036164289598720645 0.15961413746266395
28 0.5292712357874336 0.6796576903348508 0.034023816303920706 0.10753981248788358
34 0.39780146793948123 0.5362650846541785 0.024484420028818454 0.06275891570605185
33 0.3707841768731988 0.5379536653458212 0.027298721181556185 0.06669893731988463
