28 0.24640052356020942 0.639581969895288 0.200425392670157 0.08487401832460739
28 0.2752883671465969 0.566211960078534 0.20911731020942403 0.060843422774869094
28 0.2844915739528796 0.5112483638743456 0.1937786321989528 0.04499345549738232
28 0.28653673102094246 0.45858556937172773 0.18764316099476436 0.05828697643979053
25 0.6748972925646551 0.46737776131465525 0.05093278556034475 0.10228650323275851
25 0.7275138065732759 0.46737776131465525 0.05093278556034475 0.10228650323275851
25 0.7830768453663793 0.46948242187500006 0.056825835129310276 0.10228650323275856
16 0.6157563308189655 0.5776619746767242 0.054721174568965525 0.11659819504310343
16 0.6746868265086208 0.5795561691810345 0.06061422413793094 0.11786099137931039
28 0.2267573426666195 0.7464016981436608 0.19017197007216644 0.07182577804407819
