26 0.524351167678833 0.2901902437210083 0.03023185729980471 0.07531790733337401
34 0.588328742980957 0.2919200658798218 0.031339836120605424 0.0783390998840332
34 0.6183272361755371 0.2922876358032227 0.02729873657226567 0.07890863418579103
19 0.47887287139892576 0.15786523818969728 0.03231029510498046 0.0845402717590332
24 0.6152010917663575 0.16106138229370118 0.03174362182617185 0.09008674621582032
17 0.30000920295715333 0.1515699505805969 0.03286685943603518 0.08468310832977297
16 0.4029724597930908 0.1554274320602417 0.03460845947265623 0.0856724739074707
16 0.44139070510864253 0.1567290186882019 0.03642444610595702 0.08705122470855714
25 0.5823726654052734 0.15916154384613035 0.031900119781494096 0.08771767616271972
23 0.513132381439209 0.1573072552680969 0.032810688018798884 0.08734929561614989
28 0.5345857620239258 0.9049614906311035 0.0348237991333008 0.1271047592163086
14 0.36834948062896733 0.15368857383728027 0.03051562309265138 0.08352580070495606
29 0.37724903992244174 0.8792865071977888 0.05280521256583076 0.18571447644914896
28 0.498311710357666 0.9080177307128906 0.03616256713867194 0.12477893829345699
26 0.4923449993133545 0.29020891189575193 0.03229455947875981 0.07722492218017579
15 0.33432011604309086 0.15308928489685059 0.03495354652404786 0.08524255752563475
17 0.2651374101638794 0.14821724891662597 0.036429405212402316 0.08714895248413088
51 0.33473052978515627 0.2716062545776367 0.031647491455078114 0.10579252243041992
54 0.39943084716796873 0.27251744270324707 0.031758403778076205 0.1100898742675781
52 0.36728730201721194 0.27216224670410155 0.031433868408203114 0.10516214370727539
33 0.555874729156494 0.2918227672576904 0.030390834808349587 0.07794570922851562
59 0.46138162612915035 0.2750527381896972 0.028957080841064464 0.10540180206298827
18 0.5480178833007813 0.15392279624938965 0.03467674255371089 0.09212698936462403
32 0.42343940734863283 0.9089742660522462 0.03474321365356442 0.12635650634765627
55 0.4320693597560976 0.2753429878048781 0.028582317073170715 0.11147103658536586
28 0.46067832621132465 0.9099232185177687 0.03616256713867205 0.12477893829345699
