0 0.45770692825317383 0.9359539031982422 0.05247488021850588 0.12788085937499993
47 0.3341218948364258 0.18913211822509765 0.03727302551269529 0.08914608955383302
47 0.37263264656066897 0.1924668073654175 0.03155231475830078 0.08870978355407713
56 0.4427360534667969 0.19521859884262086 0.04019927978515625 0.09241020679473877
18 0.36300296783447267 0.4702017784118652 0.03378429412841799 0.06422863006591795
19 0.4217794418334961 0.6057776927947998 0.0327028274536133 0.06242761611938474
19 0.45467414855957033 0.6094678401947021 0.03201904296874997 0.06338357925415039
16 0.418977165222168 0.7643796443939209 0.03124065399169923 0.06361083984375004
14 0.5246914863586426 0.6189450263977051 0.03433914184570308 0.06408405303955078
52 0.4291343688964844 0.3347406625747681 0.03026781082153318 0.0964667797088623
47 0.4859117984771728 0.19609529972076417 0.03387908935546874 0.09247035980224608
18 0.39765310287475586 0.47516908645629885 0.03432397842407231 0.0635671615600586
18 0.3280634880065918 0.46773462295532225 0.03555808067321775 0.06249628067016599
18 0.4328513622283936 0.47817606925964357 0.03459911346435546 0.06421794891357424
14 0.5595290184020996 0.6209756851196289 0.03381481170654299 0.0643180847167969
24 0.5570035457611084 0.7847973823547363 0.03591613769531243 0.06208591461181634
19 0.3543459415435791 0.5987814903259278 0.033088588714599576 0.06111431121826172
19 0.38834090232849117 0.6025562763214112 0.03276853561401366 0.06205377578735349
16 0.3858765125274658 0.7600869178771973 0.03311452865600589 0.06130104064941411
24 0.5937586784362793 0.7849383354187012 0.03596897125244136 0.06391277313232413
14 0.5962317943572999 0.6241222858428955 0.03618297576904295 0.06586427688598628
54 0.5312825202941894 0.34345963001251223 0.03333168029785161 0.09634451866149901
19 0.32116031646728516 0.5992748737335205 0.031988668441772505 0.06779098510742188
25 0.4872404098510742 0.7765037536621093 0.0324080467224121 0.06171760559082029
25 0.4531867980957031 0.7720220565795899 0.03353824615478518 0.06023597717285156
52 0.396191143989563 0.33450956344604493 0.03193325996398927 0.09357681274414065
54 0.49705991744995115 0.3416039228439331 0.030704307556152333 0.09307942390441892
14 0.48901023864746096 0.6144920349121095 0.034550857543945324 0.06452312469482424
54 0.46370420455932615 0.3383753776550293 0.032283496856689464 0.09384727478027344
24 0.5213299751281738 0.7830857276916504 0.033703613281250044 0.05993156433105473
54 0.5668073654174804 0.3448634624481201 0.033402442932128906 0.0979119300842285
23 0.5406222343444824 0.48825173377990727 0.03517503738403316 0.06557292938232423
17 0.6181855201721191 0.49289989471435547 0.041063117980957076 0.06606826782226566
3 0.3532440662384033 0.9307279586791992 0.050448703765869185 0.13854408264160156
17 0.5786057472229004 0.4896808624267578 0.036060333251953125 0.06725292205810546
14 0.5043698310852052 0.48461551666259767 0.035504722595214866 0.06531105041503904
23 0.5045761108398437 0.48571748733520503 0.035407638549804665 0.06458473205566401
51 0.633718852124183 0.3522390727124183 0.029360702614379175 0.09574142156862747
51 0.6005284926470588 0.3503242442810457 0.029360702614379175 0.09574142156862747
55 0.3608558006535948 0.3298994076797386 0.03638174019607843 0.09701797385620914
55 0.32575061274509803 0.3267080269607843 0.03638174019607843 0.09701797385620914
23 0.3521044075144509 0.7596640173410405 0.03048229768786126 0.055319725433526035
23 0.3165417268786127 0.7540191473988439 0.03048229768786126 0.055319725433526035
11 0.30101833453757226 0.924776463150289 0.04911036849710981 0.14733110549132955
5 0.4093546415736333 0.9316084160362121 0.04789100280044578 0.13366719971948327
2 0.5692225235771091 0.9404096168513166 0.04474020611375573 0.11041992814707768
9 0.5148786596466621 0.9412563473426461 0.06023961698118557 0.11211338912973667
23 0.4677156635359222 0.48140912336461683 0.035407638549804665 0.06458473205566401
