54 0.7849106788635254 0.5243148803710938 0.029923534393310636 0.08720989227294917
18 0.25801687240600585 0.47974567413330077 0.02596426010131836 0.055228042602538996
23 0.3693208694458008 0.5480045795440673 0.025207567214965865 0.050665855407714844
18 0.2927364110946655 0.5391081809997558 0.024636840820312478 0.04831275939941404
0 0.3942185545867344 0.7329455735548487 0.03334944743030471 0.10029399439973652
18 0.26850190162658694 0.5350829124450684 0.023900985717773438 0.04691658020019529
52 0.724463939666748 0.5193358898162842 0.028140926361083896 0.08523836135864254
54 0.5753168106079101 0.5949760437011719 0.024797344207763694 0.07053451538085942
54 0.5497597694396973 0.5919717788696288 0.024714660644531206 0.06916370391845705
26 0.39638054370880127 0.6051172256469726 0.023876428604125977 0.044495010375976585
47 0.6755330562591553 0.4160516619682312 0.032505035400390625 0.06208765506744385
18 0.23359344494648468 0.4769835490446824 0.022575511687841165 0.055047324987558155
41 0.5823486804962158 0.7543494224548339 0.03706102371215825 0.03886871337890618
55 0.8022966146469116 0.4099947929382324 0.03174977302551274 0.08677978515625001
17 0.2715647220611572 0.3958136081695557 0.028115463256835893 0.04791231155395509
26 0.3965698480606079 0.6516303062438964 0.023331403732299805 0.04447994232177732
34 0.37247419357299805 0.650153636932373 0.021629619598388716 0.04143085479736319
54 0.7543203353881835 0.5211396217346191 0.02886199951171875 0.08765964508056645
33 0.25895669460296633 0.6366536140441894 0.02122392654418942 0.04413738250732424
56 0.5792857646942139 0.4105367541313171 0.028378295898437544 0.06285402774810789
18 0.20852010066692644 0.47643938920436757 0.027070375589223983 0.05663644595023909
52 0.6399747848510742 0.5128166675567627 0.025798988342285223 0.0845789909362793
54 0.6011236190795899 0.5979276180267334 0.025703048706054665 0.06947021484374993
19 0.41184662580490117 0.4064657688140869 0.02764170169830321 0.05172386169433596
17 0.24531426429748535 0.39331114292144775 0.025129127502441395 0.047589445114135764
17 0.22038650512695312 0.3909542083740234 0.025710201263427712 0.04861898422241212
54 0.5228136539459229 0.5898650169372559 0.026856517791748025 0.06821250915527344
25 0.3884743213653564 0.4921877861022949 0.02649517059326173 0.0565675735473633
29 0.27206020355224614 0.8254835128784179 0.03411321640014647 0.09665222167968757
18 0.21851000785827634 0.5312668323516845 0.02485117912292481 0.048674488067626975
23 0.34332678593122046 0.5458421560434195 0.024694437247056167 0.051044053297776504
15 0.3278215646743774 0.40082350969314573 0.02673368453979491 0.04797971248626709
14 0.3834578037261963 0.40427050590515134 0.02766170501708981 0.05170297622680664
52 0.6956290245056153 0.5165032386779785 0.02759628295898442 0.08386116027832036
41 0.5376886367797852 0.7848404884338378 0.03698663711547856 0.03699722290039065
29 0.3472088098526001 0.8353512763977051 0.03531394004821775 0.09833698272705071
59 0.7672730445861817 0.6153433322906494 0.0302304267883301 0.07877149581909171
56 0.6110620498657227 0.4130860328674316 0.031043529510498047 0.06221790313720704
56 0.6435007095336913 0.4140766620635986 0.029811286926269553 0.062022018432617176
52 0.6671772480010987 0.5144975662231446 0.025739955902099543 0.08439445495605474
26 0.4209853172302246 0.6060681819915772 0.02382373809814453 0.04366531372070315
59 0.6821497440338135 0.6061870574951171 0.02683544158935547 0.07372627258300779
41 0.5809084892272949 0.7924073696136474 0.03913955688476556 0.03585882186889644
14 0.3560144901275635 0.40279941558837895 0.027132272720336914 0.05042142868041993
15 0.2995142459869385 0.3988302707672119 0.027988910675048828 0.04786491394042969
18 0.2436373233795166 0.532296895980835 0.024276065826416032 0.047819423675537154
26 0.4206996917724609 0.6533270835876466 0.022719001770019565 0.0453666687011719
34 0.3498360870969393 0.646818278595927 0.021666384003142913 0.04512667980765772
41 0.5377604484558105 0.7466721534729004 0.038299942016601585 0.03802814483642569
34 0.3267914929896674 0.6436271842883783 0.023473994153721756 0.04459854432607535
25 0.41974964141845705 0.551427698135376 0.02441635131835934 0.05144071578979492
33 0.28185770511627195 0.6387144088745118 0.02205510139465333 0.04369487762451174
17 0.19427263736724854 0.3892796993255615 0.025510597229003895 0.04878406524658202
29 0.30913076400756834 0.8299159049987792 0.037345552444457975 0.09798851013183596
25 0.39421725273132324 0.5495109558105469 0.023647785186767578 0.05040264129638672
33 0.23652870655059816 0.6349189758300782 0.021324110031127913 0.04697046279907224
26 0.44107670783996583 0.6554139137268067 0.01645526885986326 0.0466688156127929
59 0.7376849174499511 0.6121543884277343 0.026554870605468683 0.07695398330688474
45 0.7162943363189698 0.7931318759918213 0.059900856018066384 0.06325426101684573
25 0.41432876586914064 0.49533815383911134 0.02464237213134768 0.05573673248291022
34 0.3046095848083496 0.6407869338989258 0.020974254608154275 0.04523048400878904
23 0.36151299476623533 0.4901731491088867 0.02548666000366212 0.05674533843994134
59 0.71036696434021 0.6092587471008301 0.02641649246215816 0.07554035186767583
33 0.25351872879412907 0.5898203953735186 0.02195607102209604 0.048645993994107406
55 0.5315793037414551 0.5064343452453614 0.025760078430175803 0.08240051269531251
33 0.276736139991303 0.5916705213385642 0.022885860344369624 0.04760667530652285
33 0.2307106018066406 0.5870911598205566 0.02140130996704101 0.0466484069824219
28 0.3777724128020437 0.8617543220520019 0.024235630035400413 0.06161365509033201
4 0.26174976825714114 0.71522216796875 0.03389153480529786 0.09551620483398438
25 0.43506603240966796 0.49632921218872067 0.015895271301269553 0.0559812545776367
34 0.37139590725262095 0.6036317618731257 0.02167890578589582 0.044967883419275934
43 0.6221696853637695 0.8039077758789062 0.03752269744873049 0.02551898956298826
47 0.6433405876159668 0.41503180265426637 0.030132198333740146 0.06211721897125244
31 0.40390168995818587 0.8700946102758591 0.026205969395764306 0.05744281328490697
23 0.33572172874059436 0.4891715465447842 0.02548666000366212 0.05674533843994134
23 0.28514079925341485 0.4859163382114508 0.02548666000366212 0.05674533843994134
23 0.31020214007450986 0.4876610572521503 0.024026809594570042 0.058231571393135284
23 0.31787425952079973 0.5448405534793168 0.024207410445580113 0.05304725842598168
34 0.3261664104071885 0.5988461875135958 0.024608596079356004 0.044963449223489826
34 0.3485056204756859 0.6012948871633337 0.019537637409137498 0.04272698316652057
34 0.30088754460337375 0.5948547876498356 0.024608596079356004 0.04709219581749513
6 0.29573260613207547 0.7167600235849056 0.03009532232704404 0.09704205974842761
11 0.32613502358490565 0.7205987126572326 0.03009532232704404 0.09919172562893075
3 0.36006903498427667 0.7252051395440251 0.03285917845911951 0.10533362814465408
5 0.4308544614779874 0.73441799331761 0.03746560534591192 0.10349105738993702
32 0.43058746936274517 0.867886412377451 0.025371476715686236 0.07132735906862742
43 0.6231117070679495 0.7794152115702244 0.03752269744873049 0.02551898956298826
43 0.6284498300583032 0.7527245966184559 0.03752269744873049 0.02551898956298826
44 0.6697209103697749 0.7479087118167203 0.030772709003215493 0.03265675241157551
44 0.6678368669614148 0.7772683882636655 0.03391278135048226 0.026690614951768388
44 0.6662668307877813 0.8045870176848875 0.03391278135048226 0.026690614951768388
51 0.6280706177409896 0.6004897549621061 0.025133514404296897 0.07158889770507804
55 0.5574540366474381 0.5085210172539083 0.025760078430175803 0.08240051269531257
55 0.6129595120747884 0.5101903548607459 0.025760078430175803 0.08240051269531246
55 0.5862501103653868 0.5085210172539084 0.025760078430175803 0.08240051269531251
51 0.6556386500376403 0.60329328367024 0.025133514404296897 0.07158889770507804
