41 0.22219934463500976 0.2787458896636963 0.05649309158325194 0.07076597213745117
41 0.22282059192657472 0.20682222843170167 0.05334339141845704 0.07209076881408691
41 0.35082321166992186 0.2948272228240967 0.04924440383911133 0.07149496078491213
13 0.5281561374664306 0.5867404460906982 0.04711370468139653 0.10019283294677728
41 0.2915153980255127 0.2161496877670288 0.056768512725830056 0.06990947723388674
13 0.5748579502105713 0.588956356048584 0.04504575729370108 0.09845714569091801
41 0.35498199462890623 0.22457237243652345 0.05134458541870118 0.07228708267211914
41 0.2879920959472656 0.28613560199737553 0.053714704513549816 0.06934018135070802
41 0.6434741747581352 0.48001181553986116 0.04404911752474516 0.05230051137633246
46 0.2886528253555298 0.5022233009338379 0.06794857978820801 0.033905410766601585
12 0.6222165584564209 0.591229248046875 0.04860734939575195 0.09360713958740241
41 0.6360462730213747 0.27294024047205 0.04747295379638672 0.06246643066406249
41 0.412960147857666 0.30222439765930176 0.049033355712890636 0.0670868873596191
41 0.4148656356625441 0.23553232448857003 0.049033355712890636 0.06708688735961907
41 0.6228047475976459 0.336665081573745 0.04747295379638672 0.06246643066406249
41 0.6703914795891714 0.34452723729408385 0.04747295379638672 0.06246643066406249
41 0.6836330050129003 0.280802396192389 0.04747295379638672 0.06246643066406249
41 0.5719076342501884 0.32921672352289744 0.04747295379638672 0.06246643066406249
41 0.5863905526823918 0.26466428708221945 0.04747295379638672 0.06246643066406249
41 0.5372236546823534 0.2542660191907721 0.04265743110139486 0.06401496903371001
41 0.5229476350848958 0.31984444109059995 0.042243633431903294 0.06383149341001348
41 0.6525777234869488 0.42580432083647135 0.04404911752474516 0.054783297393281694
41 0.5973357346098301 0.474758342161017 0.043635319855253485 0.05503509004237289
41 0.6054047891649148 0.41835596278562387 0.04404911752474516 0.054783297393281694
41 0.5024827860169492 0.46337890625 0.04096596927966101 0.05793167372881358
41 0.5109656382415253 0.406688625529661 0.04055217161016955 0.058759269067796605
41 0.5591730667372881 0.4131024894067797 0.03600039724576276 0.057517876059322015
41 0.5498626191737288 0.4702065677966102 0.03724179025423735 0.05669028072033899
46 0.2124325475389349 0.5071326534396627 0.07117162937468496 0.04133460187979854
46 0.22340503396757194 0.4650359639340851 0.06704714009405333 0.039989659723070725
46 0.22822001655146762 0.43085446147798745 0.06869263199140443 0.02886694182389954
46 0.36260407162408764 0.506987064167011 0.07520244069343063 0.03322025059679562
46 0.36288122920870025 0.4560362617924528 0.06715715636247366 0.03439465408805037
46 0.29654868203888896 0.44820533608490565 0.06592877585932905 0.03593012971698112
13 0.48098904969262296 0.5838597645525072 0.04402535860655743 0.10163561946055932
