52 0.365671968460083 0.42413878440856934 0.025595855712890636 0.07770643234252927
18 0.5245235443115235 0.2825902462005615 0.02284374237060549 0.0640987396240234
41 0.31714184284210206 0.8055718421936036 0.04236183166503904 0.04625473022460935
23 0.5759172439575195 0.28404855728149414 0.02584991455078134 0.0666854858398438
24 0.7121342658996581 0.2833071708679199 0.027690792083740257 0.06778354644775392
61 0.5384750366210938 0.7921919345855712 0.034175109863281206 0.04949407577514642
41 0.26624603271484376 0.8060827255249023 0.04392375946044924 0.04558277130126953
16 0.37147889137268064 0.3080600261688232 0.025844097137451172 0.06515531539916991
46 0.38326325416564944 0.6808341503143311 0.0610770225524902 0.04544677734375002
61 0.6285215854644775 0.7953271389007568 0.04060230255126951 0.04705648422241204
59 0.42207560539245603 0.5440852642059326 0.02576198577880856 0.07712192535400386
26 0.3459673404693604 0.556270694732666 0.023998451232910167 0.057750701904296875
14 0.315701174736023 0.30805377960205077 0.0263050079345703 0.0648780822753906
14 0.34376380443572996 0.30864849090576174 0.0277085781097412 0.06576166152954105
26 0.37116987705230714 0.5556551933288574 0.024680614471435547 0.05801782608032224
61 0.5821906089782715 0.7946321487426757 0.04096078872680664 0.0494537353515625
15 0.2883585214614868 0.3074234247207641 0.027053356170654297 0.06443171501159667
41 0.4164818286895752 0.8804666519165039 0.0389714241027832 0.031004333496093772
54 0.392154598236084 0.4246850490570068 0.02530975341796876 0.07807493209838867
16 0.39852194786071776 0.30762481689453125 0.02622365951538086 0.06514015197753908
46 0.3219579219818115 0.680547046661377 0.06088991165161134 0.0454286575317383
26 0.3212309360504151 0.5559243202209473 0.02413482666015626 0.057808876037597656
46 0.44262342453002934 0.6798006534576415 0.054813098907470714 0.04451904296874998
59 0.39663057327270507 0.5442704200744629 0.02326192855834963 0.07745552062988281
25 0.6029165744781495 0.2842525005340576 0.02624311447143557 0.06755828857421875
25 0.6840497970581054 0.2831758975982666 0.02679576873779299 0.06777286529541016
41 0.45751128196716306 0.8791215896606446 0.032889556884765636 0.032712364196777366
25 0.6569511890411377 0.28360795974731445 0.02688674926757817 0.06863431930541994
24 0.7393742561340332 0.2830914735794067 0.02613754272460933 0.06741657257080078
61 0.5824297904968262 0.8401607513427735 0.039030265808105424 0.041004180908203125
28 0.583869457244873 0.3907685518264771 0.03191804885864258 0.10870985984802245
26 0.27112562656402583 0.5555408954620361 0.024369287490844715 0.05739574432373051
41 0.3656166553497314 0.7962739944458008 0.03828105926513675 0.047044563293456965
41 0.4562397003173828 0.798912239074707 0.03274040222167973 0.03996543884277337
55 0.4432180404663086 0.42337102890014644 0.02849922180175779 0.07979507446289064
26 0.2963827610015869 0.5555360794067383 0.02451915740966798 0.057756233215331965
28 0.6851010322570801 0.3889488697052002 0.03461170196533203 0.1069317817687988
26 0.2219460964202881 0.556424903869629 0.02437729835510255 0.05916824340820315
24 0.7665149688720703 0.28227925300598145 0.027048492431640647 0.06586732864379885
16 0.4267295837402344 0.30733065605163573 0.028022003173828136 0.06490468978881836
61 0.6279424667358399 0.8390693664550781 0.03930587768554683 0.041374588012695224
29 0.5990278244018554 0.6389100551605225 0.04065914154052741 0.14507942199707036
25 0.6298793792724608 0.283916974067688 0.02666606903076174 0.06865262985229495
17 0.2287517309188843 0.3070678234100342 0.027367305755615218 0.06194353103637695
29 0.5580576896667481 0.6393958091735841 0.0403692245483398 0.14649429321289065
17 0.20130636692047119 0.30722100734710694 0.02696681022644043 0.06235241889953613
41 0.41145590543746946 0.798564338684082 0.039217972755432096 0.04555511474609375
34 0.2360274076461792 0.437108325958252 0.026390123367309587 0.06361465454101561
28 0.6514260292053222 0.5029675960540771 0.03331346511840827 0.09840040206909184
61 0.6738715171813965 0.7907947063446045 0.03968544006347652 0.048663425445556685
41 0.7232875823974609 0.7889434337615967 0.041705322265624956 0.049639987945556685
41 0.3212752342224121 0.849560546875 0.04217319488525395 0.039422225952148504
41 0.45712919235229493 0.8409481048583984 0.0341792106628418 0.040339660644531206
28 0.7200715065002441 0.38780746459960935 0.03448200225830078 0.10706539154052735
28 0.6170170307159424 0.3897469758987427 0.03161697387695317 0.11140122413635256
61 0.5399315357208252 0.8390106201171875 0.0341394424438477 0.041499328613281206
26 0.24615180492401123 0.5558907508850097 0.02462115287780764 0.05766849517822259
15 0.2584980487823486 0.30690584182739256 0.02958374023437499 0.06396398544311527
41 0.27676830291748045 0.886693286895752 0.04085760116577147 0.02692546844482424
28 0.618833351135254 0.5037530899047852 0.031102561950683616 0.0990207672119141
41 0.27203266620635985 0.8512947082519531 0.041761255264282204 0.042339324951171875
41 0.4141689300537109 0.8440177917480469 0.03846006393432616 0.040495681762695246
41 0.3694103240966797 0.8436693191528319 0.03925719261169436 0.043446922302246116
28 0.6844154834747314 0.5026522636413574 0.03187141418457029 0.09776954650878905
41 0.37086577415466304 0.8823947906494141 0.04076833724975587 0.029422187805175692
55 0.4171623229980469 0.4243185520172119 0.023853302001953125 0.07864646911621098
41 0.3242321014404297 0.8849048614501953 0.041618299484252885 0.030024719238281206
59 0.4486410140991211 0.5429587364196777 0.025336837768554665 0.07771224975585933
28 0.6498003005981445 0.38975324630737307 0.0339715957641602 0.11034221649169923
28 0.5510451316833496 0.39172930717468263 0.03193607330322268 0.10556592941284182
28 0.7173506736755371 0.5026485443115234 0.03215866088867181 0.09833068847656257
28 0.5854667663574219 0.5053447723388671 0.03383350372314453 0.10019645690917967
61 0.7201105117797851 0.8719773292541504 0.0435943603515625 0.037196350097656206
61 0.6732261657714844 0.8368383407592773 0.03975353240966795 0.040835571289062456
23 0.5493593215942383 0.2834967851638794 0.02575550079345712 0.06544923782348633
34 0.2637962818145752 0.43659439086914065 0.027332782745361328 0.06354122161865233
29 0.6398754119873047 0.6378809452056885 0.03995838165283194 0.1440332412719727
28 0.7552241325378417 0.3884044885635376 0.032925987243652366 0.10828919410705562
46 0.26125507354736327 0.6786742210388184 0.06171417236328125 0.04888801574707036
29 0.6810194492340088 0.6367352962493896 0.039458942413330034 0.14310865402221684
61 0.6730878829956055 0.7907171249389648 0.04015674591064455 0.04881916046142587
51 0.33946595191955564 0.42479190826416013 0.025312232971191395 0.07785444259643554
18 0.5493772506713868 0.2831669807434082 0.025334167480468683 0.0650068283081055
61 0.7213400840759276 0.8333757400512696 0.04125890731811521 0.03781585693359368
61 0.7216246128082275 0.8332923889160156 0.041481399536132724 0.03833274841308598
61 0.6274642944335938 0.8752140998840332 0.03960132598876953 0.029480171203613237
61 0.5822331428527832 0.8759567260742187 0.03875446319580078 0.02974777221679681
61 0.6731364250183105 0.8721992492675781 0.04081115722656248 0.03228549957275384
61 0.7234919548034668 0.7891193389892578 0.04142704010009768 0.04929275512695308
61 0.5399593830108642 0.876439666748047 0.033489227294921875 0.032859420776367165
46 0.44452428817749023 0.6452603340148926 0.051345539093017534 0.029213809967040927
29 0.7314226750404603 0.635160195442938 0.039458942413330034 0.14310865402221684
33 0.20636792452830188 0.43761055424528295 0.025795990566037735 0.06264740566037735
