41 0.41643643379211426 0.9072941780090332 0.055364799499511674 0.057223510742187456
41 0.48203887939453127 0.7954340934753418 0.053679656982421886 0.06423091888427734
41 0.4819166183471679 0.9035860061645508 0.056196022033691395 0.05697708129882817
41 0.6042904853820801 0.7963526725769043 0.053281402587890714 0.056996726989746116
41 0.546623420715332 0.9680353164672851 0.0508192062377929 0.05305957794189453
41 0.5463673114776612 0.9061071395874023 0.057005119323730424 0.06010093688964846
41 0.7433380126953125 0.903292179107666 0.05678443908691411 0.05440025329589848
41 0.7284628868103027 0.8044336080551148 0.0544466018676758 0.053526353836059526
41 0.6650851726531983 0.7916204452514648 0.0521573066711426 0.05882663726806647
41 0.35826582908630367 0.8019916772842407 0.05296869277954103 0.058654737472534135
41 0.3499763965606689 0.9081249237060547 0.05553131103515624 0.05649681091308589
43 0.548610258102417 0.09433938264846801 0.06992902755737307 0.0625840187072754
41 0.6097119331359864 0.9606035232543946 0.05276279449462884 0.05202827453613279
41 0.6740652561187744 0.9575592994689941 0.053936767578125044 0.053152275085449285
41 0.6132058143615722 0.9020719528198242 0.05339345932006834 0.05254344940185551
41 0.4172048449516297 0.8016210794448853 0.054932427406311046 0.06044039726257333
42 0.6223437786102295 0.09322564601898194 0.06721296310424796 0.06518254280090333
27 0.33466165346257826 0.5175597251630297 0.07718176280750949 0.05618256307115749
41 0.7381124496459961 0.9600939750671387 0.05339756011962882 0.057347869873046964
41 0.3544987440109253 0.9656049728393554 0.054261541366577126 0.05408630371093748
41 0.6752053737640381 0.8952775955200195 0.05602550506591797 0.06591606140136719
41 0.4825146675109863 0.9618473052978516 0.053497600555419855 0.05376548767089839
44 0.4732527732849121 0.09353703260421753 0.0670515060424805 0.06038105487823486
41 0.4189700961112976 0.9665004730224609 0.05093691349029539 0.04964141845703118
61 0.769939374923706 0.046964308619499205 0.0698987007141113 0.09392861723899841
43 0.5446715354919434 0.03172880113124847 0.07221927642822257 0.06345760226249694
44 0.46703941925712256 0.03258500228757444 0.072156284166419 0.06198556164036626
61 0.6908477783203125 0.12419769763946534 0.06851272583007817 0.06275451183319092
61 0.6917380332946778 0.04684586524963379 0.0680296897888184 0.09219486713409424
42 0.6158093452453614 0.0315622866153717 0.06278610229492188 0.06214838027954101
58 0.317029818041347 0.09469464869281047 0.08106107026143788 0.060636233660130726
36 0.3972375408496732 0.10011999591503268 0.0759548611111111 0.05489174836601306
41 0.5468456324409037 0.8020971578710219 0.053281402587890714 0.056996726989746116
36 0.3155035055235863 0.15425552580633706 0.0759548611111111 0.05489174836601304
27 0.4138508561869373 0.5188117283681579 0.07718176280750949 0.05618256307115749
27 0.49295287901819385 0.5095235096743024 0.0813894142392535 0.05450816895267735
27 0.6397502548194759 0.4941864704114818 0.0813894142392535 0.05450816895267718
27 0.7364675024156297 0.4976294792255845 0.08890143347002277 0.05137816093985681
27 0.33645802790057744 0.3384289350977705 0.08796392886142185 0.060964465287565606
27 0.42505763934771523 0.33936923518656614 0.08159877205644933 0.06569218277914729
27 0.575947559460497 0.3404825540413534 0.09261263483840432 0.059107730263157854
27 0.695080841885309 0.3379126527255639 0.09077699104141179 0.06718456296992481
36 0.3992088626664435 0.1507678025920513 0.0759548611111111 0.05489174836601304
