3 0.313707160949707 0.33137216567993166 0.033101892471313454 0.11502666473388673
1 0.41315627098083496 0.33548583984375 0.03245458602905271 0.11369590759277343
19 0.5611355781555176 0.48279876708984376 0.019335174560546897 0.047045326232910134
14 0.4556159019470215 0.43300766944885255 0.01964092254638672 0.04884281158447268
26 0.5979150772094726 0.5897043228149415 0.01777019500732424 0.046235084533691406
24 0.4000192642211914 0.5975899696350098 0.02075929641723634 0.04719524383544926
16 0.32687602043151853 0.42990036010742183 0.022060203552246083 0.051050376892089855
26 0.5614030838012696 0.5909355163574219 0.01860113143920905 0.046177577972412176
16 0.3267059803009033 0.48166446685791015 0.021907806396484375 0.051614570617675715
26 0.5798739433288574 0.590077543258667 0.017789077758789018 0.0461125373840332
0 0.5619204044342041 0.3440582513809204 0.028984546661376953 0.10719790458679196
24 0.4218181610107422 0.5975179672241211 0.02132110595703124 0.046753311157226474
16 0.43605976104736327 0.4828767776489258 0.020404911041259743 0.04859352111816406
24 0.40247602462768556 0.5473311424255372 0.020686626434326172 0.049605369567871094
17 0.3027698040008545 0.48124146461486816 0.022211837768554676 0.051239109039306674
24 0.42333364486694336 0.5477402687072754 0.02019557952880857 0.04924278259277337
16 0.34920248985290525 0.4304630279541015 0.020635604858398438 0.05089588165283204
16 0.41433038711547854 0.4320807456970215 0.020003509521484386 0.04941835403442385
16 0.43447284698486327 0.4322231292724609 0.019826412200927734 0.04759550094604492
16 0.34940874576568604 0.48196563720703123 0.021883058547973677 0.05101890563964839
14 0.4577309608459472 0.4830002784729004 0.020982933044433605 0.04846172332763676
28 0.3374628305435181 0.8342185020446777 0.02712564468383788 0.07390861511230473
24 0.4645893096923828 0.59688401222229 0.020046806335449197 0.046244812011718706
16 0.3720737934112549 0.4821352005004883 0.02164316177368164 0.0503137588500977
16 0.37141804695129393 0.43079099655151365 0.022159481048584007 0.050909614562988315
25 0.33839304447174073 0.5471238136291504 0.021330928802490212 0.050220489501953125
24 0.443544340133667 0.5971572875976563 0.0206784248352051 0.045973014831543035
24 0.46707110404968266 0.5481183052062988 0.021387767791748058 0.049047660827636785
16 0.3942056179046631 0.4822763919830322 0.02105150222778318 0.05002145767211913
16 0.41532387733459475 0.48268399238586424 0.019623565673828114 0.04889345169067383
19 0.5797604560852051 0.4826932907104492 0.0176904678344727 0.04724292755126952
54 0.6065642356872558 0.6528672218322754 0.017678451538086004 0.057698059082031294
17 0.30221710205078123 0.4283257484436035 0.02237396240234374 0.051237010955810514
19 0.5575396537780761 0.43391914367675777 0.020200347900390603 0.04474048614501952
24 0.4448710441589355 0.5481860160827636 0.02182540893554691 0.0502449035644531
25 0.36013016700744627 0.546954345703125 0.021431827545165982 0.05019149780273435
16 0.39351563453674315 0.4312858581542969 0.02033090591430664 0.05036592483520508
25 0.35700163841247556 0.598851490020752 0.021021080017089855 0.04802427291870115
25 0.33415148258209226 0.5996062278747558 0.0220475673675537 0.049343109130859375
19 0.5983772277832031 0.4827898025512695 0.018594741821289062 0.04650869369506838
25 0.3782263994216919 0.5982902526855469 0.020876264572143532 0.04835567474365232
19 0.576312255859375 0.4344921112060547 0.018325614929199152 0.045597076416015625
1 0.4445459365844726 0.33783390522003176 0.029552650451660167 0.11292977333068849
14 0.4785620212554932 0.48281211853027345 0.019789886474609386 0.04801025390625002
54 0.623680591583252 0.6516343593597412 0.01592388153076163 0.05694465637207036
18 0.6906241416931151 0.4350594520568848 0.018689727783203103 0.04332094192504882
25 0.3810298919677734 0.5469255447387695 0.02031507492065432 0.04959506988525386
26 0.5602703094482422 0.5431855201721192 0.018423080444335938 0.043529510498046875
18 0.6736248016357422 0.48150520324707036 0.01895275115966799 0.04597663879394537
25 0.3167658805847168 0.5472015857696533 0.02093467712402347 0.049522686004638605
5 0.6482014656066895 0.34368348121643066 0.027170562744140536 0.10162220001220701
25 0.3110804557800293 0.5998615741729736 0.021283769607543968 0.05029439926147461
14 0.47621593475341795 0.434127950668335 0.019496440887451172 0.04907655715942383
6 0.38147084837808654 0.333491992326307 0.030603694915771473 0.11393613815307618
6 0.3477007389068604 0.3322159767150879 0.03287210464477536 0.11425471305847168
18 0.6715588569641113 0.4354617118835449 0.018935585021972567 0.043467330932617176
26 0.5974729537963868 0.5423323631286621 0.01667842864990232 0.044301414489746116
26 0.5790089607238769 0.5430609703063964 0.018855476379394553 0.04388561248779299
23 0.6167655467987061 0.4826854705810547 0.017439842224121094 0.045839500427246105
23 0.6350545883178711 0.48285112380981443 0.017685127258300737 0.04596061706542964
4 0.5913878440856933 0.3438055992126465 0.028912353515625044 0.10425505638122556
2 0.4746111869812012 0.33913297653198243 0.030992126464843783 0.10930967330932617
25 0.293550968170166 0.546720027923584 0.023070812225341797 0.050305175781250044
33 0.6339422702789306 0.5408971786499024 0.017832183837890647 0.04703998565673828
8 0.27978627681732177 0.32943239212036135 0.03302884101867676 0.11716556549072266
23 0.6525520324707031 0.4359907150268555 0.017528724670410112 0.04437484741210934
56 0.3578494822485207 0.20471985946745563 0.020224667159763343 0.0572069156804734
56 0.3809633875739645 0.20533241266414343 0.020224667159763343 0.0572069156804734
56 0.4046551405325443 0.2087647928994083 0.020224667159763343 0.0572069156804734
56 0.427191198224852 0.20992048816568049 0.020224667159763343 0.0572069156804734
56 0.44857156065088755 0.20992048816568049 0.020224667159763343 0.0572069156804734
56 0.4734190088757396 0.21165403106508873 0.020224667159763343 0.0572069156804734
47 0.7181374815088758 0.23101192677514792 0.015024038461538547 0.04969489644970415
47 0.7002242048816568 0.2281226886094675 0.015024038461538547 0.04969489644970418
47 0.6788438424556213 0.22870053624260356 0.015024038461538547 0.04969489644970415
47 0.6615084134615385 0.2275448409763314 0.015024038461538547 0.04969489644970421
47 0.6401280510355031 0.2252334504437871 0.015024038461538547 0.04969489644970432
11 0.7031044852486872 0.3480031906472042 0.026082696169292485 0.10005285565338273
11 0.6768793925702812 0.34763271837349397 0.024316014056224855 0.0992250251004016
4 0.6198460419972738 0.344265554085314 0.02699968307372569 0.10439057857635986
33 0.6542873223622641 0.5408971786499024 0.017832183837890647 0.04703998565673828
33 0.6538164695103963 0.5872611840566 0.016739384333292695 0.04211174647013349
33 0.634997296333313 0.5867525577545167 0.016739384333292695 0.04211174647013349
34 0.6712823851495726 0.5410740518162394 0.013772035256410242 0.044654780982905984
34 0.6875584268162394 0.5398220486111112 0.013772035256410242 0.044654780982905984
34 0.7071731436965814 0.5398220486111112 0.013772035256410242 0.044654780982905984
34 0.7071731436965814 0.5857288327991452 0.013772035256410242 0.044654780982905984
34 0.6908971020299146 0.5865635016025641 0.013772035256410242 0.044654780982905984
34 0.6735777243589745 0.5863548344017095 0.016693376068375954 0.04507211538461531
54 0.640373967651628 0.6516343593597412 0.01592388153076163 0.05694465637207036
54 0.5873668532086234 0.6507805498237283 0.017678451538086004 0.057698059082031294
55 0.569870125534188 0.6539630074786326 0.0171107104700855 0.05592280982905984
52 0.5508814102564104 0.6562583466880343 0.015024038461538436 0.053836137820512886
51 0.4162946428571429 0.6637050083705358 0.01656668526785715 0.05275181361607151
51 0.3988560267857143 0.6654488699776786 0.01656668526785715 0.05275181361607151
51 0.3801095145089286 0.665012904575893 0.01656668526785715 0.05275181361607151
51 0.3583112444196429 0.668064662388393 0.01656668526785715 0.05275181361607151
59 0.6915403701716738 0.6477417516094421 0.015088519313304682 0.05742019849785407
59 0.6756135997854078 0.6473226260729614 0.015088519313304682 0.05742019849785407
59 0.6588485783261804 0.6506756303648069 0.015088519313304682 0.05742019849785407
31 0.365021102729885 0.8398325251436782 0.018521012931034475 0.05780801005747127
32 0.30777433548850575 0.8353425826149425 0.025255926724137956 0.07464529454022983
32 0.28083468031609193 0.8392712823275863 0.025255926724137956 0.07464529454022983
23 0.654669305198213 0.4841031270149426 0.017685127258300737 0.04596061706542964
23 0.6325199811886518 0.4351560462234366 0.017528724670410112 0.04437484741210934
23 0.6137399331117287 0.43557338062514606 0.017528724670410112 0.04437484741210934
23 0.5949598850348057 0.43557338062514606 0.017528724670410112 0.04437484741210934
33 0.6156917579838488 0.5418577319285909 0.017832183837890647 0.04703998565673828
33 0.616746784038231 0.5889938487381232 0.016739384333292695 0.04211174647013349
17 0.27958432308082415 0.4274874973706422 0.02237396240234374 0.051237010955810514
17 0.28013702503089744 0.4804032135419068 0.022211837768554676 0.05123910903930662
18 0.692537103572362 0.48150520324707047 0.01895275115966799 0.04597663879394559
