18 0.44614782333374026 0.5686718463897705 0.0330341339111328 0.0765130996704102
18 0.5411500930786133 0.5628550052642822 0.029537010192871138 0.07227430343627939
14 0.430832576751709 0.20293772220611572 0.029951477050781272 0.06764888763427734
14 0.4921046733856201 0.20612649321556092 0.029690361022949197 0.06841174364089966
18 0.46108598709106446 0.29058022499084474 0.03075752258300779 0.06256794929504395
14 0.3022662401199341 0.1959996700286865 0.03076062202453611 0.06860747337341308
18 0.47945547103881836 0.567094898223877 0.033082008361816406 0.07510795593261721
14 0.3347412109375 0.19855700731277465 0.03262691497802733 0.06817891597747802
18 0.49226226806640627 0.2913140773773193 0.029847908020019576 0.061637210845947255
56 0.4449343681335449 0.8818307876586914 0.039332580566406206 0.10767288208007808
19 0.3988878488540649 0.28855559825897215 0.030269479751586947 0.06579604148864743
18 0.43031768798828124 0.2898692607879638 0.030968093872070335 0.06377429962158204
14 0.3677251100540161 0.20008246898651122 0.03058629035949706 0.06798243522644043
19 0.33572227954864503 0.2849238157272339 0.031885957717895486 0.06800446510314945
54 0.40588036775588987 0.8760238647460937 0.037073111534118686 0.13323307037353516
19 0.26840815544128416 0.2805210590362549 0.03397278785705565 0.07407569885253909
14 0.46142115592956545 0.2059335470199585 0.02983322143554684 0.06633920669555665
15 0.5164173126220704 0.13400764465332032 0.02895298004150393 0.06320314407348633
15 0.26885080337524414 0.19220731258392335 0.03384103775024416 0.07004861831665038
14 0.39925589561462405 0.20115585923194884 0.031031513214111295 0.0683926463127136
18 0.30503134727478026 0.5775480270385742 0.03777160644531252 0.0799625396728516
19 0.36784977912902833 0.28661909103393557 0.030977153778076194 0.06779932975769043
18 0.5216968059539795 0.2938981294631958 0.029608440399169877 0.06286191940307617
19 0.30288608074188234 0.2825008869171143 0.03237972259521482 0.07046203613281249
15 0.3682862281799316 0.11737933456897737 0.03195338249206542 0.06110462546348573
15 0.42922172546386717 0.12270137071609497 0.02886447906494144 0.05977852344512939
18 0.3414655923843384 0.5753223896026611 0.035613298416137695 0.07802209854125985
17 0.3032315969467163 0.11037735641002655 0.032041835784912154 0.061259227991104115
51 0.2898245811462402 0.8944146156311035 0.03912649154663089 0.14174175262451172
18 0.3768444061279297 0.5730123519897461 0.03592271804809566 0.07777442932128897
16 0.5228951454162598 0.2081120491027832 0.029962348937988215 0.06667466163635252
15 0.3996692657470703 0.12019970417022705 0.029462814331054688 0.05798401832580567
17 0.3357544898986816 0.11446937322616577 0.03135805130004882 0.05798537731170654
15 0.4582940101623535 0.12592921257019044 0.028756523132324185 0.061173152923583995
0 0.3330585479736328 0.42271317243576045 0.04969348907470705 0.16259710788726806
15 0.4877318382263184 0.12929688692092894 0.027513504028320312 0.0612894296646118
17 0.2690189123153687 0.10947904586791993 0.03487257957458495 0.06431756019592284
26 0.5501252174377442 0.6369131088256836 0.028639888763427712 0.07118339538574225
47 0.4880051612854004 0.8752788543701171 0.03958559036254883 0.11348876953124998
18 0.511155080795288 0.5636026382446289 0.030271625518798806 0.07339591979980475
52 0.36792161464691164 0.8789846420288085 0.03799915313720703 0.14153137207031252
18 0.26720697879791255 0.5799435615539551 0.03815894126892089 0.07976245880126953
23 0.3114501476287842 0.6614069461822509 0.03760089874267575 0.07902078628540032
23 0.34854831695556643 0.6581043243408202 0.03559570312499999 0.07847156524658205
23 0.48526649475097655 0.6432273387908936 0.03143444061279299 0.0723987579345704
55 0.3300687313079834 0.8871025085449219 0.037247371673583995 0.1370937347412109
23 0.45223379135131836 0.6470023155212403 0.03238811492919924 0.07432613372802732
18 0.4123100280761719 0.5713084697723388 0.035030651092529286 0.07832498550415035
23 0.41871490478515627 0.6511094570159912 0.03302536010742191 0.07569952011108394
23 0.3840141296386719 0.6541709899902344 0.03413457870483394 0.07635498046875
11 0.38716814159292035 0.4230330475663716 0.051852876106194656 0.15815127212389374
1 0.28043763827433627 0.42130461836283184 0.044074944690265516 0.1616081305309734
23 0.27381676348244277 0.663312433987129 0.03760089874267575 0.07902078628540032
