23 0.704472827911377 0.3709350347518921 0.0287933349609375 0.06921744346618652
23 0.6156158447265625 0.3662583827972412 0.028668975830078214 0.06762304306030276
47 0.7383129119873046 0.24602127075195312 0.03251209259033205 0.08009986877441408
18 0.45117950439453125 0.22918198108673096 0.03215246200561528 0.07344779968261722
34 0.47549638748168943 0.42589354515075684 0.02237529754638673 0.05121488571166988
23 0.646151065826416 0.36797339916229244 0.029913902282714844 0.0678276538848877
47 0.7727736473083495 0.246130108833313 0.03269424438476565 0.080315637588501
23 0.6753211975097656 0.369679594039917 0.02825164794921875 0.06787919998168945
18 0.42050499916076656 0.31730332374572756 0.03078298568725585 0.05224118232727054
18 0.45215444564819335 0.31683597564697263 0.03137397766113281 0.05236587524414066
15 0.22990100383758544 0.2246861934661865 0.029684257507324202 0.06846227645874023
14 0.2607478380203247 0.22684873938560488 0.03083810806274412 0.07299615144729615
61 0.7178396224975586 0.8041634559631348 0.04459505081176762 0.048395729064941495
24 0.7668735027313232 0.37330362796783445 0.030101680755615257 0.0702968120574951
41 0.6165688514709473 0.7997944355010986 0.04305419921874998 0.047351741790771396
19 0.38748552799224856 0.22704424262046816 0.028493165969848633 0.06956006288528443
56 0.8057633399963379 0.24670705795288086 0.03171062469482422 0.08157033920288087
34 0.44966421127319334 0.4273963928222656 0.027610969543457042 0.050099563598632824
34 0.42097334861755376 0.4270755767822266 0.027110767364501964 0.05033588409423828
29 0.4015613436698914 0.829752516746521 0.04179289340972897 0.1339733600616455
41 0.5655195713043213 0.8863000869750977 0.042079830169677646 0.0334735870361329
29 0.44404211044311526 0.8310810089111328 0.04311590194702147 0.13382244110107422
41 0.6181420326232909 0.7502673149108887 0.04183902740478518 0.04959449768066404
41 0.6148393630981446 0.8471088409423828 0.04307546615600588 0.04340248107910161
41 0.6132925510406494 0.8874225616455078 0.045575618743896484 0.03356361389160156
15 0.23821082115173342 0.3182887077331543 0.030294418334960965 0.05291128158569336
16 0.35625171661376953 0.2266338109970093 0.03127222061157231 0.07054243087768555
41 0.664060401916504 0.8495946884155274 0.04289684295654295 0.04465713500976565
23 0.5862785339355469 0.36473236083984373 0.028682899475097612 0.06817951202392575
24 0.7972375869750976 0.37362220287323 0.03016319274902346 0.06935324668884274
26 0.34357104301452634 0.6283788681030273 0.025529861450195312 0.04738426208496094
54 0.41448898315429683 0.5242358684539795 0.026119422912597667 0.08646097183227536
29 0.3144264698028565 0.8284650564193725 0.04203205108642577 0.1358704090118409
18 0.41829981803894045 0.22785549163818358 0.03207483291625973 0.07122688293457033
14 0.2923261642456055 0.22708644866943362 0.030236005783081055 0.07268500328063968
29 0.2715259552001953 0.828783130645752 0.04227762222290038 0.13401088714599607
29 0.3587465763092041 0.8304254293441773 0.045212841033935525 0.13368077278137214
41 0.666934585571289 0.8033273696899415 0.04438896179199214 0.0470964431762696
59 0.3975371360778809 0.6165342330932617 0.02556858062744144 0.07183303833007804
16 0.36019799709320066 0.31702651977539065 0.028930330276489225 0.05232210159301759
16 0.3243594169616699 0.22689468860626222 0.03133316040039058 0.07152605056762695
26 0.3700480937957764 0.6285574913024903 0.025989723205566417 0.04786481857299807
54 0.3879784107208252 0.523709487915039 0.025457954406738315 0.08556003570556647
24 0.7363389968872069 0.3723152637481689 0.03000774383544924 0.07041130065917972
59 0.4759693145751953 0.6207163810729981 0.025056171417236373 0.0679811477661133
59 0.42401871681213377 0.6174190044403076 0.024692535400390625 0.07250213623046875
61 0.7255151748657227 0.7529443740844726 0.04524421691894531 0.05428943634033201
26 0.29062392711639407 0.6257445335388183 0.026591444015502896 0.049157142639160156
26 0.3174175977706909 0.6271601676940918 0.025266122817993175 0.04832057952880864
52 0.3075999736785889 0.5222681999206543 0.026265525817871116 0.08298721313476559
41 0.5655230522155762 0.8464216232299805 0.039922046661377 0.04386253356933589
24 0.8260339736938477 0.37323384284973143 0.027011871337890625 0.06764373779296873
34 0.39306182861328126 0.4259179592132568 0.02706203460693357 0.051902103424072255
41 0.5667565345764161 0.8003046989440918 0.03906116485595701 0.046247673034668035
26 0.26213464736938474 0.6251456260681152 0.028212261199951183 0.04914035797119143
51 0.2798298835754395 0.5218174934387207 0.02662429809570316 0.08329353332519529
14 0.2689840316772461 0.3177702903747559 0.02900409698486328 0.05321521759033204
14 0.29943132400512695 0.31810555458068845 0.03063888549804683 0.052845287322998036
59 0.4498130798339844 0.6182191371917725 0.02514514923095701 0.07163972854614253
33 0.2758479595184326 0.4244359493255615 0.02759752273559568 0.05034685134887695
41 0.6699933528900146 0.7511364936828613 0.044315338134765625 0.053309059143066384
16 0.33049354553222654 0.31746501922607423 0.02934269905090331 0.052759647369384766
29 0.4794881820678711 0.8316190719604493 0.02760944366455076 0.13250732421875
55 0.4683722496032715 0.5251216411590576 0.02776165008544923 0.08667507171630862
41 0.5683646678924561 0.7514438152313232 0.04218921661376951 0.04880189895629883
61 0.712970781326294 0.8497096061706544 0.04193038940429694 0.04255046844482424
61 0.709086799621582 0.8898754119873047 0.04295921325683594 0.03954505920410156
23 0.5597709655761718 0.36392698287963865 0.023516082763671897 0.06737165451049804
33 0.36356472969055176 0.42609381675720215 0.028320598602294966 0.050683116912841775
33 0.2464167594909668 0.42467837333679204 0.029650115966796897 0.051929187774658214
19 0.3899394989013672 0.317318320274353 0.02818288803100588 0.05289034843444829
33 0.333418321609497 0.42552738189697265 0.029230785369873058 0.050353050231933594
52 0.334223461151123 0.5224554061889648 0.024744224548339855 0.08358764648437494
41 0.6615756034851075 0.8897520065307617 0.04299621582031243 0.03417491912841797
33 0.3041225433349609 0.4245007634162903 0.026959896087646484 0.05008313655853269
54 0.36112141609191895 0.5232017993927002 0.02677984237670894 0.08500528335571289
61 0.7700289726257324 0.8054618597030639 0.04445238113403316 0.04848675727844243
61 0.7570377349853517 0.8899856567382813 0.045149707794189475 0.0420509338378906
51 0.2523471832275391 0.5216203689575195 0.026215648651123052 0.0836923599243164
55 0.4415452957153321 0.5242281436920166 0.025248336791992176 0.08731575012207032
61 0.7721291070343346 0.7540085666923113 0.04445238113403316 0.04848675727844243
