47 0.7609166145324707 0.6057975769042969 0.02759771347045903 0.04883937835693353
51 0.4403016013556747 0.6062204991471711 0.024041271209716775 0.05428810119628902
14 0.30999367237091063 0.4580185890197754 0.03061399459838865 0.062073707580566406
14 0.34120736122131345 0.4581740379333496 0.030275583267211914 0.06167888641357422
54 0.4300859451293945 0.5309279441833497 0.02603435516357422 0.06518726348876946
14 0.2763476848602295 0.45720901489257815 0.03224611282348633 0.06024875640869137
29 0.4031570553779602 0.7637239456176759 0.03672425746917729 0.09312496185302732
14 0.4381296634674072 0.4582362174987793 0.03246383666992192 0.06367959976196291
2 0.3315028667449951 0.3096996068954468 0.05146031379699706 0.17682242393493652
5 0.6488929748535156 0.315172815322876 0.04546766281127934 0.158829402923584
47 0.7334940910339356 0.6034856796264649 0.02671127319335931 0.05137481689453127
2 0.22373414635658262 0.30706300735473635 0.05311783552169799 0.17660760879516604
5 0.6021119117736817 0.3167271614074707 0.04369029998779295 0.16702976226806643
54 0.40274825096130373 0.5305972576141358 0.026148509979248058 0.06694021224975588
14 0.4057246208190918 0.45866689682006834 0.029913616180419933 0.0640737533569336
2 0.3846749782562256 0.3110268831253052 0.05073080062866209 0.17372512817382812
16 0.6240063667297363 0.4704909324645996 0.029101085662841752 0.0553916931152344
5 0.7429080963134767 0.3171210765838623 0.045895957946777366 0.1578045845031738
2 0.278096342086792 0.3078308582305908 0.05135350227355956 0.17747926712036133
29 0.365219259262085 0.7654372692108155 0.03597764968872069 0.0943913459777832
16 0.7129876613616943 0.4729306221008301 0.028367805480957076 0.0518341064453125
19 0.7707646369934082 0.4721500396728516 0.030773353576660223 0.050704574584960915
2 0.43888921737670894 0.31250028610229497 0.05400485992431642 0.17268819808959962
29 0.3253180742263794 0.7683045387268066 0.03788056373596188 0.09517707824707033
51 0.4155679702758789 0.6055868625640869 0.02379322052001953 0.0555827140808105
16 0.564859676361084 0.46950407028198243 0.02991561889648431 0.055652618408203125
25 0.7511676788330078 0.5365509033203124 0.02626800537109375 0.04737005233764646
29 0.4391292095184326 0.7623009204864502 0.03180713653564454 0.08966093063354486
29 0.6983654022216796 0.7536638736724853 0.03673744201660156 0.0884556770324707
54 0.32028067111968994 0.5320549011230469 0.02664260864257817 0.06728992462158206
14 0.37377429008483887 0.45787978172302246 0.03083667755126951 0.06308927536010744
25 0.5853562355041504 0.542579174041748 0.02644138336181645 0.04800891876220703
16 0.6846494674682617 0.47372274398803715 0.02809419631957999 0.05021686553955079
16 0.7416389465332032 0.4717923641204834 0.02722921371459963 0.050796604156494174
29 0.1700583457946778 0.7755292892456054 0.03602027893066412 0.089992618560791
5 0.7906046867370606 0.31690754890441897 0.04604663848876955 0.16029796600341797
16 0.6543909072875977 0.4728759765625 0.030385589599609353 0.052064990997314486
5 0.6957438468933106 0.3157641410827637 0.045011711120605535 0.15778989791870116
16 0.5942959785461426 0.4696101188659668 0.02863302230834952 0.0552106857299805
25 0.7231924533843994 0.5377239227294921 0.028417205810546964 0.046913528442382835
29 0.28472042083740234 0.7708944320678711 0.044011592864990234 0.09661598205566402
25 0.640009593963623 0.5411486625671387 0.02680835723876951 0.04757556915283212
59 0.26232337951660156 0.5321945190429687 0.02963566780090332 0.0675779342651367
56 0.5456109046936035 0.6053975105285645 0.027459335327148393 0.04937953948974616
56 0.5732100009918213 0.6046837806701659 0.025073337554931685 0.05127563476562502
25 0.6126290321350097 0.541868019104004 0.027095603942871138 0.04807758331298828
26 0.7800034523010253 0.5368698120117188 0.029812431335449197 0.050026321411132835
25 0.6947295188903808 0.5394984245300293 0.027203369140624933 0.046675682067871094
33 0.557885217666626 0.5431769371032715 0.02662525177001951 0.04968805313110358
54 0.29232745170593266 0.5321736335754395 0.02764291763305665 0.06872196197509761
25 0.6671452999114991 0.5402711868286132 0.02594900131225586 0.0473752975463867
54 0.37626075744628906 0.531349277496338 0.025447320938110307 0.0660585403442383
56 0.5992653846740723 0.6052111148834229 0.024959373474121027 0.05057153701782224
51 0.3901623487472534 0.6064825534820557 0.02512192726135254 0.05557060241699219
29 0.6259207248687744 0.7544744491577149 0.03551054000854492 0.08973350524902346
28 0.3252021551132202 0.6789997577667236 0.031554222106933594 0.06643648147583003
28 0.2926652431488037 0.6804663181304932 0.032234239578247115 0.06615276336669917
14 0.4671109676361084 0.4591008186340332 0.022420883178710938 0.06408214569091797
19 0.8004428625106812 0.4730688095092773 0.02824292182922361 0.05057754516601559
56 0.6801766395568848 0.6038715362548828 0.02370929718017578 0.05043601989746094
51 0.3641081333160401 0.6069477558135986 0.023853492736816417 0.05644874572753911
28 0.3573890209197998 0.677327823638916 0.03100023269653318 0.06677627563476562
56 0.6278094291687012 0.6056416511535645 0.025859069824218706 0.05012035369873047
47 0.704809808731079 0.6034308433532716 0.0245846748352051 0.05078496932983401
54 0.34872028827667234 0.5318376541137695 0.027204656600952115 0.0665119171142578
29 0.24147944450378417 0.7726960182189941 0.043628692626953125 0.09832229614257804
59 0.2921381950378418 0.5313043594360352 0.02778997421264645 0.06906986236572266
29 0.5873722051319322 0.7553310829296447 0.03551054000854492 0.08973350524902346
29 0.5462537840793007 0.7604708855612237 0.03551054000854492 0.08973350524902346
52 0.3114311256218905 0.6068291355721392 0.024292599502487522 0.0563588308457712
52 0.2851951181592039 0.6082866915422884 0.024292599502487522 0.0563588308457712
28 0.3895711942152543 0.6778826886957341 0.03100023269653318 0.06677627563476562
28 0.42230823256752703 0.6778826886957341 0.03100023269653318 0.06677627563476562
28 0.4511513059789484 0.674586586518721 0.020992842587557736 0.06351326162164872
28 0.5478205836212453 0.672779592351384 0.029566244261934105 0.06224640158041772
28 0.579796523886732 0.673211699652269 0.029566244261934105 0.06224640158041772
28 0.6113403568513336 0.673211699652269 0.029566244261934105 0.06224640158041772
28 0.6433162971168205 0.6740759142540389 0.029566244261934105 0.06224640158041772
28 0.6735638081787674 0.673211699652269 0.029566244261934105 0.06224640158041772
28 0.7016507827362894 0.6701869485460743 0.02178831284600491 0.058789543173338066
28 0.7275772207893869 0.6697548412451892 0.025245171253084453 0.058789543173338066
56 0.6539900024380305 0.6057290667981172 0.023774696451372646 0.046838326580756484
55 0.4576514366113744 0.5312407434834122 0.024066943127962093 0.0620186611374407
