47 0.3385180473327637 0.6355476379394531 0.03621840476989746 0.06765623092651363
0 0.46574764251708983 0.1891872525215149 0.06806316375732424 0.24596860408782956
1 0.3205856800079345 0.17830474376678468 0.06712932586669923 0.2509175777435303
14 0.41362141370773314 0.44032783508300777 0.040524506568908714 0.06767673492431642
47 0.37606186866760255 0.6369969367980957 0.03226099014282224 0.0682747840881347
24 0.5521337032318114 0.6493278980255126 0.03351602554321287 0.061119461059570335
15 0.3249135255813599 0.4371108531951904 0.0429081916809082 0.06442766189575194
26 0.5874399185180663 0.6521722793579101 0.03595600128173826 0.057595252990722656
14 0.3700489521026611 0.43848648071289065 0.043521595001220714 0.06586818695068358
47 0.44675903320312504 0.6396580696105958 0.033307266235351574 0.06962718963623049
3 0.24209134578704833 0.173385214805603 0.08434042930603025 0.25658841133117677
19 0.6192646503448487 0.4542886734008789 0.03972358703613288 0.06475076675415037
16 0.5364392280578614 0.45026159286499023 0.03933372497558596 0.0629632949829102
25 0.3473839282989502 0.5413639068603515 0.0369387626647949 0.06659393310546868
19 0.27053084373474123 0.5371151924133301 0.038900184631347645 0.0710592269897461
26 0.6236642837524414 0.6533030033111573 0.03519363403320308 0.057298564910888694
16 0.5769127845764159 0.4527103424072265 0.04082717895507815 0.06304531097412108
23 0.30946133136749265 0.5395311832427978 0.03641381263732907 0.06823539733886719
25 0.42195639610290525 0.545781421661377 0.03579168319702147 0.06501226425170892
25 0.5304641723632812 0.5519726276397705 0.03555946350097661 0.06618738174438477
56 0.30160787105560305 0.6339924812316895 0.03473525047302245 0.0678548812866211
25 0.6022729873657227 0.5567879676818848 0.03600111007690421 0.06596717834472665
29 0.5257999195772058 0.8638269761029411 0.04487879136029416 0.13140510110294112
16 0.4527449131011963 0.44171576499938964 0.036767005920410156 0.06751823425292969
29 0.5750317573547363 0.8661059379577636 0.05175161361694336 0.13303222656250002
56 0.26358804702758787 0.6318543434143067 0.03982143402099608 0.07103357315063474
19 0.6655476093292236 0.46032266616821294 0.04568557739257817 0.07665138244628905
12 0.5862985610961914 0.7389362335205079 0.057763099670410156 0.08678159713745115
25 0.45905046463012694 0.5474164962768555 0.0353263854980469 0.06520519256591795
17 0.28038897514343264 0.4353065013885498 0.04056243896484374 0.06330928802490232
25 0.38525214195251467 0.5439581871032715 0.03612632751464845 0.06511764526367192
28 0.4321698413175695 0.7335480718051686 0.03539032655603741 0.09272803699269017
16 0.4947954177856445 0.4475192546844482 0.04293880462646488 0.0636585235595703
29 0.4782761826234705 0.8622360453886144 0.04801450056188239 0.12894130033605244
17 0.23800389766693114 0.4359886646270752 0.04048871994018555 0.07253789901733398
28 0.395834493637085 0.732326602935791 0.036292362213134755 0.09353275299072261
25 0.6387524604797363 0.5612957000732421 0.036375999450683594 0.06707592010498054
28 0.3576206684112549 0.7302730083465576 0.03876819610595705 0.09382562637329106
25 0.4946451187133789 0.5492285251617431 0.03447074890136714 0.06558370590209961
25 0.5663066864013672 0.5543402194976808 0.034816741943359375 0.06576070785522459
29 0.4298048973083496 0.8605213165283203 0.04624280929565433 0.12460613250732422
28 0.31703250408172606 0.7286685466766357 0.040300989151001 0.09666872024536133
25 0.5158370971679688 0.6478148460388183 0.03478546142578126 0.06053285598754887
31 0.30558342933654786 0.8668373107910157 0.037390708923339844 0.09048728942871087
29 0.3838464755860586 0.8516902530004108 0.045326332062009755 0.12228706602066275
2 0.3931097984313965 0.18268285989761351 0.07098646163940425 0.2481446027755737
5 0.5381922721862793 0.19326635599136352 0.07131338119506836 0.2662079572677612
28 0.27860045433044434 0.7267965793609619 0.03616952896118164 0.09441041946411133
47 0.4106337666511536 0.6384030342102052 0.03324964046478268 0.07055606842041018
5 0.6120299246253037 0.19564821574746108 0.07131338119506836 0.2662079572677612
11 0.684594131097561 0.19750381097560976 0.06907393292682928 0.2635924796747967
31 0.46917851069451055 0.7346828939461032 0.03533323596392002 0.0899712566422064
31 0.5049761603860293 0.7345760569852942 0.03410788143382343 0.0897575827205882
31 0.539551362675637 0.7355666609144289 0.03532742170754932 0.09208473883290658
31 0.34280345439910886 0.8665885998652532 0.03581724533667929 0.09149227142333982
