0 0.6263862609863282 0.1068341851234436 0.09092655181884768 0.2136683702468872
15 0.5863558769226074 0.3326314210891724 0.04922618865966799 0.08661923408508299
26 0.5090024948120118 0.5663040161132813 0.037932968139648415 0.05461692810058594
15 0.6357383728027344 0.33196694850921626 0.047507190704345614 0.08591656684875487
15 0.30072388648986814 0.46444878578186033 0.04482669830322267 0.07259845733642578
15 0.47802476882934575 0.45852203369140626 0.04265766143798827 0.07075157165527346
15 0.38938174247741697 0.46253938674926753 0.043892860412597656 0.07044677734374999
29 0.5358640670776367 0.79010910987854 0.05331897735595703 0.13966722488403327
26 0.6584642887115478 0.5603252410888673 0.036329460144042924 0.0578275680541992
26 0.6215600013732909 0.5618646621704102 0.03582706451416018 0.05788288116455076
26 0.5471877098083496 0.5660701751708984 0.03804759979248051 0.053593444824218794
16 0.5671608924865723 0.45508260726928706 0.044361782073974676 0.06888122558593751
16 0.5223995208740235 0.45680265426635747 0.0429414749145508 0.06802911758422853
2 0.5328621864318848 0.10880591869354247 0.09135227203369145 0.2169196605682373
15 0.43392000198364256 0.46049866676330564 0.04331388473510739 0.06966390609741208
17 0.38139886856079097 0.3354248523712158 0.05086345672607423 0.08813924789428712
2 0.43630352020263674 0.10850632190704346 0.09305191040039062 0.21648201942443845
29 0.48162069320678713 0.7913468360900879 0.053026008605957076 0.1399208068847656
15 0.3454360723495483 0.4637037754058838 0.04299168586730956 0.0721139907836914
17 0.4334588527679443 0.3347602367401123 0.052170848846435525 0.08649072647094724
15 0.6873749732971192 0.33072471618652344 0.0520990371704102 0.08586883544921875
16 0.6571175098419189 0.4536187171936035 0.04308233261108396 0.06642341613769531
17 0.485697603225708 0.3342759370803833 0.04972953796386714 0.08684558868408204
19 0.4294106483459473 0.5684903144836426 0.03791389465332029 0.05819149017333991
29 0.4265772938728333 0.7953654289245606 0.05603787899017337 0.1405509948730469
17 0.3296481132507324 0.3364575862884521 0.05115633010864257 0.08959650993347168
19 0.34419548511505127 0.5673259258270265 0.04671850204467776 0.06902418136596677
17 0.5356838226318359 0.33237426280975346 0.04800329208374021 0.08796210289001466
16 0.6125340461730957 0.4538703441619873 0.042975425720214844 0.06804380416870115
29 0.36485915184021 0.8014930725097656 0.06416873931884765 0.14596729278564458
17 0.27512693405151367 0.34440112113952637 0.05516533851623537 0.09925422668457029
26 0.5849754810333252 0.5643241882324219 0.03643989562988281 0.05539703369140625
19 0.3886148452758789 0.5673259735107421 0.04147186279296877 0.065555477142334
28 0.6394202232360839 0.6541348457336427 0.03658065795898435 0.081851863861084
29 0.5889987945556641 0.7881918907165528 0.0503332138061523 0.14073696136474612
19 0.4688118934631348 0.567206859588623 0.039376068115234364 0.057793712615966886
28 0.6002217292785644 0.6567415714263916 0.04010086059570317 0.08078918457031248
1 0.3443073987960815 0.10901508331298829 0.08197398185729982 0.21803016662597657
3 0.24207751750946044 0.11098802089691162 0.11646866798400879 0.22183732986450194
28 0.559816551208496 0.6593357086181642 0.03991298675537103 0.08040294647216795
51 0.41525381803512573 0.666312837600708 0.033383202552795366 0.08170957565307613
5 0.720059585571289 0.10502347946166993 0.09348907470703127 0.205718994140625
28 0.5197876930236817 0.6602967262268067 0.04004707336425778 0.08022537231445315
51 0.4499808311462402 0.6638917446136474 0.03445739746093751 0.0818411827087403
28 0.6316098690032959 0.8095341444015502 0.03194627761840818 0.08503327369689939
