18 0.464903736114502 0.5728368759155273 0.04883975982666017 0.0861719131469727
24 0.5628409385681152 0.5732924938201904 0.04653797149658212 0.09095201492309579
18 0.4137214183807373 0.5729767799377441 0.050800704956054654 0.08524017333984368
26 0.7133145332336426 0.575550651550293 0.04838409423828116 0.09179210662841797
18 0.26344268321990966 0.39337615966796874 0.05387463569641113 0.08847846984863283
17 0.6558015823364258 0.4025407791137695 0.05353832244873047 0.09040689468383789
17 0.5376884460449218 0.40085649490356445 0.05582771301269529 0.08955183029174807
55 0.3926907300949097 0.7323803901672363 0.04396510124206543 0.1317619323730468
19 0.4738333225250244 0.39975435733795167 0.04926185607910161 0.08871674537658691
54 0.29885029792785645 0.7312505722045899 0.045196819305419966 0.1346981048583985
24 0.6623758316040039 0.5751820564270019 0.04920816421508789 0.09154891967773438
19 0.42385916709899907 0.3990269899368286 0.04793148040771483 0.08781189918518062
16 0.2087923288345337 0.5693702697753906 0.053659582138061546 0.08784103393554688
47 0.25566864013671875 0.18498685359954833 0.05327835083007815 0.10474734306335448
0 0.6510809898376464 0.9197656631469726 0.06829109191894533 0.16046867370605467
19 0.3626320838928223 0.5724982261657715 0.049523067474365245 0.08602333068847656
26 0.7646041870117187 0.5771594047546387 0.051159667968750044 0.09170169830322261
19 0.3724813938140869 0.3964714050292969 0.05200529098510742 0.08983020782470702
18 0.20676510334014891 0.39169235229492183 0.05601077079772951 0.08915205001831056
17 0.7090457439422607 0.40293350219726565 0.0502527236938477 0.08976154327392577
17 0.7816699028015137 0.4100874066352844 0.05609626770019538 0.10427796840667725
52 0.5300123214721679 0.7319741249084473 0.04539127349853522 0.1353639602661132
14 0.5144528388977051 0.573503589630127 0.047100067138671875 0.0892967224121094
59 0.2519163370132446 0.7313740730285645 0.04594764709472654 0.132839298248291
47 0.3127234935760498 0.18464760780334472 0.0556351661682129 0.10891985893249512
52 0.4840091705322266 0.7319120407104492 0.04200630187988286 0.1363697052001953
18 0.3178226470947266 0.39512813091278076 0.05351171493530271 0.08883023262023926
16 0.3115668535232544 0.5716084480285645 0.04863233566284181 0.08567333221435547
16 0.2613379955291748 0.5701117515563965 0.049015951156616194 0.0867757797241211
17 0.5940336227416991 0.4022372245788574 0.0542579650878906 0.09031867980957031
2 0.21508679389953614 0.9189949989318847 0.07120628356933595 0.1620100021362305
25 0.6119933128356934 0.5737111568450928 0.049003982543945224 0.09111375808715816
2 0.2920440912246704 0.9198132514953613 0.07414302825927732 0.1603734970092774
59 0.2039264917373657 0.7307517528533936 0.04680433273315429 0.1355170249938964
5 0.5810050010681151 0.9198232650756836 0.06823787689208982 0.1600799560546875
47 0.3689695358276367 0.18758533000946045 0.05261459350585934 0.10674314498901366
0 0.716556453704834 0.9177334785461426 0.05978107452392578 0.16453304290771487
4 0.43998317718505864 0.9198124885559082 0.06778030395507811 0.16035499572753908
54 0.34633669853210447 0.7325791358947754 0.04586114883422848 0.13290195465087895
56 0.5783097267150878 0.19341596364974978 0.04975872039794915 0.10488150119781495
47 0.19589397907257078 0.1846139669418335 0.04659094810485839 0.10220999717712403
56 0.5279927253723145 0.19137881994247435 0.0492964744567872 0.10707533359527588
4 0.3680091857910156 0.9194840431213378 0.06988277435302731 0.16071166992187502
55 0.4386634826660156 0.7320796012878418 0.04430809020996096 0.1332170486450195
5 0.510603666305542 0.9168313980102538 0.06894721984863278 0.16479530334472658
56 0.6363928558000551 0.1953307920811223 0.04975872039794915 0.10488150119781495
