52 0.5573644638061523 0.5301485061645508 0.020994186401367188 0.06387176513671872
18 0.40884909629821775 0.7034418106079101 0.022604656219482433 0.04957599639892585
47 0.5261411666870117 0.3664709568023682 0.02475605010986337 0.06176700592041012
17 0.2321244716644287 0.4606154441833496 0.024773311614990245 0.0460352897644043
18 0.3858494758605957 0.7038617134094238 0.021906566619873002 0.04950065612792964
18 0.36338660717010496 0.7042546272277832 0.021691703796386685 0.05004272460937509
47 0.7067158699035645 0.36639153957366943 0.025965118408203147 0.06138300895690918
47 0.5009918212890625 0.3664094924926758 0.02391595840454097 0.06285009384155271
5 0.5411202430725097 0.844838809967041 0.03190078735351565 0.10068893432617188
47 0.5522147655487061 0.36613457202911376 0.024462223052978516 0.06071352958679199
18 0.3403346061706543 0.7040655612945557 0.02313399314880371 0.049445056915283114
47 0.5776531219482421 0.36637449264526367 0.023166465759277277 0.06047811508178713
54 0.6455657005310058 0.5300122261047363 0.020674705505371094 0.06598014831542964
47 0.6016988754272461 0.36649627685546876 0.023253536224365323 0.06040277481079104
19 0.4123820781707764 0.6320134162902833 0.023135280609130837 0.0530275344848633
19 0.38868155479431155 0.631956672668457 0.022939586639404264 0.05314350128173828
56 0.2532063961029053 0.35547866821289065 0.024971961975097684 0.052892494201660145
56 0.33191852569580077 0.35489277839660643 0.025396966934204124 0.05282783508300781
5 0.37479219436645506 0.8511905670166016 0.031229114532470736 0.09397735595703116
19 0.3648692607879639 0.6320095062255859 0.02320098876953125 0.0522808074951171
47 0.6539032459259033 0.3668435096740723 0.023749923706054776 0.060537147521972645
59 0.6960492134094238 0.6298845291137696 0.022008419036865234 0.0665208816528321
17 0.2833014965057373 0.4618647575378418 0.025012159347534146 0.045577621459960915
56 0.4102654933929443 0.35410995483398433 0.02355756759643557 0.05097990036010741
14 0.26703934669494633 0.6321072578430176 0.02337617874145509 0.05058021545410152
15 0.3330169916152954 0.4642884254455566 0.023807048797607422 0.05053882598876952
26 0.5850028038024903 0.6368828773498536 0.020779418945312544 0.04973258972167971
47 0.6796324729919434 0.36681103706359863 0.025563812255859353 0.0614198684692383
5 0.5739754676818847 0.8452990531921387 0.030436897277832053 0.10036697387695315
26 0.5632790565490722 0.6364835262298584 0.021014308929443337 0.049383354187011674
52 0.5796502113342286 0.529701042175293 0.020942306518554665 0.06492061614990235
47 0.6281946182250977 0.3666324853897095 0.025598144531249978 0.06004810333251953
14 0.24294180870056153 0.6319376945495605 0.023754119873046875 0.05118780136108392
19 0.3404287338256836 0.6317362308502197 0.02344226837158203 0.05157003402709959
16 0.2842952966690063 0.5430480480194092 0.024135065078735363 0.04398012161254883
56 0.3577120780944824 0.35553812980651855 0.024280071258544922 0.05448703765869145
56 0.2804090976715088 0.35523555278778074 0.025984001159667924 0.053225088119506825
59 0.6721040725708007 0.6268763542175293 0.022300529479980402 0.06964168548583993
59 0.6272644996643066 0.6269796371459961 0.020118141174316317 0.06699771881103522
17 0.20662739276885989 0.46043996810913085 0.02431712150573731 0.0472532272338867
25 0.27378714084625244 0.765450382232666 0.021767902374267623 0.046698570251464844
18 0.4293365955352783 0.7030239105224609 0.01785898208618164 0.0498601913452148
54 0.6234786033630371 0.5296899318695069 0.020657348632812433 0.06608476638793942
54 0.6018462657928467 0.5294357299804688 0.02033710479736328 0.06608715057373049
34 0.5656436443328857 0.45903191566467283 0.022336959838867188 0.04949645996093749
5 0.27574968338012695 0.8518677711486816 0.03181424140930178 0.09428596496582031
16 0.38222560882568357 0.5427173614501953 0.023869419097900357 0.04228286743164067
16 0.35785050392150874 0.5432987213134766 0.02375345230102538 0.042604255676269576
16 0.23613877296447755 0.5426639556884766 0.02257452011108399 0.04595470428466797
5 0.6055107593536377 0.8442140579223633 0.03138170242309568 0.10141925811767583
33 0.49598059654235843 0.45938892364501954 0.020918750762939475 0.05151557922363281
16 0.30922713279724123 0.5434464931488037 0.024067497253418002 0.04373874664306643
14 0.3159937381744385 0.6321176528930664 0.023852729797363303 0.051131916046142534
14 0.29137144088745115 0.6319490432739259 0.023947334289550815 0.050542259216308616
5 0.5095300197601318 0.8450899124145508 0.029093551635742176 0.10178909301757821
24 0.3876770257949829 0.7636420249938964 0.021552896499633767 0.04981040954589844
16 0.2596883773803711 0.5427182197570801 0.02397785186767576 0.04500913619995117
26 0.541370964050293 0.6359901428222656 0.02136297225952144 0.04951534271240243
56 0.38382883071899415 0.3554816246032715 0.024989748001098655 0.0534792900085449
59 0.6492774963378907 0.6266259193420409 0.020647430419921897 0.06787815093994143
26 0.4974115371704102 0.6360827445983886 0.02219696044921876 0.04930477142333989
33 0.5421162605285645 0.4584312438964844 0.02281608581542971 0.04800395965576176
5 0.3088399887084961 0.8507715225219727 0.03142213821411133 0.09577026367187502
24 0.4104264259338379 0.7634293556213378 0.021922492980957053 0.050447940826416016
16 0.3335379362106323 0.5432990550994874 0.02358942031860356 0.04279699325561526
24 0.34227035045623777 0.7641850471496582 0.021858358383178678 0.048518371582031206
26 0.5195574760437012 0.6363533020019532 0.021521568298339844 0.04901332855224616
5 0.34183645248413086 0.8513748168945312 0.03226318359375002 0.09457015991210938
25 0.2960973262786865 0.765019416809082 0.021715974807739236 0.0461772918701171
24 0.36502790451049805 0.7638990402221679 0.022659015655517534 0.049566459655761785
5 0.6372498512268067 0.8429426193237305 0.0306756973266602 0.1027429580688477
15 0.3574211835861206 0.4635424137115478 0.02329282760620116 0.04922933578491212
16 0.4062602996826172 0.5422896385192871 0.023263931274414062 0.042616081237792924
24 0.430063533782959 0.7624520301818847 0.016416549682617188 0.04945983886718752
26 0.6062897682189942 0.6371955871582031 0.020923423767089888 0.049337005615234464
15 0.3818879365921021 0.46484489440917964 0.023371505737304676 0.05293912887573243
8 0.5819403171539307 0.7201250076293946 0.03030042648315434 0.09776725769042971
33 0.5185449600219727 0.45925874710083003 0.022735977172851585 0.04950885772705077
25 0.31913442611694337 0.7645653724670409 0.02227077484130857 0.046552085876464866
17 0.25764923095703124 0.461631965637207 0.02476081848144529 0.045903396606445324
17 0.3084255695343018 0.46209745407104497 0.024049758911132812 0.045877647399902355
5 0.40683507919311523 0.8501726150512696 0.03070001602172856 0.09410133361816408
25 0.25177028179168703 0.7658247947692871 0.021093177795410145 0.04658451080322257
19 0.43079414367675783 0.6315653324127197 0.014325141906738281 0.0525517463684082
5 0.5490176200866699 0.7189484596252441 0.03200321197509759 0.10227680206298828
15 0.40639533996582033 0.4663718223571778 0.022871971130371094 0.056093406677246105
16 0.2131061553955078 0.5422102928161621 0.022655296325683583 0.04836540222167962
18 0.316725492477417 0.7039865493774413 0.022877883911132768 0.04905757904052732
5 0.4317327976226807 0.8503240585327149 0.018394660949707042 0.09581069946289067
56 0.22702581882476808 0.35544097423553467 0.022778558731079118 0.051547241210937456
51 0.5358512878417969 0.5299565315246582 0.019573211669921875 0.06369514465332038
51 0.5144153594970704 0.5302030563354492 0.019913578033447288 0.06508369445800788
56 0.20234985947608947 0.35544276237487793 0.025092971324920638 0.05139856338500981
23 0.24734179973602294 0.703676414489746 0.021459913253784157 0.04770669937133787
18 0.2701861381530761 0.703762674331665 0.022467899322509755 0.047729110717773415
55 0.6676684856414795 0.5301125049591064 0.021842479705810547 0.06636228561401364
16 0.4276105880737305 0.5425103664398193 0.01889667510986326 0.04510755538940425
55 0.6899227142333985 0.5297676086425781 0.02097606658935547 0.06752090454101561
5 0.5153567314147949 0.7182782649993896 0.0317463874816894 0.09944677352905273
34 0.6130942344665528 0.460265064239502 0.023143005371093706 0.053194236755371105
34 0.5890731334686279 0.46021575927734376 0.02229042053222663 0.0525665283203125
23 0.22516417503356934 0.7051040172576905 0.020923137664794922 0.050215053558349654
51 0.4947621433358445 0.5285215310883103 0.01638832175940841 0.0634339115075897
8 0.6162056680311236 0.7209816414013244 0.03030042648315434 0.09776725769042971
8 0.6479011175925271 0.7218382751732539 0.03030042648315434 0.09776725769042971
8 0.6821664684697201 0.7235515427171137 0.03030042648315434 0.09776725769042971
56 0.30610695710548985 0.35625603199005124 0.018801955076364396 0.051798332654512835
