26 0.589237642288208 0.4961229801177979 0.04040584564208982 0.07685985565185544
14 0.580223560333252 0.17159385681152345 0.04591255187988286 0.08336157798767088
18 0.30706057548522947 0.37266900539398196 0.051218223571777355 0.08374819755554203
14 0.6271074295043946 0.1711970329284668 0.04537630081176758 0.08190517425537108
47 0.6706621170043945 0.4837765693664551 0.039842510223388694 0.08729038238525394
16 0.5316396236419678 0.1727839946746826 0.04816808700561526 0.08351058959960939
16 0.43614397048950193 0.17440463304519654 0.04876995086669922 0.08570334911346436
24 0.5038525581359863 0.503076171875 0.04199199676513671 0.0783522605895996
16 0.48425002098083497 0.1736163258552551 0.0452445983886719 0.08430430889129639
24 0.5465653896331787 0.5007549285888672 0.04201574325561519 0.07528743743896488
25 0.5343409538269043 0.35818755626678467 0.04457206726074214 0.08031163215637205
13 0.6732611656188965 0.7631155967712402 0.07350234985351567 0.1437664031982422
5 0.6007352828979492 0.7409275531768799 0.06251125335693364 0.22043199539184566
25 0.35556683540344236 0.3695731878280639 0.043268680572509766 0.08293251991271972
17 0.2826796293258667 0.17924790382385253 0.054343461990356445 0.08434133529663088
25 0.49012775421142574 0.36092875003814695 0.04126911163330077 0.08138794898986818
25 0.6246928691864013 0.35160307884216313 0.04429817199707031 0.08017759323120116
25 0.40154333114624025 0.36685771942138673 0.04430475234985354 0.08275804519653318
25 0.5794977664947509 0.35373902320861816 0.04295215606689451 0.07980823516845703
17 0.33529357910156254 0.17734622955322266 0.04895167350769042 0.08473792076110842
25 0.4467631340026855 0.3633283138275146 0.04316196441650394 0.07976703643798827
59 0.424211311340332 0.7993578910827637 0.03345012664794922 0.12724094390869145
25 0.6695011615753175 0.35043911933898925 0.04300775527954104 0.08127140998840332
17 0.3850415229797363 0.17622885704040528 0.048566341400146484 0.08553481101989746
2 0.5358494758605957 0.743335485458374 0.06215648651123051 0.22327432632446298
24 0.4603571891784668 0.5069742679595948 0.04506397247314453 0.08016529083251955
54 0.38416903018951415 0.8130643844604493 0.04555153846740723 0.1200223922729492
24 0.41556944847106936 0.5116823196411133 0.04280900955200195 0.0789716720581054
24 0.37185139656066896 0.5145020961761475 0.04477539062500002 0.08113193511962896
19 0.6772614479064941 0.17759315967559813 0.04639415740966801 0.09659962654113771
24 0.32438368797302247 0.5219244003295899 0.04920282363891604 0.09139862060546872
1 0.47318010330200194 0.74958815574646 0.06209907531738279 0.22364168167114262
56 0.6311928353658537 0.48566120426829273 0.040015243902439046 0.09193978658536589
52 0.369926120923913 0.6865128226902173 0.05307404891304346 0.13321586277173914
51 0.33463187839673914 0.8213209069293478 0.04617442255434784 0.10986328125
