36 0.2091728344298246 0.5919339364035088 0.11136239035087714 0.07709703947368418
36 0.3231051260964912 0.5893640350877192 0.11478892543859648 0.0719572368421052
36 0.43875068530701755 0.5867941337719298 0.11478892543859648 0.0719572368421052
36 0.5569661458333334 0.5850808662280702 0.11478892543859653 0.0719572368421052
36 0.6708984375 0.5833675986842104 0.11478892543859653 0.0719572368421052
36 0.7591317160087719 0.8938973410087718 0.13020833333333326 0.10365268640350878
36 0.6216419956140351 0.8943256578947367 0.13620476973684204 0.10279605263157898
36 0.47986910635964897 0.9050335800438596 0.14391447368421023 0.10022615131578949
36 0.33723958333333326 0.8998937774122806 0.1293516995614033 0.10536595394736836
36 0.2040330317982455 0.9016070449561402 0.1370614035087716 0.10707922149122806
