14 0.5965051651000977 0.10708577632904052 0.030710029602050826 0.05565245151519774
19 0.46852660179138184 0.19566634893417356 0.030059432983398415 0.05569555759429931
15 0.5006837368011474 0.09978770017623902 0.03060359954833991 0.057667469978332525
26 0.4717568397521973 0.41272554397583006 0.029338264465331998 0.06384477615356449
23 0.5297071456909179 0.19911229610443115 0.029503154754638605 0.05543627738952639
41 0.4910611152648926 0.7296388626098633 0.04597797393798825 0.04932212829589844
52 0.5548364162445067 0.29875590801239016 0.027195835113525413 0.07938342094421386
41 0.4897710800170898 0.7807373046875 0.04610252380371088 0.050143432617187456
41 0.49196310043334956 0.677212905883789 0.0446460723876953 0.0533012390136719
26 0.44287657737731934 0.4117329716682434 0.03017988204956057 0.06604192256927488
18 0.49925236701965336 0.1975014925003052 0.029309463500976574 0.05530433654785158
59 0.4985864639282227 0.46508712768554683 0.026283454895019542 0.07479457855224608
14 0.5652451038360595 0.10419888198375701 0.030326652526855402 0.056352049112319946
19 0.4380161285400391 0.20264334678649903 0.029254341125488303 0.07518172264099121
41 0.540721321105957 0.7288928985595704 0.041798400878906294 0.04875030517578127
41 0.5392834186553954 0.778126335144043 0.04143915176391599 0.050504875183105424
16 0.690976905822754 0.11257603168487548 0.03183517456054685 0.053653860092163094
26 0.43982229232788084 0.4761277198791504 0.029206085205078114 0.05319776535034182
29 0.6341123104095459 0.7141886711120605 0.04967718124389642 0.1696619987487793
16 0.6588207244873048 0.1105211764574051 0.02994594573974607 0.05389994978904725
15 0.5329171180725097 0.10214275121688843 0.03235845565795903 0.057805156707763664
25 0.5617129325866699 0.20162630677223203 0.03047170639038088 0.05618599653244019
16 0.6278899192810059 0.10848834216594697 0.02939682006835931 0.05491228699684143
41 0.5431359767913819 0.6760229110717773 0.04115095138549807 0.05250129699707029
41 0.4352699279785156 0.7839238166809082 0.04442567825317384 0.048661231994628906
54 0.5841097831726074 0.2997423648834229 0.02792148590087895 0.07854652404785156
17 0.46888618469238286 0.09726409912109375 0.031818675994873036 0.05732331275939942
43 0.5882482528686523 0.6776640892028809 0.04093112945556632 0.03570270538330078
25 0.5920162200927734 0.2033904016017914 0.02854309082031259 0.0558296322822571
56 0.67138991355896 0.3120694637298584 0.030645465850830056 0.06271705627441404
17 0.4359471321105957 0.10496138334274291 0.032492637634277344 0.07549221515655517
28 0.5665475845336914 0.4525447845458984 0.03270149230957031 0.10449962615966796
47 0.6403693199157714 0.31101503372192385 0.026777648925781272 0.061988162994384755
41 0.43736696243286133 0.7321980953216553 0.04573135375976567 0.051332950592041016
24 0.6212974548339845 0.20450907349586486 0.02836551666259768 0.05646723508834839
41 0.43940324783325196 0.6782791137695312 0.0491518020629883 0.0539421081542969
46 0.5032446251248481 0.5885517758918819 0.059205886907411076 0.043706575474536824
51 0.5267215728759767 0.29732189178466795 0.025999450683593772 0.07960896492004393
28 0.600666093826294 0.45299835205078126 0.032568836212158225 0.10639295578002927
51 0.6118388652801514 0.3014331340789795 0.026485919952392578 0.0775932312011719
42 0.5841759681701659 0.7824636459350586 0.04281911849975584 0.0354461669921875
46 0.5645931493017144 0.5897908116813907 0.061684181446446384 0.044236392689464665
26 0.4700230598449707 0.4749920845031739 0.028916358947753906 0.054501724243164074
34 0.4363567073170732 0.30368711890243905 0.02953506097560976 0.059546493902439046
32 0.5308289712607605 0.4504201880828551 0.038410991302008535 0.11097364822453382
36 0.4516006097560976 0.5418730945121952 0.054306402439024404 0.03382240853658536
36 0.44850419207317077 0.5766482469512195 0.050971798780487854 0.03286966463414631
42 0.5869758111674611 0.749891241585336 0.03889136546995586 0.030324224146401124
42 0.5879285550699002 0.7179743208536287 0.03889136546995586 0.030324224146401124
46 0.626271541216781 0.588669702775352 0.06204154973601417 0.041120911000295135
