23 0.33164904117584226 0.5698851585388184 0.03297829627990723 0.06731338500976558
52 0.46201887130737307 0.18128328323364257 0.028070449829101562 0.10441422462463379
14 0.3552741527557373 0.4562986373901367 0.03176593780517578 0.07473411560058596
18 0.4290717124938965 0.561857795715332 0.030605220794677757 0.06294422149658208
23 0.5390726089477539 0.44311747550964353 0.028075218200683594 0.06526756286621094
47 0.3278106689453125 0.1913533926010132 0.03378777503967284 0.08738698959350585
18 0.48999295234680174 0.5582094192504883 0.03204154968261719 0.06358680725097665
47 0.3633237361907959 0.19005508422851564 0.03570842742919922 0.08590183258056641
24 0.43567566871643065 0.6613945960998535 0.02901172637939453 0.06613893508911128
18 0.459229564666748 0.5594727516174316 0.029163742065429654 0.06445980072021484
17 0.3151684284210205 0.31727199554443364 0.032814407348632835 0.07729597091674806
14 0.3220737457275391 0.4573037147521972 0.03258209228515624 0.07392053604125975
23 0.367223072052002 0.5658561229705811 0.03228111267089845 0.06447048187255855
24 0.4654985904693604 0.6585194587707519 0.029874515533447277 0.06344165802001955
15 0.4146110057830811 0.3150931358337402 0.034113121032714855 0.07735910415649411
16 0.5409784317016602 0.3126871109008789 0.030406761169433638 0.0751467704772949
23 0.5688797950744628 0.441900634765625 0.03015632629394538 0.06424350738525392
26 0.5539706230163575 0.6504950523376465 0.02870388031005866 0.0624042510986329
16 0.4792153358459472 0.31390972137451173 0.031184959411621083 0.07533407211303711
26 0.5829353332519531 0.648531150817871 0.0270177841186523 0.06141395568847663
14 0.3875230550765991 0.4540221214294433 0.03152432441711428 0.07407302856445314
26 0.49583921432495115 0.6548409461975098 0.028080463409423828 0.06170845031738281
14 0.4190197467803955 0.4527247428894043 0.02965602874755857 0.07257881164550783
28 0.5960062980651856 0.8441273689270019 0.03797988891601567 0.11663799285888665
28 0.3083481788635254 0.8846174240112306 0.044553852081298806 0.13220825195312502
26 0.5246123313903808 0.6526906967163086 0.02825508117675779 0.06215095520019531
54 0.49177341461181645 0.18057529926300048 0.03047008514404298 0.10530972480773926
16 0.5104114532470703 0.3137911319732666 0.030146980285644553 0.07460074424743651
28 0.5141104698181153 0.8534990310668945 0.039795875549316406 0.11816005706787114
17 0.28098406791687014 0.3174308776855469 0.03515472412109372 0.07784814834594728
56 0.25655317306518555 0.19024620056152344 0.035058021545410156 0.08695454597473146
17 0.3478779554367065 0.31660938262939453 0.03247570991516113 0.07839488983154297
28 0.5557754516601563 0.8466855764389039 0.039603900909423895 0.1205479145050049
56 0.2919293403625488 0.1904505491256714 0.03331527709960941 0.08626189231872561
28 0.350818395614624 0.8753978729248046 0.04034576416015623 0.13002815246582033
14 0.2876880645751953 0.4573791980743408 0.03441820144653318 0.07360506057739258
17 0.3804594993591308 0.3166393518447876 0.032715511322021495 0.0778027534484863
25 0.34131555557250975 0.672783088684082 0.03352832794189453 0.06806678771972663
24 0.3737478256225586 0.6669303417205811 0.031003952026367188 0.06827449798583984
16 0.5710369110107422 0.31229825019836427 0.029071044921874956 0.07306542396545412
19 0.4800023078918457 0.448095703125 0.02987976074218751 0.06755542755126953
25 0.5204984188079834 0.5537989616394043 0.0276086807250977 0.061624336242675715
25 0.3074887990951538 0.6736081600189209 0.03156952857971196 0.06985063552856441
16 0.44783182144165035 0.3147892475128174 0.030595111846923817 0.07682266235351565
25 0.5486974716186523 0.5514741897583008 0.028200149536132812 0.06092472076416011
25 0.5777892112731934 0.5498903274536133 0.028220653533935547 0.06009197235107422
24 0.4049382209777832 0.6638628482818604 0.03004102706909184 0.06761932373046875
59 0.43106918334960936 0.18103220462799072 0.032308006286621116 0.10728807449340821
19 0.4495371341705322 0.45014214515686035 0.029539108276367188 0.06892595291137693
23 0.3983542442321777 0.5628810405731202 0.030335712432861317 0.06338510513305662
28 0.4727995872497559 0.8562743902206421 0.04262561798095704 0.12318425178527836
23 0.29751725196838374 0.5721078872680665 0.033443164825439464 0.06926498413085935
28 0.390567135810852 0.8699142456054687 0.03956265449523927 0.12849044799804688
28 0.43119382858276367 0.863344383239746 0.040597724914550826 0.1282264709472657
18 0.39809393882751465 0.5629739761352539 0.03033580780029299 0.06345643997192374
19 0.5098082542419433 0.44520215988159184 0.02860965728759768 0.06593055725097657
23 0.5101176261901855 0.44514942169189453 0.02801761627197269 0.06524181365966797
56 0.3977707862854004 0.19024630784988403 0.03234739303588868 0.08850724697113038
28 0.4730271339416504 0.8559957504272461 0.04264087677001954 0.12268924713134766
55 0.5250565378289473 0.17989309210526316 0.02312911184210531 0.09251644736842105
