61 0.36000635623931887 0.7431603431701661 0.055786228179931674 0.058615589141845725
61 0.4223402857780456 0.8033222198486327 0.05368502140045167 0.05542430877685545
41 0.2328024387359619 0.7347856521606446 0.05332016944885254 0.05340156555175779
41 0.23765666484832765 0.7923424720764161 0.05172920227050781 0.052850532531738215
41 0.2437507152557373 0.8449741363525392 0.05001869201660153 0.047500228881835915
41 0.1681817412376404 0.6687777042388916 0.05359079837799072 0.06101312637329093
41 0.22886488944028335 0.6758204460144043 0.052724075317382824 0.06077861785888672
41 0.18197181224823 0.7870002746582032 0.04835572242736816 0.05180778503417971
41 0.2966547966003418 0.7972455024719238 0.051989459991455045 0.05046825408935551
41 0.2934284687042237 0.7403930664062499 0.053703975677490245 0.05596294403076174
45 0.714252233505249 0.774535846710205 0.0772973060607911 0.10854339599609375
61 0.4226000905036926 0.857696533203125 0.053319334983825684 0.053777313232421964
61 0.3640445709228516 0.8527549743652344 0.052863979339599576 0.04913902282714844
41 0.18866896629333496 0.8385790824890136 0.04776263236999512 0.04911193847656248
41 0.3021517753601074 0.8485049247741698 0.051811981201171864 0.051124191284179665
61 0.36230788230895994 0.8007598638534545 0.052524948120117154 0.052692079544067405
61 0.3598845720291138 0.6797155380249024 0.055979013442993164 0.06378316879272461
45 0.7998993873596192 0.7819908142089844 0.08737373352050781 0.11384658813476556
44 0.41975154876708987 0.7119261741638183 0.05020084381103512 0.04720783233642578
41 0.289892315864563 0.6783964157104492 0.055790710449218794 0.06048450469970701
41 0.17407057285308838 0.7297625541687012 0.05093054771423339 0.053257751464843794
44 0.42049312591552734 0.7559148788452148 0.05145397186279299 0.03970909118652344
46 0.63232421875 0.75775146484375 0.081787109375 0.0775146484375
46 0.5535888671875 0.75164794921875 0.067138671875 0.0726318359375
