18 0.44294238090515137 0.4998043060302735 0.018818664550781294 0.04171009063720704
18 0.42308578491210935 0.5004132270812989 0.019950675964355458 0.04175186157226568
61 0.33024044036865235 0.8133406639099121 0.028313636779785156 0.03550281524658194
54 0.38039278984069824 0.6254784107208252 0.01775913238525395 0.0545141220092773
16 0.3250898838043213 0.5018555641174316 0.019832706451415993 0.04558410644531252
52 0.34401624202728276 0.6254073143005371 0.0173964023590088 0.05346937179565425
47 0.5888372898101807 0.4260186672210693 0.017957210540771484 0.04805927276611327
47 0.6864218235015869 0.4281810760498047 0.019764709472656183 0.05110912322998046
61 0.33237204551696775 0.8459440231323243 0.030704212188720714 0.031447982788085915
47 0.6481417179107666 0.42714700698852537 0.01770238876342778 0.04944019317626952
47 0.6266370773315431 0.42649173736572266 0.018869781494140647 0.04953060150146482
47 0.6666221618652344 0.4278046607971191 0.017631340026855513 0.05110530853271483
47 0.607547378540039 0.4265973091125488 0.017689895629882768 0.04878883361816405
59 0.45332632064819334 0.6252270221710206 0.01915512084960941 0.05387392044067385
61 0.4011122226715088 0.8084712028503418 0.029940128326416016 0.0384174346923829
41 0.5174606323242188 0.806705093383789 0.028413581848144465 0.04109306335449214
41 0.5516213417053222 0.8046581268310546 0.03182563781738279 0.04344043731689451
61 0.40209341049194336 0.8448930740356446 0.03128194808959961 0.0335716247558594
33 0.3057217597961426 0.5683675765991212 0.018747329711914062 0.04301986694335935
41 0.6209735870361328 0.8034817695617675 0.03187646865844718 0.04094829559326174
41 0.6545696258544922 0.8412927627563476 0.03157796859741202 0.03392562866210935
52 0.3261518716812134 0.6257033824920655 0.017541170120239258 0.05290861129760749
61 0.36497871875762944 0.8120471000671386 0.031941938400268544 0.03935604095458989
17 0.34048752784729003 0.43517656326293946 0.021617794036865257 0.04315757751464844
16 0.36434550285339357 0.5018092632293701 0.019286489486694314 0.04429998397827145
16 0.44186716079711913 0.43899736404418943 0.01942157745361328 0.045411109924316406
16 0.42134952545166016 0.43790578842163086 0.020384788513183594 0.04444046020507808
16 0.3044567108154297 0.5023003578186035 0.02009782791137693 0.04576025009155277
29 0.2998385429382324 0.8291014671325683 0.029218292236328103 0.10140552520751955
18 0.4594591140747071 0.49899768829345703 0.015158462524414051 0.041744232177734375
19 0.38376278877258296 0.5015286445617676 0.01925010681152345 0.043809318542480435
44 0.6639037132263184 0.7452510356903077 0.03088169097900395 0.023644542694091775
23 0.5300440788269043 0.4909789085388183 0.018505573272705078 0.04434585571289057
41 0.6191099166870118 0.8426849365234375 0.03108139038085944 0.03338279724121096
25 0.5682236671447753 0.49143147468566895 0.01846179962158201 0.045160770416259766
33 0.2856671571731567 0.568564510345459 0.0195767879486084 0.04478788375854492
17 0.320119047164917 0.4347727298736572 0.019470024108886708 0.04346599578857424
41 0.6558173656463623 0.8034324645996094 0.03243608474731441 0.03731689453125009
54 0.36271865367889405 0.6251542568206787 0.017186546325683616 0.05369768142700204
15 0.3620414018630982 0.43613433837890625 0.020331811904907238 0.043809700012207076
46 0.44735927581787105 0.7320505619049071 0.037448596954345714 0.04563608169555666
41 0.5865016937255859 0.8042089700698852 0.03267097473144531 0.04172015190124512
16 0.34497506618499757 0.5019242286682128 0.01909217834472654 0.04478015899658205
34 0.3251521110534668 0.5692290306091309 0.017727375030517578 0.04169197082519527
16 0.28403549194335936 0.503268051147461 0.02063741683959963 0.04629135131835943
25 0.6063508033752442 0.49165482521057124 0.018529129028320268 0.045059204101562444
34 0.3439246416091919 0.5691384315490722 0.018425369262695335 0.041905784606933616
16 0.40141782760620115 0.4374509811401367 0.01906690597534183 0.04408206939697262
16 0.4593222141265869 0.4391568183898926 0.016154670715332053 0.04588718414306642
46 0.3882100582122803 0.7323882102966308 0.048154926300048806 0.041724205017089844
41 0.5507780075073243 0.8435216903686524 0.031095123291015603 0.033490562438964866
25 0.5871640205383301 0.4916492462158203 0.018868732452392623 0.04483795166015625
51 0.30744185447692873 0.6254389762878418 0.01844959259033202 0.05442504882812493
25 0.6253500938415528 0.4917292594909668 0.018549537658691384 0.04460821151733402
41 0.5847674369812011 0.8429244995117188 0.03145961761474614 0.03282051086425786
25 0.5492037773132324 0.49131927490234373 0.018369674682617188 0.04449958801269527
16 0.3824432849884033 0.43685040473937986 0.020122528076171875 0.04384584426879884
44 0.6649242401123048 0.7201532840728759 0.0321784973144531 0.0237954139709472
17 0.30005683898925783 0.4346604347229004 0.02010550498962399 0.04466896057128911
42 0.5312690734863281 0.7476990699768067 0.030282783508300826 0.023956680297851585
46 0.30056338310241704 0.726975679397583 0.037841033935546886 0.03590240478515616
17 0.2785583257675171 0.43520450592041016 0.021288251876831032 0.04634809494018555
55 0.4166046142578125 0.6259113311767578 0.017075538635253906 0.051781654357910156
46 0.3420292139053345 0.7293595790863037 0.04197635650634768 0.03892145156860349
61 0.3665761947631836 0.8466332435607911 0.030534744262695312 0.031008338928222634
44 0.6300872777539457 0.720577812708054 0.02858981582283282 0.02266378505355926
44 0.5984108924865723 0.7209287643432618 0.029944229125976496 0.023702049255371116
41 0.5173175811767579 0.845003890991211 0.027740478515625 0.03367595672607415
25 0.6438636779785156 0.491337251663208 0.018400955200195357 0.045236492156982444
42 0.5316815376281738 0.722297477722168 0.0303497314453125 0.02586288452148444
29 0.6350316047668456 0.6183065414428711 0.030705070495605447 0.11164636611938472
44 0.6304275512695312 0.7449022769927978 0.03082351684570306 0.023131942749023415
46 0.40673550500531935 0.6822667123836132 0.03860724979265506 0.037259923404828754
46 0.4454466609279206 0.6817310967302452 0.038330310956658675 0.03618869209809272
23 0.5120787620544434 0.4906158924102783 0.016740608215332076 0.04364566802978509
29 0.667699146270752 0.6179058074951171 0.03311233520507806 0.11318531036376955
19 0.40345369476713344 0.5025930178587704 0.01925010681152345 0.043809318542480435
55 0.43416677365835743 0.6267096111495098 0.017075538635253906 0.051781654357910156
55 0.3995746415057689 0.625645237852507 0.017075538635253906 0.051781654357910156
51 0.28828313513087966 0.627035536233346 0.01844959259033202 0.05442504882812493
41 0.4357699817792596 0.8114947732203013 0.028413581848144465 0.04109306335449214
41 0.43589654774367 0.8482319119840617 0.02866671377696528 0.031014037067299105
42 0.532189628149432 0.6963671389391277 0.027925966303875893 0.023308102258730923
42 0.5671624143529546 0.697513787667112 0.027925966303875893 0.023308102258730923
42 0.565442441260978 0.7233133840467598 0.027925966303875893 0.023308102258730923
42 0.5660157656249702 0.7477752235770925 0.027925966303875893 0.023308102258730923
44 0.5984108924865723 0.7457728201162559 0.029944229125976496 0.023702049255371116
44 0.5999397574572181 0.6966580329342598 0.029944229125976496 0.023702049255371116
44 0.6315205886639261 0.6952559866317332 0.02878092394416354 0.02285489317489009
44 0.6654975644762968 0.695118120178551 0.0321784973144531 0.0237954139709472
29 0.6038826284737422 0.619569337779078 0.030705070495605447 0.11164636611938472
28 0.5278496563753341 0.6386300745871665 0.02312808113302134 0.0745085407184507
28 0.5506480823863635 0.6380143055091354 0.022468770889037537 0.07543118454768272
28 0.5755256204044117 0.6386340786429012 0.025850183823529438 0.07595267015344964
36 0.29878528435204876 0.6899561479723016 0.030980608926869824 0.0257875279990587
36 0.3329314142901967 0.6909294307511737 0.036678403755868505 0.025674882629107998
36 0.368859681137568 0.6904959174394554 0.03392752347417838 0.024757922535211363
