59 0.7860673904418944 0.27381129264831544 0.02593574523925779 0.06605863571166992
0 0.5942800998687745 0.5704238891601563 0.03287229537963865 0.10493574142456052
15 0.34070487022399903 0.23523440361022951 0.02198305130004885 0.04419431686401368
29 0.3999072551727295 0.6826062202453613 0.03687410354614257 0.11345958709716797
19 0.36173651218414304 0.35263073444366455 0.022717046737670887 0.042437219619751
41 0.6875791549682617 0.5001498222351074 0.038915157318115234 0.03694915771484375
19 0.33803582191467285 0.3506325244903564 0.02341403961181643 0.0428919792175293
26 0.6950741767883301 0.3846606254577637 0.023808288574218794 0.05111589431762692
55 0.7147982120513916 0.26709575653076173 0.02139568328857422 0.062187290191650396
16 0.31270353794097905 0.34701077938079833 0.024294328689575206 0.04349327087402344
19 0.38487739562988277 0.3557389736175537 0.022947025299072277 0.04123630523681637
16 0.2891641139984131 0.3454891204833984 0.021164894104003906 0.042772388458251986
26 0.6714709758758545 0.38209877014160154 0.022755336761474565 0.05180864334106444
26 0.718960189819336 0.3877877473831177 0.023420333862304688 0.052323389053344715
41 0.6068588256835938 0.4473276138305664 0.03948917388916018 0.04638338088989258
17 0.2943096876144409 0.2318819761276245 0.023905324935913075 0.04715209007263185
1 0.4190027713775635 0.5499771595001222 0.030606842041015603 0.106906795501709
26 0.6483982086181641 0.38086984157562254 0.022925186157226496 0.05200791358947754
26 0.6247000694274902 0.37793257236480715 0.024643135070800737 0.052201414108276334
25 0.35053539276123047 0.4518959045410156 0.02135477066040037 0.04119853973388671
14 0.38751633167266847 0.24131412506103517 0.024116897583007835 0.04525871276855467
13 0.7138975143432618 0.6015751838684082 0.05013647079467776 0.07565116882324219
41 0.6490714073181152 0.45328655242919924 0.0370506286621094 0.045883941650390614
55 0.6921637535095215 0.2652886390686035 0.021495819091796875 0.061709785461425776
15 0.363748836517334 0.238887882232666 0.022726678848266624 0.043925666809082026
28 0.4308807849884033 0.7057915210723877 0.023785877227783248 0.0699694633483886
2 0.45154743194580077 0.5541448593139648 0.03238525390625002 0.10753669738769522
29 0.3333883762359619 0.6710626602172851 0.03469934463500979 0.11127719879150388
24 0.39617023468017576 0.4570409774780273 0.023495864868164074 0.0399158477783203
34 0.6001321315765381 0.3743828296661377 0.022386550903320312 0.05189495086669921
41 0.6019019126892089 0.4904768943786621 0.0408445358276367 0.03273715972900393
25 0.3286353349685669 0.4502405166625977 0.022062921524047874 0.04143238067626953
26 0.7426857948303223 0.3895882606506348 0.02345066070556645 0.05350522994995116
14 0.4850884437561035 0.25326218605041506 0.023470401763916016 0.0443991661071777
41 0.7301494598388671 0.5053108692169189 0.04180603027343743 0.034398555755615234
25 0.28382458686828616 0.44449825286865235 0.020184755325317383 0.0394929885864258
25 0.30540113449096684 0.44683685302734377 0.022384834289550792 0.040664577484130826
46 0.6358399391174316 0.7453721523284912 0.04802703857421875 0.042784690856933594
41 0.5602173805236816 0.4831709861755371 0.0349065780639648 0.03470249176025386
26 0.7667183876037598 0.39095575809478755 0.022646999359130948 0.05231041908264161
24 0.41886072158813475 0.4597163677215576 0.02260456085205076 0.04009637832641599
14 0.4116832256317139 0.2456385850906372 0.024213790893554688 0.04517240524291993
14 0.46117234230041504 0.2517382621765137 0.023921966552734375 0.043561172485351546
29 0.3651482105255127 0.6771660327911377 0.03096313476562501 0.1129381179809571
52 0.7379477977752685 0.26943364143371584 0.02231054306030278 0.06225633621215823
55 0.7606557846069335 0.27106561660766604 0.022920227050781228 0.0626657485961914
33 0.5772983074188233 0.3709616184234619 0.02136707305908203 0.051339244842529275
23 0.45472011566162107 0.3646514415740967 0.023231697082519542 0.0429817199707031
3 0.32436299324035645 0.5368303298950196 0.03094406127929683 0.1011308670043945
5 0.5617660522460937 0.5682095050811768 0.032554244995117165 0.10067758560180662
46 0.5878692626953126 0.7405588150024414 0.045348072052001975 0.04361248016357422
6 0.3889907360076904 0.5454851150512695 0.029781150817871083 0.10340862274169921
24 0.3720868349075317 0.4545526027679443 0.022524881362915028 0.04007129669189452
25 0.37265958786010744 0.4538443565368652 0.023431062698364258 0.04098930358886721
41 0.6449785232543945 0.4943450927734375 0.03918323516845712 0.03564243316650395
17 0.31777057647705076 0.23324236869812012 0.022898483276367176 0.04359741210937501
12 0.6677860836330934 0.596124662769784 0.0372358363309353 0.07657936151079137
5 0.6273887140287769 0.5796144334532374 0.02669739208633093 0.09273830935251803
29 0.2870192215597029 0.6717652231669256 0.03469934463500979 0.11127719879150388
3 0.2850194680605003 0.5333175151468181 0.03094406127929683 0.1011308670043945
41 0.5606940529563211 0.4396334850426876 0.03948917388916018 0.04638338088989258
24 0.4425349640123772 0.46326750408519396 0.02260456085205076 0.04009637832641599
23 0.48016992626768173 0.36761072187712696 0.023231697082519542 0.0429817199707031
16 0.40872130102040816 0.3580994897959183 0.018734056122448994 0.0410554846938776
16 0.4302455357142857 0.3620854591836734 0.018734056122448994 0.0410554846938776
