5 0.6530511856079102 0.8150676727294921 0.025142097473144553 0.09310207366943357
11 0.5531996366140005 0.7887512142593797 0.020250034332275346 0.08540697097778316
5 0.7110354423522949 0.8323236227035522 0.03166141510009768 0.10016026496887209
30 0.6328765557479421 0.3606535174479478 0.024352350371762532 0.10975478079753509
32 0.314453125 0.3883928571428571 0.01434948979591838 0.05181760204081637
32 0.28678442610487903 0.3894889987244897 0.012424081801594822 0.05281409438775514
32 0.27512546564569534 0.3878946109693877 0.009434604760778509 0.05400988520408162
5 0.6801482922322042 0.8263387003460445 0.028480864859916077 0.09874785268628916
30 0.6073212456088992 0.3614653468969555 0.02492864461358313 0.10863400175644022
29 0.5387853950495317 0.364362050868427 0.022542268273666455 0.09997286165748887
29 0.4169479148823798 0.3694595025510204 0.017250421601494315 0.09367028061224492
29 0.39856816714995347 0.3694595025510204 0.01769330708902267 0.09234162414965985
29 0.38238515937796985 0.36948128357547017 0.01329982716813738 0.09141229112570365
29 0.3667839243058653 0.3695085273199711 0.016600511598060752 0.09002914717411675
29 0.3495296556122449 0.370234552154195 0.016608205782312924 0.08946286848072565
29 0.3316924585331735 0.3707881590136054 0.017693307089022725 0.08746988378684811
29 0.5616164434523809 0.3651371004716016 0.021184689153439185 0.0994561619220391
29 0.5831047807849297 0.36319947646366507 0.02109409253066996 0.10178131073156294
29 0.5036498130389498 0.36539545033932647 0.024609067215465796 0.09790606271568991
29 0.4785898758696375 0.36552462527318885 0.023575667744566098 0.0960976136416159
29 0.4566301371130238 0.3662996748763635 0.02254226827366662 0.09506421417071642
29 0.43622049756275927 0.36733734292328046 0.018408670390068715 0.09455605158730157
4 0.4272412592821782 0.5918548886138615 0.023930615717821735 0.07275874071782173
