47 0.7007627487182617 0.30932192802429204 0.02735214233398442 0.07169027328491212
47 0.7298669815063477 0.3093278408050537 0.028025054931640536 0.07225604057312007
23 0.5489924907684327 0.40902129411697385 0.02574167251586912 0.06031167507171631
23 0.5757307052612305 0.4098966598510742 0.026377391815185502 0.06039237976074219
18 0.5223909854888916 0.4078189015388489 0.026751041412353516 0.060233283042907704
26 0.18626807928085326 0.5796950340270997 0.025919651985168463 0.05983314514160154
24 0.68543701171875 0.4118830800056458 0.02700519561767578 0.06335561275482177
56 0.6435549259185791 0.30834112167358396 0.02540998458862309 0.06828660964965821
56 0.6715487480163573 0.3090876579284668 0.026585197448730447 0.06945495605468749
26 0.21359455585479736 0.5792126655578613 0.027739953994750988 0.059725952148437456
34 0.2127366542816162 0.4861008167266846 0.027802467346191406 0.060754966735839855
56 0.6149255752563476 0.3071557760238648 0.02511253356933596 0.06896643638610839
16 0.3167847156524658 0.39261128902435305 0.02799367904663086 0.06160883903503417
15 0.34490354061126705 0.3021672010421753 0.02957720756530763 0.06311755180358886
25 0.657804298400879 0.411064338684082 0.02669181823730471 0.06093378067016603
16 0.2335979461669922 0.38773136138916015 0.026371669769287093 0.06116876602172849
14 0.4029898166656494 0.3052516460418701 0.027854061126708962 0.061246395111083984
26 0.29465727806091313 0.5797619819641113 0.025888729095458973 0.05751686096191411
16 0.3726332187652588 0.39605083465576174 0.026037216186523438 0.06073923110961915
26 0.24142613410949706 0.5792026996612549 0.025991344451904264 0.05798530578613281
14 0.3747133255004883 0.30382230281829836 0.02796897888183597 0.06243591308593749
26 0.2681260108947754 0.5794230461120606 0.026037406921386674 0.05730590820312498
16 0.3450291633605957 0.39457745552062984 0.02714395523071289 0.061600399017333995
16 0.28917021751403804 0.3914042949676514 0.026575517654418956 0.06139488220214845
56 0.586359691619873 0.3058123111724853 0.027533531188964844 0.06907434463500978
28 0.5989461898803711 0.6054742813110352 0.033994960784912154 0.1020669937133789
28 0.5659367561340332 0.6045945167541504 0.03196077346801751 0.10234241485595696
16 0.17832071781158448 0.3856397151947022 0.025148868560791016 0.061625289916992176
55 0.4169633865356445 0.48551115989685056 0.02239227294921875 0.07952947616577144
16 0.2057560384273529 0.386147141456604 0.027293694019317638 0.0606714725494385
25 0.6304992675781249 0.41045228242874143 0.02653846740722654 0.05990903377532958
15 0.2582197666168213 0.2973483085632324 0.03026037216186525 0.0631566047668457
15 0.2291255474090576 0.2962693691253662 0.02763481140136717 0.06183624267578125
16 0.2613339424133301 0.38981926441192627 0.027390336990356423 0.061678838729858354
41 0.6134212493896485 0.718600082397461 0.03891334533691404 0.04267587661743166
15 0.31540303230285643 0.29984297752380373 0.02785935401916506 0.06172542572021483
28 0.6329368114471435 0.608883285522461 0.03150367736816406 0.10023765563964848
18 0.49918951988220217 0.40775489807128906 0.019295215606689453 0.06103496551513676
16 0.39994082450866697 0.39696273803710935 0.026322174072265614 0.059100818634033214
46 0.5755905151367187 0.7813638687133789 0.047238731384277366 0.041955757141113326
25 0.6034924983978271 0.41014466285705564 0.02646503448486337 0.05955696105957031
28 0.5336310863494873 0.6040050506591796 0.030318641662597567 0.10231475830078118
24 0.7133240699768066 0.41184417009353635 0.0279485702514648 0.06485421657562257
15 0.28737885951995845 0.2983375549316406 0.026938486099243153 0.06157846450805665
17 0.16929562091827394 0.2942831039428711 0.027214646339416504 0.0631554126739502
59 0.32112746238708495 0.5705044746398926 0.02453193664550779 0.07565822601318362
17 0.2002620458602905 0.29473257064819336 0.02909908294677735 0.06091995239257808
41 0.6581332683563232 0.7177823543548584 0.041564655303955034 0.04558162689208989
59 0.42031002044677734 0.5715004444122315 0.020989608764648393 0.07275152206420898
24 0.7416021347045898 0.4126544833183289 0.02750606536865241 0.06572210788726807
46 0.5305195808410644 0.7835287094116211 0.039800834655761674 0.04411582946777348
43 0.5715974807739258 0.7245308399200439 0.04035377502441406 0.029313945770263694
59 0.39706788063049314 0.5710740089416504 0.02291641235351566 0.07320842742919931
59 0.34732766151428224 0.5708781242370606 0.023984527587890603 0.07557067871093748
52 0.3418576717376709 0.48302621841430665 0.023544120788574263 0.07817096710205085
52 0.36715989112854003 0.484189510345459 0.024386501312255837 0.07863044738769531
59 0.3725623607635498 0.5710913658142089 0.02387547492980957 0.0744448661804199
31 0.6631118774414062 0.6161378860473632 0.027535438537597656 0.0875276565551758
46 0.5104981422424316 0.8748218536376953 0.048754501342773426 0.061812973022460915
28 0.5032246589660645 0.6038910865783691 0.02816352844238279 0.10206890106201172
44 0.5293545722961426 0.7246595382690431 0.03953762054443355 0.026819801330566384
54 0.39313220977783203 0.48656387329101564 0.023955345153808594 0.08269205093383791
14 0.4263810157775879 0.3054064750671387 0.01862163543701173 0.061259174346923795
41 0.7060134410858154 0.7192361354827881 0.04382209777832036 0.04880542755126949
43 0.5709617137908936 0.6918740749359131 0.03801612854003911 0.033974838256836004
46 0.4950577735900879 0.7801339149475097 0.028904151916503973 0.043960189819335915
27 0.3322522388709771 0.8438847389849988 0.04038048104925468 0.05484728027176067
46 0.6296877861022949 0.7770920753479004 0.05360755920410165 0.04357786178588863
44 0.5291760921478272 0.6918004035949707 0.039153671264648415 0.03604831695556643
33 0.1834603190422058 0.48660502433776853 0.028116631507873524 0.0636994361877441
61 0.706484317779541 0.7189682006835938 0.04438419342041011 0.04874000549316404
51 0.31499894781144777 0.481869476010101 0.025647095959595967 0.08055818602693604
51 0.2895162563131313 0.4803898358585858 0.024003051346801363 0.08022937710437705
27 0.2903995602995485 0.8347630013476361 0.04038048104925468 0.05484728027176067
27 0.2517663185413067 0.8095440796443394 0.04038048104925468 0.05484728027176067
36 0.20203196674311924 0.6302859805045872 0.04628965978593272 0.036135798929663565
36 0.2044211104740061 0.6658244935015291 0.046289659785932746 0.03434394113149852
36 0.2539958428899083 0.6677656727828746 0.04867880351681958 0.03285072629969421
36 0.2519053421253823 0.6329737672018348 0.04927608944954126 0.036135798929663565
58 0.3546385225535168 0.6701548165137614 0.04867880351681958 0.03285072629969421
36 0.30088278860856266 0.6344669820336392 0.04628965978593269 0.036135798929663565
36 0.3032719323394495 0.670005495030581 0.046289659785932746 0.03434394113149852
36 0.4022720756880734 0.7333178038990826 0.04599101681957185 0.028968367737003065
36 0.35538512996941896 0.732421875 0.04599101681957185 0.028968367737003065
36 0.3058103975535168 0.7309286601681957 0.05017201834862384 0.03195479740061158
36 0.25653430810397554 0.7291368023700305 0.05017201834862392 0.03195479740061158
36 0.20725821865443428 0.7258517297400611 0.04957473241590221 0.03374665519877662
46 0.5570452564267865 0.8693576312862807 0.04382944532486588 0.06322769746461321
45 0.6067809673933291 0.8668163905799611 0.05689868324308145 0.06322769746461321
45 0.6695859162780875 0.8677239765465039 0.0685157836148288 0.06576893817093299
31 0.691065525210923 0.6194051955269171 0.027535438537597656 0.0875276565551758
31 0.7204713105269082 0.6208573330733855 0.027535438537597656 0.0875276565551758
58 0.3550725503312946 0.635866622069317 0.04867880351681958 0.03285072629969421
58 0.40715588366462796 0.6345645387359837 0.04867880351681958 0.03285072629969421
58 0.4058538003312946 0.6697207887359837 0.04867880351681958 0.03285072629969421
