47 0.746227216720581 0.3207286596298218 0.027628421783447266 0.06144294738769529
54 0.38418962955474856 0.5468749046325684 0.022660589218139682 0.05734109878540039
0 0.5671387672424317 0.5859362602233886 0.03538885116577151 0.09948806762695306
54 0.40751118659973146 0.5471342086791993 0.021983528137207053 0.05788497924804681
0 0.6038928985595703 0.5879831314086914 0.0362909317016602 0.10176239013671884
18 0.2688199281692505 0.472597599029541 0.023411798477172896 0.04355602264404301
18 0.2926489353179932 0.4736977100372315 0.024104213714599643 0.04314451217651366
0 0.6414290428161621 0.5888668537139893 0.036426544189453125 0.10257482528686523
18 0.31590790748596187 0.47444677352905273 0.02217836380004884 0.044095516204833984
18 0.3381936550140381 0.47574052810668943 0.02142391204833982 0.044548702239990245
47 0.7173119544982911 0.32092084884643557 0.02631387710571287 0.061080265045166005
18 0.38437685966491697 0.47753934860229497 0.0245627403259277 0.043184471130371105
18 0.40896445512771606 0.4780237197875976 0.022754263877868608 0.04358215332031251
2 0.5328959595398064 0.5849522765656089 0.03144032731931301 0.09970909432971964
18 0.24521515369415284 0.4718050479888916 0.022319841384887684 0.04206075668334963
14 0.251645565032959 0.31936182975769045 0.023944520950317405 0.045768070220947255
18 0.36049242019653316 0.4765942573547364 0.022710037231445324 0.043540191650390636
23 0.4034618377685547 0.40305548906326294 0.02394895553588866 0.0580219030380249
19 0.23503470420837402 0.4007425308227539 0.02394561767578124 0.056475830078124956
47 0.6891128540039062 0.32140367031097417 0.02665004730224607 0.0598463535308838
56 0.6017112731933594 0.3217820882797241 0.026881408691406206 0.05863084793090817
19 0.2793148994445801 0.40282068252563474 0.022806453704833973 0.05683135986328125
17 0.2268141746520996 0.318747091293335 0.02331857681274413 0.046126651763916005
19 0.2574042797088623 0.4021244525909424 0.02016105651855471 0.056438732147216786
15 0.378385066986084 0.31804175376892085 0.02552728652954106 0.04912261962890624
56 0.572074794769287 0.3215845108032227 0.027951622009277366 0.05881958007812499
19 0.30292882919311526 0.4028535962104797 0.023177194595336903 0.05588529109954832
26 0.4113718032836914 0.6568199634552001 0.021867370605468783 0.0502143859863281
17 0.20286533832550047 0.31908068656921384 0.02303853034973144 0.04601135253906247
16 0.2773393154144287 0.31937174797058104 0.026200675964355435 0.04580745697021482
15 0.4036095142364502 0.31818604469299316 0.023220252990722612 0.04951496124267574
16 0.30295448303222655 0.3194631338119507 0.02410755157470701 0.046165847778320335
16 0.3274355888366699 0.3190787315368652 0.02404642105102539 0.046593761444091775
25 0.6323583602905274 0.4940032005310059 0.024431037902831965 0.04636135101318356
25 0.6582085609436035 0.4947951793670654 0.025123786926269598 0.04625005722045894
52 0.27886011600494387 0.5435662746429444 0.02122354507446289 0.05773029327392576
26 0.4335599899291992 0.6570513725280762 0.020943641662597656 0.0497519493103028
25 0.5817149162292481 0.4933012962341308 0.024039840698242165 0.045481300354003884
25 0.5566946983337402 0.49266438484191893 0.02430934906005866 0.04532918930053709
25 0.7109498023986817 0.49622678756713867 0.026387405395507768 0.047308158874511674
25 0.5071527481079101 0.49149179458618164 0.024860954284667947 0.04524154663085933
25 0.6845597267150879 0.4953626155853271 0.025230216979980513 0.04677438735961914
25 0.5319343566894531 0.4917002677917481 0.023981571197509766 0.04496421813964846
26 0.38999309539794924 0.6966646194458008 0.021232414245605458 0.035813331604003906
25 0.6068732261657714 0.4935315132141113 0.024498939514160156 0.046110916137695246
26 0.3886824369430542 0.6543500423431396 0.02124609947204592 0.047860813140869096
47 0.630226993560791 0.32214505672454835 0.026004981994628862 0.05930747985839846
26 0.36725401878356934 0.6519329071044921 0.019898986816406228 0.04580879211425781
18 0.4273839950561523 0.4781670570373535 0.013760757446289074 0.04339475631713863
26 0.43469929695129395 0.6990613460540771 0.0211639404296875 0.034130096435546875
26 0.3693865776062012 0.6943628311157226 0.01964731216430665 0.03632545471191406
25 0.7379949569702149 0.49696831703186034 0.02603855133056643 0.04602489471435545
59 0.4292021274566651 0.5482277393341064 0.0192276954650879 0.05627250671386719
18 0.22316410541534426 0.47182226181030273 0.02010741233825683 0.041826725006103516
26 0.4128596782684326 0.6976758956909179 0.021366882324218794 0.035631752014160134
56 0.6560430526733398 0.413480281829834 0.026752281188964888 0.059746742248535156
23 0.3527318716049194 0.4022707104682922 0.023752784729003884 0.05751168727874756
23 0.37783188819885255 0.4026158809661865 0.025033855438232444 0.05799894332885741
15 0.3522801876068115 0.3185249090194702 0.024211311340332053 0.04816207885742185
47 0.5994260311126709 0.41405773162841797 0.02561264038085942 0.0581082344055176
56 0.5431022644042969 0.3212425231933594 0.0261632919311523 0.05964050292968748
56 0.5458588600158691 0.4128283500671387 0.025075531005859464 0.058903789520263705
56 0.7407534122467041 0.41430201530456545 0.026366615295410067 0.05856552124023434
56 0.627140998840332 0.41355363130569456 0.027540969848632857 0.058491683006286654
47 0.6594152450561523 0.3214865684509277 0.027249526977539018 0.060091495513916016
23 0.32781496047973635 0.40233659744262695 0.023101711273193326 0.05684585571289058
47 0.6842092514038086 0.4136797428131104 0.027630615234375044 0.05982503890991214
47 0.6270355224609375 0.41420598030090333 0.02768630981445308 0.058311080932617165
56 0.6843663215637208 0.4133549809455872 0.02783336639404299 0.059678244590759266
52 0.25735950469970703 0.5427133560180664 0.02005147933959961 0.05552272796630853
56 0.5992318153381347 0.4135573387145996 0.02612514495849605 0.058112144470214844
55 0.2345978791291291 0.5406167886636637 0.01994181681681681 0.06187828453453448
31 0.28178186499723035 0.6710807845296733 0.028205892370572194 0.07024863760217992
2 0.5027285229400749 0.5826457162921348 0.025968515917602963 0.10167954119850175
5 0.6753342661691542 0.589824315920398 0.03595304726368154 0.10494402985074625
5 0.7122590174129352 0.5927394278606964 0.03595304726368154 0.10494402985074625
33 0.5039859693877551 0.6815609056122449 0.022720025510204078 0.0502232142857143
33 0.5067761479591837 0.7275988520408163 0.02351721938775514 0.03866390306122447
33 0.529296875 0.7303890306122449 0.022321428571428603 0.03946109693877553
33 0.5275031887755102 0.6843510841836735 0.022720025510204023 0.0502232142857143
33 0.5524154974489797 0.7315848214285714 0.022321428571428603 0.03946109693877553
33 0.5514190051020408 0.6851482780612246 0.022720025510204023 0.0502232142857143
33 0.5737404336734694 0.6863440688775511 0.022720025510204023 0.04862882653061218
33 0.574936224489796 0.7325813137755102 0.023517219387754973 0.04145408163265307
33 0.5966597576530612 0.6883370535714286 0.02072704081632648 0.04783163265306112
33 0.5974569515306123 0.7341757015306122 0.01992984693877542 0.04225127551020402
34 0.6193797831632653 0.6899314413265305 0.023118622448979553 0.04942602040816324
34 0.6185825892857143 0.7361686862244897 0.02072704081632648 0.043048469387755084
34 0.6420998086734695 0.7373644770408162 0.02072704081632648 0.043048469387755084
34 0.6428970025510206 0.691127232142857 0.023118622448979553 0.04942602040816324
34 0.6666135204081634 0.7373644770408163 0.022720025510204134 0.04145408163265307
34 0.6684072066326532 0.691924426020408 0.023118622448979553 0.04942602040816324
34 0.7162388392857143 0.7417490433673468 0.02072704081632648 0.043048469387755084
34 0.6907286352040817 0.7409518494897958 0.02072704081632648 0.043048469387755084
34 0.6915258290816326 0.6947146045918366 0.023118622448979553 0.04942602040816324
34 0.7170360331632653 0.6955117984693877 0.023118622448979553 0.04942602040816324
