18 0.6713319778442383 0.18485263586044312 0.06551380157470699 0.15092699527740477
55 0.5837373733520508 0.5667644977569579 0.04208698272705069 0.11609544754028323
47 0.7171199321746826 0.4168386459350586 0.048152256011962935 0.13449497222900386
19 0.6056138038635254 0.18613669872283933 0.06009597778320308 0.14367880821228027
14 0.25707831382751467 0.18998425006866454 0.052296257019042974 0.12755541801452638
15 0.31280663013458254 0.1890516638755798 0.05606622695922853 0.12777006626129148
47 0.6637091636657715 0.4120159149169922 0.0563104629516602 0.13221082687377927
19 0.5442000865936278 0.18731404542922975 0.05953683853149416 0.14200804233551026
56 0.6072558403015137 0.41090917587280273 0.05187225341796875 0.12912511825561523
16 0.42660045623779297 0.18805594444274903 0.05713701248168945 0.13154377937316897
16 0.48485164642333983 0.18718538284301758 0.05439910888671873 0.13595800399780272
54 0.500037670135498 0.5612512588500976 0.041602134704589844 0.11210060119628906
17 0.20142221450805664 0.19277002811431884 0.06370539665222169 0.13207163810729977
25 0.44786829948425294 0.42131743431091306 0.0526423454284668 0.09583940505981442
54 0.4581649780273438 0.5605950355529785 0.041260528564453114 0.10715942382812504
26 0.32930512428283687 0.6993726730346679 0.03619127273559569 0.05597076416015623
26 0.36626486778259276 0.6984128952026367 0.035971641540527344 0.05709724426269536
16 0.36853575706481934 0.18958626985549926 0.05585155487060545 0.12921407222747802
26 0.44192113876342776 0.7039019584655761 0.03881244659423827 0.061233139038085915
24 0.4999361991882324 0.42196383476257326 0.051977729797363315 0.09933452606201171
25 0.39663667678833003 0.4205113410949707 0.049925994873046886 0.092926025390625
26 0.40337386131286623 0.6997502326965332 0.035701465606689464 0.05807151794433596
59 0.48101778030395503 0.692634391784668 0.03628177642822267 0.08950939178466799
59 0.5171494483947754 0.6925370216369628 0.034684562683105435 0.09289989471435545
2 0.6235270023345947 0.9012338638305664 0.047454452514648415 0.09177398681640625
34 0.37581720352172854 0.5593852519989013 0.037896156311035156 0.09458494186401367
0 0.5741928100585938 0.8951933860778809 0.046065139770507746 0.08835926055908205
51 0.41701222658157344 0.559467887878418 0.038938117027282726 0.10397176742553715
23 0.7412341889880953 0.19473121279761904 0.05347842261904756 0.15462239583333331
34 0.3491198114353976 0.41957522502048405 0.037896156311035156 0.09458494186401362
34 0.31188397510446236 0.42449316566796613 0.037896156311035156 0.09458494186401362
34 0.33824651224150076 0.5732535622960371 0.03154023671321737 0.07173703008418453
33 0.26346110611510787 0.41556598471223016 0.049179406474820164 0.09906137589928055
33 0.30139950539568344 0.5736426483812949 0.032317895683453224 0.07517423561151071
52 0.6744604316546763 0.5676708633093525 0.04074865107913672 0.1208408273381294
0 0.4294493140243903 0.8722370426829269 0.04906631097560976 0.0933689024390244
5 0.3837176067073171 0.8677115091463415 0.03953887195121952 0.10241996951219523
4 0.5278201219512195 0.8886718750000001 0.04096798780487809 0.08908155487804881
4 0.48065929878048774 0.8877191310975611 0.040967987804877926 0.08908155487804881
