4 0.7643451690673828 0.406761360168457 0.03581027984619145 0.1208197593688965
52 0.6602362155914306 0.6599485397338867 0.020994377136230424 0.0728222846984864
47 0.7143478393554688 0.5741107940673829 0.02687826156616202 0.0580467224121094
24 0.30939655303955077 0.5725102424621582 0.027168750762939453 0.057978248596191495
14 0.39061460494995115 0.3726747751235962 0.02568922042846683 0.05941309928894045
14 0.3901364326477051 0.43248329162597654 0.026283740997314453 0.054875469207763705
17 0.3967777967453003 0.2907651662826538 0.028225183486938477 0.058047485351562456
47 0.7499828815460206 0.6642810821533203 0.023820686340331965 0.059354305267333984
14 0.44452743530273436 0.4340656757354736 0.025177955627441406 0.052441024780273404
15 0.4244515419006347 0.29265727996826174 0.025403690338134777 0.058739376068115245
0 0.6266415596008301 0.401676082611084 0.03470306396484368 0.12843933105468747
26 0.2774675369262696 0.6706916332244873 0.02633352279663087 0.05789833068847661
14 0.41799125671386717 0.43335666656494143 0.026957321166992176 0.05355873107910153
56 0.7286684036254882 0.5130218982696533 0.01988983154296875 0.059938335418701194
24 0.2807183265686035 0.5729002952575684 0.027569675445556663 0.0598657608032227
56 0.7400166988372803 0.5749834060668946 0.02079076766967769 0.0587333679199219
2 0.738512372970581 0.26513304710388186 0.0372624397277832 0.1286555290222168
14 0.44385576248168945 0.37650108337402344 0.02549057006835942 0.05790634155273433
15 0.42137641906738277 0.2334156036376953 0.025977325439453136 0.05672740936279297
54 0.6814793586730957 0.6597365379333496 0.021138477325439498 0.07205390930175781
55 0.7030962944030761 0.6599225044250489 0.020944976806640647 0.0704355239868164
26 0.3313592433929443 0.6680972576141357 0.0256359100341797 0.055521583557128995
59 0.5734410285949707 0.6593467712402343 0.02375640869140616 0.07235679626464842
25 0.3363630294799805 0.5716465950012206 0.026225471496582053 0.05685081481933596
17 0.28486495018005376 0.2188711166381836 0.028577136993408192 0.06390395164489748
0 0.5928540229797363 0.40109906196594236 0.03237342834472656 0.1228327751159668
28 0.45688257217407224 0.8120372772216797 0.028988456726074252 0.09478645324707025
26 0.3046458244323731 0.6694002151489258 0.026150035858154286 0.05719070434570317
26 0.4830483436584473 0.661354923248291 0.024260234832763683 0.057245063781738326
17 0.28471789360046384 0.2826965808868408 0.02999114990234375 0.061576080322265636
14 0.41654510498046876 0.37451786994934083 0.02699756622314453 0.0582400321960449
17 0.3401800632476807 0.22424023151397704 0.028006839752197255 0.05967593193054199
16 0.2832014083862305 0.3677243947982788 0.027681255340576194 0.06055765151977538
17 0.25340843200683594 0.2811310052871704 0.03129796981811525 0.06445755958557128
17 0.34242954254150393 0.28606476783752444 0.02760963439941405 0.059849834442138705
17 0.3948465347290039 0.23088960647583007 0.02642784118652347 0.05901651382446291
2 0.7751493453979492 0.26703944206237795 0.03567714691162105 0.12912311553955075
28 0.636082649230957 0.8002106666564941 0.025857734680175826 0.08746490478515623
17 0.2551441192626953 0.21641075611114502 0.031011009216308616 0.06334943771362306
17 0.3696341037750244 0.2888547420501709 0.02554607391357422 0.059061145782470736
17 0.31421384811401365 0.28422529697418214 0.02780742645263673 0.0593839645385742
25 0.3632101535797119 0.5714102745056152 0.02627420425415039 0.0564982414245605
26 0.357303524017334 0.6668360233306885 0.024892520904541027 0.05506820678710933
28 0.39339010715484624 0.8166350364685058 0.03281550407409667 0.09531250000000002
15 0.4506998538970947 0.2954899787902832 0.025172615051269553 0.059226608276367165
26 0.45858840942382817 0.6623249053955078 0.02387351989746095 0.05744056701660161
25 0.4445724964141846 0.5112611770629882 0.024872493743896495 0.05778064727783205
16 0.28008384704589845 0.4285726070404053 0.027925872802734397 0.056252574920654275
26 0.3829595565795898 0.6654179096221924 0.02515869140624999 0.0553339004516602
28 0.3592862129211426 0.8191383361816407 0.03331165313720702 0.09677696228027344
41 0.6430859565734863 0.5341512203216553 0.039067077636718794 0.05190086364746094
24 0.2519716262817383 0.5732815265655518 0.026852226257324224 0.06078195571899414
25 0.3898686408996582 0.5715615272521972 0.026215362548828114 0.05634040832519538
17 0.3680032968521118 0.22801411151885986 0.027535295486450173 0.05987701416015623
25 0.46832828521728515 0.5709211826324463 0.025468826293945312 0.055154609680175826
25 0.33933115005493164 0.5097516059875489 0.024951076507568337 0.05817012786865228
25 0.44261741638183594 0.571312141418457 0.025830459594726518 0.05561256408691406
17 0.3128193140029907 0.2215905249118805 0.02707190513610841 0.06125715970993045
41 0.5991815567016601 0.534733772277832 0.03963050842285154 0.05128498077392574
16 0.3107187747955322 0.3694018840789795 0.026508522033691362 0.05972776412963865
25 0.41644992828369143 0.5716131210327149 0.02621974945068356 0.05621833801269538
41 0.6412264823913574 0.5850955009460449 0.03861522674560547 0.04400234222412114
16 0.25540077686309814 0.36536779403686526 0.02725806236267092 0.06277761459350589
26 0.4337279796600342 0.6633396625518799 0.024517726898193315 0.05614595413208001
25 0.39329557418823247 0.5100875854492188 0.026019763946533214 0.05823364257812502
25 0.4708376884460449 0.5109219551086426 0.02572593688964847 0.05757160186767574
25 0.4193881034851074 0.5104859352111817 0.0261383056640625 0.05825271606445315
24 0.28309540748596196 0.507744312286377 0.027780818939208973 0.05980396270751953
16 0.33732991218566893 0.3701650142669678 0.025594329833984353 0.059459304809570346
26 0.4083470344543457 0.664120578765869 0.02501449584960941 0.05544700622558596
24 0.25487074851989744 0.5061382293701172 0.026814937591552707 0.0629489898681641
25 0.36624555587768554 0.5096428871154786 0.02691030502319336 0.05823783874511712
16 0.2511728763580322 0.42964701652526854 0.027495288848876948 0.06043014526367185
41 0.5970449447631836 0.5864870071411132 0.04277362823486319 0.04786186218261712
28 0.6071293830871582 0.8013413429260254 0.028415679931640625 0.08960304260253904
28 0.42630720138549805 0.8149794578552246 0.030570030212402344 0.09572601318359375
28 0.25635390281677245 0.8271787881851196 0.03268470764160156 0.09702830314636224
28 0.2909057378768921 0.8255406379699707 0.034815073013305664 0.09528751373291011
24 0.3119467258453369 0.5089038848876953 0.02724637985229489 0.0589599609375
16 0.36372656822204585 0.3713374614715576 0.025578784942626942 0.059920215606689475
25 0.4947365760803223 0.5114999771118165 0.02286567687988278 0.05635776519775393
25 0.4928261756896972 0.5710982322692871 0.02343158721923827 0.05493144989013676
28 0.5785671710968017 0.8035824060440063 0.0256014823913574 0.09007029533386235
15 0.4478351593017578 0.23579092025756837 0.02539348602294922 0.05728912353515625
28 0.6630208015441894 0.7978832244873046 0.026697444915771418 0.08810710906982422
34 0.2500796318054199 0.6720976829528809 0.02597465515136721 0.061617469787597745
16 0.36239612102508545 0.4308365821838379 0.025944757461547896 0.054419136047363315
28 0.48472747802734373 0.8118220329284669 0.025034427642822266 0.09589614868164065
15 0.47545490264892576 0.2973082542419434 0.02326736450195316 0.05982046127319335
16 0.3354925632476806 0.4295279502868652 0.02503652572631837 0.05486316680908204
28 0.32550764083862305 0.8222217559814453 0.03262462615966799 0.09557151794433594
15 0.47364015579223634 0.23748817443847658 0.025105857849121116 0.05747113227844239
5 0.6622576713562012 0.4049392819404602 0.035146141052246005 0.12437341213226316
18 0.494636344909668 0.37858180999755864 0.0239477157592774 0.05795030593872069
8 0.6012271614961846 0.25219548242960793 0.039793739023134655 0.12996586653613304
56 0.7252999305725097 0.6647404670715331 0.022834491729736284 0.059395217895507835
3 0.673790800663852 0.2582032037335773 0.03038804512615345 0.12703472625377568
45 0.7311473846435548 0.8079712867736817 0.0511594772338867 0.05786628723144538
16 0.30854270458221433 0.4287400722503662 0.027068328857421886 0.054993724822998025
51 0.6388664245605469 0.6603162288665771 0.021266937255859375 0.07186145782470699
3 0.7032141210496887 0.26170376220414804 0.03264637030372319 0.1291179116382155
15 0.500412130355835 0.299780535697937 0.025913238525390625 0.06093297004699705
54 0.7031833171844483 0.6603351593017578 0.02100992202758789 0.07060165405273433
15 0.5008480957576207 0.2409252064568656 0.025913238525390625 0.060932970046997076
3 0.6401031795398209 0.2563106407490812 0.03038804512615345 0.12703472625377568
11 0.7289318647540984 0.40794697745901637 0.030817751024590168 0.12847400102459017
5 0.6966768655620637 0.40466666319331185 0.031145098951996242 0.12703001890026155
42 0.683437749600639 0.5261893470447285 0.03400808706070291 0.035256090255591066
42 0.6812537440095847 0.5595734325079873 0.035256090255591066 0.030888079073482344
42 0.6800057408146964 0.5907735123801916 0.035256090255591066 0.030888079073482344
28 0.6915398834025965 0.7952905806819949 0.026697444915771418 0.08810710906982422
23 0.49502676504629634 0.43896484375 0.02441406250000011 0.05967881944444442
19 0.46970847800925924 0.37544307002314814 0.0244140625 0.061939380787037035
19 0.4692563657407407 0.4382866753472222 0.02531828703703709 0.060130931712962965
