54 0.545901107788086 0.6316064357757569 0.03703794479370115 0.08596954345703123
16 0.4801112174987793 0.2635440111160279 0.04648694992065433 0.09075350761413575
16 0.17135448455810548 0.10990801155567169 0.05887827873229981 0.147186940908432
16 0.2855333089828491 0.1215024709701538 0.054851865768432595 0.1447810649871826
26 0.356732702255249 0.39812707901000977 0.046739673614501986 0.083187198638916
16 0.22968816757202148 0.11630740463733674 0.05406608581542971 0.14350327849388123
54 0.49373641014099123 0.6297301292419433 0.03915777206420895 0.08407649993896482
16 0.34111399650573726 0.13135087490081787 0.05306415557861327 0.13964743614196778
16 0.17994067668914795 0.2477968156337738 0.051152944564819336 0.12348567247390746
16 0.19630184173583984 0.3876113176345825 0.05412096977233888 0.09528470039367676
16 0.23241939544677734 0.24072253704071045 0.050006580352783214 0.1006657123565674
16 0.28481478691101075 0.24735569953918457 0.05247840881347654 0.09483656883239744
19 0.5471341133117675 0.4100332260131836 0.04550371170043943 0.07952919006347658
52 0.3739382028579712 0.6293181419372559 0.03811979293823242 0.08916997909545898
16 0.3920717716217041 0.13741161525249482 0.046979427337646484 0.13705883622169496
16 0.2510106563568115 0.38660855293273927 0.050248813629150374 0.0887469291687012
16 0.43365545272827144 0.260846471786499 0.0442793846130371 0.0913869857788086
16 0.5386861801147461 0.15302783250808716 0.05078201293945317 0.133445143699646
16 0.5264405727386474 0.26796631813049315 0.046387863159179754 0.08850150108337404
17 0.40504845380783083 0.39987888336181643 0.044810318946838346 0.08361034393310546
16 0.4892819404602051 0.14773379564285277 0.048896789550781306 0.13260767459869385
15 0.303188419342041 0.3919234037399292 0.04969453811645508 0.0882915019989014
52 0.3345312595367432 0.6290966987609863 0.03775444030761721 0.09030075073242194
16 0.38720359802246096 0.2556916236877441 0.04710531234741211 0.09352521896362304
25 0.45615830421447756 0.5220301628112793 0.03948955535888671 0.07169151306152349
16 0.6424301147460938 0.16247668266296386 0.05439910888671873 0.13143386840820315
14 0.4973145961761474 0.40648927688598635 0.04538640975952146 0.08310766220092775
16 0.4402780532836914 0.1427239626646042 0.04900703430175779 0.13411346077919006
25 0.3745772361755371 0.5203858375549316 0.038874149322509766 0.07146692276000977
16 0.5894527912139893 0.15804901123046874 0.05010786056518557 0.1320340156555176
52 0.4162596702575684 0.6293621063232422 0.0419611930847168 0.08868732452392569
25 0.4153762936592102 0.5213043689727783 0.03970410823822024 0.07099084854125981
24 0.19900475740432738 0.5277040481567383 0.04864885807037353 0.0868969917297363
18 0.595174217224121 0.41223878860473634 0.04645690917968748 0.07694139480590823
16 0.3373916625976563 0.2514584302902222 0.04911165237426757 0.09485945701599122
17 0.45017461776733403 0.40394301414489747 0.043782424926757824 0.08231964111328127
25 0.5349345207214355 0.5245860099792481 0.03837451934814462 0.06986656188964846
25 0.3343919277191162 0.5193722724914551 0.040317249298095714 0.07422075271606443
16 0.5742711067199707 0.2711253881454468 0.0471899032592773 0.08728909492492676
16 0.6214733123779297 0.273456621170044 0.04520893096923828 0.08623285293579103
51 0.29541587829589844 0.6283474922180176 0.03674955368041988 0.0908748626708984
25 0.29173688888549804 0.5194922447204591 0.043424129486083984 0.07372655868530276
25 0.24796881675720214 0.5182079792022705 0.04428615570068356 0.07715482711791999
25 0.49544868469238285 0.52309308052063 0.03820266723632815 0.07067623138427737
59 0.25571441650390625 0.6288554191589355 0.03928060531616209 0.09084310531616213
25 0.574434471130371 0.5256602764129639 0.038915157318115234 0.06947898864746094
59 0.21367321610450746 0.6288100242614747 0.04174650907516478 0.09770450592041013
28 0.26669893264770506 0.7539852142333985 0.040471267700195324 0.11262626647949225
28 0.4427605628967285 0.7500369548797607 0.0413349151611328 0.11008691787719727
28 0.3981755018234253 0.7512876987457275 0.043686342239379894 0.11049985885620117
16 0.19311697483062745 0.021745166182518007 0.10805335044860839 0.04323237538337708
28 0.3559532836802955 0.7504290029840561 0.03521512318583364 0.10688622946878079
28 0.31233981280650913 0.7532733597801726 0.03900759891398903 0.11257494306101379
28 0.2259298185700352 0.756829571029515 0.04047126770019535 0.11262626647949225
