47 0.3267226696014404 0.2785730838775635 0.027582740783691384 0.07332868576049806
14 0.42087516784667967 0.040322476625442506 0.03199939727783202 0.05938621759414674
18 0.3605830192565918 0.15078356266021728 0.030863285064697266 0.058092880249023426
18 0.3920184373855591 0.1515273094177246 0.03136191368103025 0.05730314254760742
14 0.4537233352661133 0.04098034203052521 0.03243484497070309 0.05942910313606262
16 0.48633604049682616 0.041455066204071044 0.03117237091064451 0.05774291753768921
15 0.3883030414581299 0.03941384553909302 0.032594585418701194 0.06037914752960206
26 0.634040641784668 0.4357895374298095 0.026182556152343772 0.06184415817260741
18 0.3284996032714844 0.15183672904968262 0.03286762237548829 0.06213808059692383
51 0.606230354309082 0.2657890319824219 0.02592258453369145 0.07728548049926756
59 0.4726426601409912 0.2656223058700562 0.025699520111084007 0.07710595130920411
16 0.5181996345520019 0.042185565829277044 0.031099700927734397 0.05719205737113953
52 0.5522358894348145 0.2662983417510986 0.026920986175537176 0.07740888595581052
29 0.6270975112915039 0.6906546592712401 0.04868392944335942 0.14539184570312502
25 0.5776790618896485 0.15194258689880372 0.030119609832763627 0.0580152988433838
51 0.5795997142791748 0.26589195728302006 0.025433254241943315 0.07732148170471193
26 0.5007777214050293 0.3718644857406616 0.025254631042480435 0.06412062644958494
25 0.4537300586700439 0.1519209623336792 0.030074310302734386 0.05689005851745607
24 0.47385687828063966 0.43836212158203125 0.024767494201660134 0.06145057678222654
26 0.5008848667144775 0.4377413749694824 0.025749397277831987 0.062282562255859375
29 0.4070613980293274 0.6941861152648926 0.04634072780609133 0.1516645431518555
26 0.6069896221160889 0.43599114418029783 0.026329994201660156 0.061513710021972645
26 0.5275742053985596 0.4376689910888672 0.026616287231445268 0.06223068237304685
26 0.6072222709655761 0.37119877338409424 0.025802898406982355 0.06361422538757322
16 0.5481697082519532 0.04228985011577606 0.02840366363525393 0.057106226682662964
26 0.5274459838867187 0.3724570035934448 0.026776123046874933 0.0651573657989502
25 0.4849392890930176 0.15194765329360962 0.030641174316406228 0.05725796222686769
24 0.41918268203735354 0.4382750988006592 0.02617683410644528 0.0627571105957031
26 0.5804558753967285 0.3713846206665039 0.026128292083740234 0.06220178604125981
26 0.6623143196105957 0.3705790519714356 0.027370262145996138 0.07123394012451173
15 0.3558837413787842 0.0403215765953064 0.030422496795654286 0.0603530764579773
26 0.5805114746093749 0.4360332489013672 0.02547111511230471 0.06164741516113281
25 0.39131815433502193 0.4372910499572754 0.028338479995727528 0.06484127044677734
25 0.3632330417633056 0.4367231369018555 0.026973533630371083 0.06378116607666012
26 0.6344385147094727 0.37132930755615234 0.026979160308837846 0.0664349555969238
25 0.5460431098937988 0.15209784507751467 0.031318378448486395 0.05767331123352051
29 0.3589298963546753 0.6916140556335449 0.04640254974365238 0.15021781921386723
25 0.3639449834823608 0.3680423736572266 0.027043771743774425 0.06386852264404297
25 0.5152008533477783 0.15196218490600588 0.02954797744750981 0.057240104675292974
25 0.6088769912719727 0.15208139419555664 0.03060970306396482 0.057988882064819336
25 0.3352576494216919 0.4361404895782471 0.02817492485046391 0.06427297592163084
56 0.3553598403930664 0.27329244613647463 0.027696275711059593 0.06342802047729493
25 0.39168686866760255 0.36858563423156737 0.027597808837890647 0.06389474868774414
25 0.42327899932861324 0.15167636871337892 0.029694271087646495 0.056619310379028315
0 0.43393286495673944 0.5336214077181931 0.03566780090332028 0.11664781570434568
26 0.5544016361236572 0.43688535690307617 0.025386142730712935 0.06192855834960942
59 0.44477252960205077 0.26517155170440676 0.026816844940185547 0.0776289463043213
25 0.3346430778503418 0.3680055856704712 0.02909708023071289 0.06447815895080566
26 0.5541375637054444 0.37244634628295903 0.025477504730224587 0.06429929733276368
29 0.5805248737335205 0.6913187980651856 0.044336128234863215 0.1487871170043945
25 0.6394795894622802 0.15227651596069336 0.029350471496582098 0.058258056640625
19 0.6112246036529541 0.0425896942615509 0.030823040008544855 0.05583608150482178
24 0.44746441841125484 0.4388267993927002 0.027978229522705067 0.06206903457641599
52 0.5243443965911865 0.26552400588989256 0.027335643768310547 0.07822027206420898
26 0.6614196300506592 0.4351819515228271 0.02577552795410165 0.05999898910522461
24 0.47377910614013674 0.3721024990081787 0.025675868988037143 0.06510162353515625
51 0.6329423904418945 0.2665873527526855 0.025556182861328103 0.07521090507507328
24 0.44698505401611327 0.37112510204315186 0.02687702178955076 0.06547608375549319
2 0.395132851600647 0.5341075897216797 0.03841509819030764 0.12046184539794919
28 0.5070650577545166 0.5458647727966308 0.027843856811523404 0.0912147521972656
25 0.6686826229095459 0.1526327133178711 0.028471755981445246 0.058101511001586906
17 0.32204298973083495 0.04353679120540619 0.03646969795227051 0.07832002043724061
19 0.5793428421020508 0.04224398136138916 0.03142471313476558 0.05793057680130005
23 0.6740153882561661 0.04581866983960314 0.030769157409668013 0.05631621479988098
28 0.537940890448434 0.5440778187343052 0.03223763874598917 0.09338722229003904
51 0.6603205680847168 0.2665941953659058 0.02772464752197268 0.07667193412780762
24 0.41983013153076176 0.3702784061431885 0.026546192169189464 0.06541948318481444
5 0.47228984832763676 0.5351902961730957 0.03664989471435548 0.11563034057617194
23 0.6430512114268978 0.042960438132286075 0.030769157409668013 0.05631621479988098
3 0.3534679878048781 0.5325838414634146 0.03715701219512196 0.12099847560975613
29 0.5369123988035249 0.6920215746251548 0.04200315126558618 0.15119253949421196
29 0.49213343538889076 0.6915452026739353 0.04200315126558629 0.15119253949421196
29 0.4502127036815737 0.6915452026739353 0.04200315126558629 0.15119253949421196
27 0.5754497689260563 0.5701199383802817 0.04091934419014087 0.03644916373239426
27 0.6249327176393197 0.5586924887263565 0.04751723620150505 0.03333704420793704
