17 0.29013834307637804 0.0640729015159991 0.06300026338852838 0.11918651404117252
17 0.3495719353695831 0.06496883041508167 0.05642283415380023 0.11739465624300738
14 0.4091408639143731 0.06600009556574923 0.05913130733944949 0.11587347094801223
14 0.4676748853211009 0.06644806001529052 0.0567421636085626 0.11557482798165138
14 0.5277021215596329 0.0673439889143731 0.05674216360856266 0.11557482798165142
14 0.5865347859327217 0.06749331039755352 0.05614487767584109 0.11228975535168195
14 0.64521812882263 0.06704534594801223 0.05823537844036697 0.11438025611620795
14 0.7071865443425076 0.06823991781345565 0.0627150229357798 0.11378297018348621
14 0.7707974961773699 0.06674670298165139 0.0627150229357798 0.11378297018348625
14 0.3200936654368864 0.2491030887227386 0.061275799608683346 0.0901812951422421
14 0.37598901905530746 0.24836382949561409 0.04799797614377105 0.09080317982456143
14 0.42867199602899164 0.24943462171052633 0.053994412547279824 0.09294476425438591
14 0.4822116067746057 0.24943462171052633 0.050567877459560595 0.09294476425438591
14 0.5340379499763602 0.24900630482456143 0.050567877459560595 0.09294476425438594
14 0.5871492438360093 0.24986293859649122 0.050567877459560595 0.09294476425438591
14 0.6411171714675883 0.2502912554824561 0.050567877459560595 0.09294476425438589
16 0.6935992324561404 0.2477213541666667 0.05439624451754388 0.09380139802631576
16 0.7494945860745615 0.24836382949561403 0.054824561403508776 0.09594298245614027
16 0.3360727813852814 0.38333583462977994 0.05069669913419911 0.08227186767225836
19 0.3868427579365079 0.38234747023809523 0.04836309523809523 0.0802951388888889
19 0.4345858134920635 0.38234747023809523 0.046502976190476164 0.07967509920634924
19 0.48093377976190477 0.38343253968253965 0.04681299603174599 0.07936507936507936
18 0.5261966765873016 0.3829675099206349 0.04371279761904767 0.07843501984126988
18 0.5731646825396826 0.38281249999999994 0.04588293650793651 0.078125
18 0.6209077380952381 0.38203745039682535 0.046502976190476275 0.07905505952380953
18 0.6689608134920636 0.3801773313492063 0.046502976190476275 0.07905505952380953
18 0.7167038690476191 0.37924727182539675 0.046502976190476275 0.07905505952380953
25 0.3662329180064309 0.49701693127009644 0.04301899115755625 0.06970960610932464
25 0.4094089127813505 0.4968599276527331 0.042704983922829565 0.06813956993569126
25 0.4510148713826367 0.49733093850482313 0.04050693327974275 0.07033762057877802
25 0.49183581189710607 0.4965459204180064 0.03925090434083611 0.06939559887459795
25 0.5326567524115755 0.4971739348874598 0.04050693327974286 0.06625552652733113
25 0.5745767182475884 0.4984299638263665 0.04144895498392276 0.06437148311897095
25 0.6164966840836013 0.49701693127009644 0.04113494774919624 0.06468549035369764
26 0.6562185992765273 0.495446895096463 0.040820940514469495 0.06280144694533751
26 0.6979815614951768 0.49513288786173615 0.040820940514469495 0.06280144694533724
29 0.4081447259136212 0.7823855377906976 0.05775020764119598 0.11452709717607967
28 0.4569728509136212 0.7854677117940199 0.03795940614617943 0.10576723421926904
