47 0.5704086780548095 0.36201717853546145 0.033272743225097656 0.08322577476501464
47 0.5294229507446289 0.3623642921447754 0.034849357604980535 0.08239231109619138
0 0.47783827781677246 0.6686480522155762 0.050235748291015625 0.17033462524414056
56 0.49219427108764646 0.3634312152862549 0.03157253265380855 0.07999525070190427
0 0.5282637596130371 0.6661664962768554 0.04717044830322259 0.16974353790283203
5 0.5779047966003418 0.6648417472839355 0.04850025177001949 0.16729907989501958
19 0.46018228530883787 0.2465125322341919 0.03902873992919925 0.0740777015686035
16 0.37879512310028074 0.2450129270553589 0.03984746932983402 0.07450122833251954
15 0.494912052154541 0.12345242202281952 0.039774513244628884 0.07617259621620179
14 0.6188564300537109 0.12522815465927123 0.03845500946044922 0.07288162708282472
14 0.6605184555053711 0.12532594203948977 0.04233150482177728 0.07301697731018067
23 0.4997060298919678 0.24698197841644287 0.039050292968749956 0.07262434959411623
14 0.5360288143157959 0.12408364117145537 0.0399955749511719 0.0745180070400238
14 0.5776329040527344 0.12476539909839629 0.04102764129638681 0.0737846791744232
19 0.4198001861572266 0.2460716724395752 0.03922157287597655 0.07475576400756839
52 0.5286967277526855 0.4900904655456543 0.03139038085937507 0.09595422744750975
15 0.4538236618041992 0.1225370854139328 0.04103488922119142 0.07805052399635315
29 0.428058671951294 0.8637403249740601 0.05446453094482423 0.17740025520324698
51 0.42488927841186525 0.4922308921813965 0.03403606414794924 0.09682464599609375
51 0.3895594120025635 0.4925111770629883 0.03400382995605472 0.09839534759521484
2 0.4251642107963562 0.6698622703552246 0.05063555240631101 0.17331600189208984
29 0.37312471866607666 0.8663802146911621 0.052472257614135764 0.17763595581054692
25 0.5797863006591797 0.24708631038665774 0.0389446258544921 0.07315659523010257
17 0.4114527702331543 0.1225661039352417 0.04192228317260738 0.07592301368713378
29 0.5898658752441406 0.8529365539550782 0.05163593292236335 0.17263393402099603
52 0.4602412223815918 0.49195079803466796 0.03292598724365231 0.09628276824951165
56 0.45940961837768557 0.3646172761917114 0.030961036682128906 0.07860722541809084
16 0.33681850433349614 0.25799951553344724 0.040664005279541005 0.10056543350219724
52 0.4948643684387207 0.49133453369140623 0.032431793212890636 0.09550161361694331
25 0.618418025970459 0.24675846099853516 0.037061882019043035 0.07258138656616209
25 0.5399206161499024 0.24714324474334717 0.03800525665283205 0.0731404781341553
17 0.3691213130950928 0.12197685241699219 0.04172124862670901 0.07672243118286132
25 0.6571138381958008 0.24653143882751466 0.03850250244140618 0.07289543151855471
29 0.48299312591552734 0.8601693868637085 0.052900886535644565 0.1743130207061767
17 0.32497372627258303 0.1296947717666626 0.0451974391937256 0.09288763999938966
24 0.4226223468780518 0.368202018737793 0.03887882232666012 0.07500391006469725
29 0.5361376285552979 0.8569308280944824 0.05288410186767578 0.17155933380126953
24 0.3815460205078125 0.3691298484802246 0.039564418792724654 0.07485246658325195
2 0.3706013679504394 0.6687752723693847 0.05536146163940431 0.1781538009643554
5 0.6283859252929688 0.6635866165161133 0.04844684600830074 0.16558570861816402
24 0.34198727607727053 0.3775733709335327 0.037803554534912076 0.09106879234313969
55 0.5626319885253906 0.48922176361083985 0.032568168640136674 0.09501190185546882
55 0.6300445556640625 0.4890552520751953 0.030657577514648482 0.0934097290039062
55 0.5966671943664551 0.48883132934570317 0.03304977416992183 0.09539337158203126
51 0.35070692544342374 0.4935612442672894 0.03400382995605472 0.09839534759521484
