34 0.27362961769104005 0.4107683181762695 0.027381420135498047 0.05176887512207029
0 0.7395874977111816 0.25748186111450194 0.04394397735595701 0.15175333023071289
24 0.34058079719543455 0.5991597652435303 0.02749452590942386 0.047265052795410156
52 0.3139744281768799 0.5072225570678711 0.0266587257385254 0.06794109344482419
26 0.2467486619949341 0.41067728996276853 0.025422143936157215 0.05139703750610353
16 0.263826847076416 0.1885451078414917 0.03110561370849607 0.0542177200317383
14 0.2729285717010498 0.3014315128326416 0.03007049560546876 0.05322546958923341
13 0.5674252986907959 0.6898018836975097 0.04672050476074219 0.08568420410156252
47 0.45076971054077153 0.18802964687347412 0.017837715148925792 0.06630263328552244
33 0.44465713500976567 0.4109941005706787 0.025533485412597645 0.05108442306518557
15 0.33439655303955074 0.302818751335144 0.029143619537353505 0.05230855941772461
16 0.23272581100463868 0.18813452720642088 0.029853630065917985 0.054984903335571295
24 0.36860802173614504 0.5989587783813477 0.027102565765380893 0.04666557312011721
24 0.31288599967956543 0.5987971305847168 0.02577896118164058 0.04769268035888674
16 0.29592189788818357 0.18971331119537355 0.03196487426757816 0.055503129959106445
34 0.3029022216796875 0.4105852246284485 0.02922677993774414 0.052004218101501465
16 0.2008558988571167 0.18669610023498534 0.03215622901916504 0.05639934539794922
16 0.3291120052337646 0.19049094915390014 0.03262071609497069 0.05567290782928466
3 0.6464852333068848 0.2581531763076782 0.042477416992187544 0.1475986957550049
16 0.3614943027496338 0.19142050743103028 0.03090190887451172 0.05504889488220213
2 0.6925561428070068 0.25969828963279723 0.04918851852416983 0.14671021699905396
41 0.7007158279418946 0.49156985282897947 0.0565721511840821 0.05688028335571288
14 0.2415001392364502 0.30036170482635494 0.031086254119873064 0.05285663604736329
52 0.34115800857543943 0.5080676078796387 0.026371908187866222 0.06661720275878902
59 0.2302168130874634 0.5023797035217286 0.027905035018920915 0.0730665206909179
25 0.3996023178100586 0.6805789470672607 0.025674247741699185 0.04682102203369132
33 0.3611504077911377 0.41074981689453127 0.027415370941162143 0.050466346740722645
25 0.3729053497314453 0.6794326782226563 0.026435375213623047 0.04763956069946296
41 0.7599352359771728 0.49323539733886723 0.049746704101562456 0.05601978302001959
29 0.41199975013732915 0.7885611057281494 0.034182357788085926 0.13200464248657218
26 0.2191028594970703 0.4107785224914551 0.029755401611328114 0.052229881286621094
26 0.1879172444343567 0.41063151359558103 0.030877232551574707 0.053635597229003906
25 0.23732006549835205 0.6752931594848632 0.027004098892211892 0.04641227722167962
17 0.17743831872940063 0.2990901231765747 0.03263137340545652 0.05327935218811036
15 0.3660422086715698 0.30304090976715087 0.03179640769958497 0.052334165573120095
25 0.31740598678588866 0.6778947830200195 0.026774787902832053 0.0463631629943847
25 0.2647297859191895 0.6759581565856934 0.025860118865966786 0.04690208435058585
16 0.16750109195709229 0.19197022914886475 0.033127331733703635 0.06753950119018554
24 0.2035198450088501 0.597564697265625 0.02767019271850585 0.04544811248779301
17 0.20943131446838378 0.2993933200836182 0.030294227600097645 0.05314159393310547
25 0.290852689743042 0.6767341136932373 0.025884008407592807 0.0466253280639648
13 0.6150259583084672 0.6860880639817979 0.04569187164306643 0.09014816284179694
24 0.28551175594329836 0.5982972145080566 0.02642264366149899 0.048095989227294966
25 0.2107290267944336 0.6744991302490234 0.023137331008911133 0.045178222656250044
25 0.3446676731109619 0.6787981033325196 0.026565074920654297 0.04687566757202144
16 0.3930597543716431 0.19201912879943847 0.030400991439819336 0.05477910041809081
33 0.4169922828674316 0.41106424331665037 0.0277721405029297 0.049336051940918
33 0.3331848859786988 0.4109347462654114 0.027727556228637706 0.050712752342224166
25 0.4262565612792969 0.6806196689605712 0.02607440948486328 0.04807844161987307
41 0.6938146591186524 0.4294326782226563 0.04576187133789067 0.05570335388183595
41 0.7545381546020509 0.5428357124328613 0.0490694999694824 0.04051856994628911
54 0.4213992118835449 0.5045506000518798 0.02944326400756836 0.0772214889526367
28 0.3181149482727051 0.8174239158630371 0.02862868309020994 0.08815269470214848
24 0.39618911743164065 0.5986860275268555 0.027316474914550748 0.04649810791015618
33 0.3888535022735595 0.4107669353485107 0.027252388000488292 0.04983291625976566
13 0.5257755756378174 0.6897552490234375 0.03544425964355469 0.08368091583251946
28 0.2875082969665527 0.8191794395446778 0.030353450775146507 0.08407897949218746
24 0.4234580993652344 0.5985710144042968 0.026859283447265625 0.046106910705566384
29 0.44118428230285645 0.792844295501709 0.027619361877441406 0.1321434020996093
25 0.4476356983184815 0.6818943977355957 0.017513561248779286 0.045672607421874956
18 0.42545061111450194 0.3036078929901123 0.02816486358642578 0.052454566955566384
24 0.23090784549713134 0.5973224639892578 0.02515187263488769 0.046710872650146396
28 0.3480993628501892 0.817319393157959 0.03091552257537844 0.09044933319091797
59 0.20335142612457274 0.5027285575866699 0.023467350006103532 0.07518272399902343
24 0.44702119827270503 0.6006451606750489 0.019593048095703114 0.04788503646850584
24 0.2577308177947998 0.5976875782012939 0.02677469253540038 0.04751844406127925
28 0.3798915318080357 0.8158991881779263 0.028337751116071452 0.09032934733799525
41 0.7458907127380372 0.4320953369140625 0.04735145568847654 0.05865764617919922
41 0.6993807792663574 0.542537260055542 0.05156660079956055 0.040494441986083984
19 0.30384078025817873 0.30197007656097413 0.029710197448730435 0.05234370231628416
4 0.7869353294372559 0.26261746883392334 0.04917716979980469 0.14987487792968748
47 0.4258884429931641 0.18798532485961916 0.026372146606445324 0.06592192649841308
18 0.39681971073150635 0.3032752990722656 0.027763986587524436 0.05252199172973632
51 0.28637454509735105 0.5062010765075684 0.0260023593902588 0.0685748100280762
51 0.36840927600860596 0.5079094886779785 0.025779342651367165 0.0669837951660156
28 0.2557392716407776 0.8179331302642823 0.030208468437194824 0.08328447341918943
12 0.6763237847222223 0.6889829282407408 0.05063657407407407 0.08897569444444442
12 0.7311001346115136 0.6921162628321256 0.054591573570853646 0.09126377566425115
1 0.5378624867584745 0.48903436175847453 0.03806938559322026 0.13820842161016944
5 0.6014122596153847 0.25614829881656803 0.041605029585798814 0.1496625369822485
8 0.5583626109467457 0.2526812130177515 0.04102718195266275 0.15428531804733728
28 0.22391379731042044 0.8214208534785679 0.030208468437194796 0.08328447341918943
