47 0.6098765850067138 0.22369036078453064 0.0328211784362793 0.08563109636306765
47 0.6425996780395509 0.2228311061859131 0.031003570556640603 0.08332042694091796
47 0.5749953269958497 0.22506556510925294 0.03237228393554681 0.08604226112365726
24 0.41141839027404786 0.54892897605896 0.030531024932861306 0.06008100509643555
54 0.5615931510925293 0.467022180557251 0.022578430175781206 0.08479251861572262
18 0.3842936277389526 0.44939002990722654 0.0327310085296631 0.06355152130126956
18 0.35053262710571287 0.45338287353515627 0.03471689224243163 0.062497901916503895
24 0.3796555519104004 0.5504118442535401 0.031069374084472634 0.06060247421264653
14 0.2471611261367798 0.4605093955993652 0.03414030075073243 0.06508636474609375
27 0.6241844177246094 0.8234332084655762 0.06769523620605467 0.06298236846923821
15 0.3643825054168701 0.21625022888183593 0.03596825599670406 0.08047189712524414
42 0.45277004241943364 0.8320960044860839 0.04306488037109374 0.02827320098876951
50 0.5666319847106933 0.3407497882843018 0.02724313735961914 0.09408979415893554
59 0.7689767360687256 0.44948320388793944 0.02559604644775393 0.0825653076171875
34 0.44525852203369143 0.6428947448730469 0.027173995971679688 0.05808544158935547
26 0.20931859016418458 0.6744754791259766 0.03150038719177248 0.06346988677978516
17 0.17412681579589845 0.2173397958278656 0.03869323730468752 0.08282185792922972
47 0.6767699318474504 0.222074693441391 0.028508377075195268 0.08197556734085082
54 0.5867929458618164 0.46494379043579104 0.026774787902831942 0.0844682693481445
33 0.3889528512954712 0.6452831745147705 0.02669768333435063 0.06198310852050781
59 0.797264575958252 0.4484481334686279 0.02950706481933585 0.08146448135375978
16 0.2995149374008179 0.34583597183227544 0.03740186691284181 0.06977195739746095
50 0.6515174865722657 0.33871898651123045 0.027897453308105447 0.09309930801391603
16 0.26208698749542236 0.3464091300964356 0.03692393302917482 0.07041387557983397
15 0.3290736675262451 0.21619102954864503 0.035365295410156206 0.08081431388854982
59 0.7432088851928711 0.4515777587890625 0.02415943145751953 0.08329133987426757
56 0.7703053474426269 0.2191793441772461 0.027974510192871116 0.07955799102783204
14 0.17480772733688354 0.4696352958679199 0.03742744922637942 0.0737424850463867
59 0.7171805381774903 0.45360984802246096 0.02751083374023444 0.08237915039062499
1 0.687265682220459 0.7018703460693358 0.03617591857910163 0.12459716796874998
16 0.22618908882141114 0.34673457145690917 0.034805107116699235 0.07247114181518555
56 0.8000711679458619 0.21850847601890563 0.030761671066284246 0.0798401951789856
26 0.30061495304107666 0.6598379135131835 0.029869890213012673 0.057622337341308616
16 0.1900947093963623 0.3478614330291748 0.03736534118652346 0.07468662261962894
42 0.4521550178527832 0.8030182838439941 0.0436260223388672 0.02777576446533203
26 0.36055889129638674 0.6527258396148681 0.031133699417114247 0.05522069931030271
34 0.47249641418457033 0.6401063919067382 0.02694664001464847 0.05912866592407229
15 0.29283485412597654 0.21766868233680725 0.03707780838012692 0.08256510496139524
23 0.44685778617858884 0.4456319808959961 0.030275344848632812 0.060017967224121116
16 0.3352965831756592 0.3435791492462158 0.03380308151245115 0.07007751464843753
42 0.4530552864074707 0.8594294548034669 0.04210662841796875 0.024977111816406272
41 0.29829134941101076 0.7876487731933595 0.04377851486206058 0.043599510192871116
14 0.31599233150482176 0.4553413391113281 0.03312077522277829 0.0629374504089355
16 0.4040901303291321 0.34136886596679683 0.03497617244720458 0.06900815963745116
16 0.1521036386489868 0.3514814853668213 0.03832616806030273 0.07967004776000974
42 0.45334467887878416 0.769711971282959 0.04570894241333007 0.03985681533813468
50 0.623203706741333 0.33934731483459474 0.027743530273437567 0.0937481880187988
26 0.24077305793762205 0.6688504219055176 0.030548572540283175 0.06174335479736337
26 0.27093048095703126 0.6629623413085937 0.029722595214843772 0.05911197662353518
61 0.40602970123291016 0.8459338188171386 0.03995389938354488 0.04127635955810549
28 0.695742130279541 0.571268367767334 0.028074550628662154 0.10608921051025388
24 0.4427942752838135 0.5464707374572754 0.030278587341308616 0.05788135528564453
27 0.6861125755647046 0.8188493816254416 0.05635810858790524 0.05383171378091878
14 0.28168020248413084 0.4578400611877441 0.034035444259643555 0.06379947662353519
28 0.6328129768371582 0.5763998031616211 0.03327999114990243 0.1074334144592286
46 0.24429135322570797 0.7268404130012758 0.06512861251831054 0.04108514785766604
16 0.36913237571716306 0.34230408668518064 0.033365440368652355 0.06998844146728517
23 0.4158566951751709 0.44770174026489257 0.029625511169433627 0.061743736267089844
17 0.21402897834777831 0.21651651859283447 0.04118342399597169 0.0814024448394775
14 0.21150421500205993 0.46438894271850584 0.03592778444290162 0.06637287139892578
26 0.3297752380371094 0.6565349102020264 0.029381370544433627 0.05709085464477548
28 0.6657300472259522 0.5739336967468263 0.032306671142578125 0.10627183914184568
41 0.3476404666900635 0.7796391487121581 0.04152069091796873 0.03767528533935549
50 0.5947452545166015 0.34000983238220217 0.028281974792480513 0.09503164291381833
41 0.244659423828125 0.7926418304443359 0.04807205200195311 0.0447309494018554
33 0.4166019439697266 0.6444877624511719 0.027924823760986317 0.05963020324707036
16 0.43794999122619627 0.33912482261657717 0.0327192306518555 0.06895675659179684
25 0.2870635271072388 0.5579171180725098 0.03190140724182128 0.05905551910400386
2 0.7594621181488037 0.6970731258392333 0.039972686767578036 0.1243411064147949
19 0.43433008193969724 0.21550931930541992 0.03322963714599608 0.07922854423522946
41 0.30313692092895506 0.8625069618225099 0.0484623908996582 0.04308948516845701
61 0.40346077680587766 0.7987135887145996 0.04378492832183839 0.0513458251953125
25 0.25506958961486814 0.5609758853912353 0.03059015274047855 0.05831985473632817
25 0.22363200187683108 0.5646338939666748 0.03171119689941407 0.05677366256713867
56 0.8308885574340821 0.21838650107383728 0.02823143005371087 0.08048049211502073
31 0.7261561393737792 0.5748612403869628 0.032633399963378884 0.09122171401977541
16 0.4690764427185059 0.33885688781738277 0.02903919219970702 0.07093029022216796
25 0.34751262664794924 0.5523926734924316 0.029979228973388672 0.059923744201660134
52 0.7592978477478027 0.334515380859375 0.027253913879394576 0.08983087539672852
25 0.19090487957000735 0.5686076164245606 0.03360333442687988 0.060042381286621094
24 0.47218732833862304 0.5451718330383301 0.027692794799804688 0.056224822998046875
25 0.3180038452148437 0.5543370246887207 0.03017263412475585 0.05960493087768559
28 0.5994400024414062 0.5801132202148438 0.03123607635498049 0.10698833465576174
43 0.46680641174316406 0.7203222274780274 0.04554004669189449 0.030830001831054665
44 0.41914072036743166 0.7241530418395996 0.04520998001098636 0.03332862854003915
17 0.14007787704467772 0.22156023979187012 0.028460526466369623 0.08706011772155764
19 0.4661005973815918 0.21654326915740965 0.029635238647460926 0.08113532066345214
1 0.7220738410949707 0.698903751373291 0.03523340225219729 0.12551841735839842
0 0.6484951108109717 0.7090171857597003 0.034658726523904226 0.12386207455903098
15 0.255574369430542 0.2176305055618286 0.03947391510009762 0.0826397895812988
44 0.41933407783508303 0.6934440612792969 0.040401840209960904 0.02756977081298828
32 0.5670989036560059 0.5822781562805176 0.03359270095825195 0.1085607528686523
42 0.37095465660095217 0.7274620056152343 0.045238208770751964 0.0362016677856446
43 0.46724672317504884 0.6902884483337403 0.04214763641357422 0.02583236694335933
42 0.3703810214996338 0.7009973526000977 0.04506111145019531 0.0240686416625977
23 0.47404918670654295 0.44442648887634273 0.02390766143798828 0.06268091201782228
19 0.3993975762398012 0.21705853669874128 0.03109396042362328 0.0823269790218722
46 0.31242921583114136 0.7220690304233182 0.06746175827518591 0.04729339076626682
27 0.7408643360612338 0.8141664751636545 0.050726037985865835 0.05935291519434638
27 0.569705167844523 0.8314446223498233 0.04002871024735 0.06728964222614842
52 0.7861417458520682 0.334515380859375 0.027253913879394576 0.08983087539672852
52 0.8152997731032531 0.33358972920060725 0.027253913879394576 0.08983087539672852
51 0.7323385663507109 0.33731672097156395 0.024529768957345932 0.09997037914691947
51 0.7064203199052133 0.33824237263033174 0.024529768957345932 0.09997037914691947
51 0.6786507701421802 0.3377795468009479 0.024529768957345932 0.09997037914691947
55 0.6145493927725119 0.46274252073459715 0.02591824644549756 0.09534212085308058
31 0.7569890109542149 0.5760592705284069 0.026641871882419954 0.09106466972749994
31 0.7857114374248031 0.5741444420970343 0.026641871882419954 0.09106466972749994
5 0.6116983251633987 0.7106311274509804 0.03255208333333337 0.13339971405228768
