47 0.5580143928527832 0.4598526954650879 0.026628875732421786 0.06296062469482422
47 0.4988724231719971 0.45939483642578127 0.02836685180664067 0.06345729827880858
47 0.586864709854126 0.4600441932678223 0.02580127716064462 0.06204586029052733
47 0.5292131900787354 0.4600050926208496 0.02833213806152335 0.0632499694824219
19 0.511830997467041 0.2631254196166992 0.028962230682373025 0.05717334747314451
56 0.4086575388908386 0.45855188369750977 0.02847445011138916 0.06359853744506838
14 0.5218671798706055 0.17367359399795534 0.030391502380371138 0.07727668285369874
56 0.4389801502227783 0.4587569713592529 0.02770099639892576 0.06307992935180662
19 0.4822691917419434 0.26063065528869633 0.028896903991699252 0.05786676406860353
47 0.6137081146240235 0.4615041732788086 0.02614727020263674 0.06243600845336916
56 0.46759004592895503 0.4589352607727051 0.027007865905761708 0.063720703125
17 0.3569032192230225 0.15123846530914306 0.0336925506591797 0.08054471015930176
17 0.3229097366333008 0.14961366653442382 0.0332449913024902 0.08278241157531738
16 0.6379693984985351 0.18159698247909545 0.028714752197265603 0.06572563648223875
1 0.4213187217712402 0.872963809967041 0.042325210571289074 0.15045833587646484
17 0.3915423393249512 0.1548856735229492 0.034994029998779264 0.08439881801605224
19 0.45185151100158694 0.25737459659576417 0.02946720123291019 0.057573938369751
2 0.3779933929443359 0.8788253784179687 0.043808937072753906 0.1514892578125
25 0.515976858139038 0.36689801216125484 0.027934265136718817 0.07162923812866212
26 0.38288078308105467 0.7125210762023926 0.028502845764160123 0.054170417785644576
25 0.42693319320678713 0.3609321117401123 0.03129272460937499 0.07159595489501958
52 0.4661273956298828 0.5590789794921875 0.026097679138183616 0.07624244689941406
52 0.4921695709228516 0.5592741966247559 0.024191093444824285 0.07566337585449223
59 0.6194667816162109 0.5564128398895263 0.02403869628906241 0.07895097732543943
26 0.35320820808410647 0.7137447834014893 0.02873401641845702 0.05528373718261714
14 0.45804405212402344 0.16584906578063965 0.031516075134277344 0.08115868568420409
33 0.5453184127807618 0.36811168193817134 0.028777694702148415 0.0700706958770752
16 0.5530367851257325 0.1759845495223999 0.03009738922119143 0.07719769477844238
26 0.323423957824707 0.7158744812011719 0.028918933868408214 0.05823936462402346
25 0.4580132484436035 0.3628885269165039 0.029095554351806663 0.07081260681152346
29 0.512871789932251 0.8360321998596192 0.04872550964355471 0.17767353057861335
17 0.4258381843566894 0.15925241708755494 0.032561492919921886 0.08234255313873291
16 0.58232421875 0.17965801954269411 0.02815742492675788 0.07201764583587647
26 0.4110343933105469 0.7095892906188965 0.027385997772216786 0.055227470397949285
54 0.5185215950012207 0.5572057723999023 0.026175308227538996 0.0777837753295898
16 0.6097088813781738 0.18163923025131223 0.026960563659667924 0.06822965145111085
59 0.5694249153137207 0.5559957504272461 0.02559165954589837 0.07563266754150388
25 0.4877173900604248 0.3649834156036377 0.02904758453369144 0.07147932052612305
29 0.5602658271789551 0.8259487152099609 0.04535121917724616 0.17219104766845694
16 0.3564967155456543 0.24952917098999025 0.03245630264282223 0.05956144332885743
25 0.3591031789779663 0.3575294494628906 0.03347172737121579 0.07296929359436033
51 0.43860912322998047 0.5595564365386962 0.02537479400634768 0.07561950683593743
29 0.6035197734832765 0.8197506189346313 0.041197681427001975 0.16680712699890143
25 0.3930718421936035 0.3595888614654541 0.03234729766845701 0.07347679138183594
28 0.5148402214050293 0.6722289085388184 0.03517131805419921 0.10665359497070315
9 0.3317452192306518 0.8831840515136719 0.04540963172912599 0.15752220153808594
14 0.48980169296264653 0.16818540096282958 0.031732749938964855 0.07979083061218262
25 0.32499272823333736 0.35748000144958497 0.03267555236816405 0.07606563568115232
28 0.5495530312604244 0.6698617680238026 0.033009243011474676 0.10435886383056647
16 0.4208380222320557 0.25547749996185304 0.030842876434326205 0.05762219429016113
33 0.5738558769226074 0.3689771890640259 0.0275934219360352 0.0683471202850342
34 0.6017670631408691 0.3708935737609863 0.027085494995117143 0.06799993515014652
59 0.5948283195495605 0.5554625988006592 0.02380657196044922 0.07651023864746098
23 0.6011462211608887 0.26941447257995604 0.02785778045654297 0.05353403091430664
18 0.5423548221588135 0.2656171560287476 0.03049688339233403 0.05571913719177249
31 0.5809773360148516 0.6743374168282689 0.030215423886138626 0.09075597536445845
34 0.628516674041748 0.37156500816345217 0.024986457824706987 0.06732463836669922
51 0.41194376945495603 0.5611804485321046 0.025779819488525424 0.07541885375976565
23 0.5722838878631592 0.2675649404525757 0.028636169433593706 0.05458941459655761
23 0.6283323287963867 0.2703063488006592 0.02601203918457029 0.05321922302246096
16 0.38923418521881104 0.25151758193969725 0.03159852027893062 0.05950593948364258
55 0.5439021110534668 0.5566092491149903 0.024213409423828103 0.07546844482421877
16 0.3234010219573975 0.2555783987045288 0.03254671096801759 0.07592716217041018
54 0.5440521717071534 0.5568900585174561 0.0246151924133301 0.0758181571960449
3 0.4664999961853027 0.8727179527282716 0.043078231811523426 0.14949474334716795
31 0.6079294941212872 0.6732496615683679 0.02272199876237635 0.09051425197336938
