59 0.5910888195037842 0.9160857200622559 0.040501308441162176 0.14402465820312504
16 0.45973439216613765 0.7022720813751221 0.04107027053833007 0.10179071426391606
16 0.41959773302078246 0.5997543334960938 0.042798399925231934 0.09776134490966792
25 0.5539623260498047 0.702633285522461 0.04321651458740239 0.1011407852172852
59 0.5071579456329345 0.9118390083312988 0.04066095352172849 0.1461542129516602
25 0.508427619934082 0.5996087074279786 0.04301595687866211 0.09743690490722656
3 0.3072486162185669 0.6385795593261718 0.06248316764831546 0.2219654083251953
59 0.5488368511199951 0.9144081115722656 0.038176536560058594 0.14217376708984375
16 0.4636105537414551 0.599383020401001 0.042522048950195346 0.09807081222534175
25 0.5061312675476075 0.7026684761047364 0.0441001892089844 0.10214519500732422
25 0.5529159545898438 0.599657917022705 0.04236526489257808 0.0969358444213867
28 0.6570733070373536 0.6585826396942138 0.05604362487792969 0.1799496650695801
2 0.36806201934814453 0.6404857635498047 0.056458568572998025 0.2224379539489747
16 0.4174988269805908 0.7027276515960694 0.038648033142089866 0.10046586990356443
28 0.7130427837371827 0.6593944549560546 0.05099287033081057 0.17841396331787107
28 0.6021391868591308 0.6571525573730469 0.04860839843749998 0.18666744232177734
41 0.38462856359649117 0.42489035087719296 0.05825109649122806 0.08566337719298245
