58 0.3028214570063694 0.36626691878980894 0.10698646496815287 0.06593351910828027
58 0.4082528861464968 0.36626691878980894 0.09641222133757965 0.06593351910828027
58 0.4105597266976779 0.4416237101283916 0.09641222133757965 0.06593351910828027
58 0.30512829755755055 0.4416237101283916 0.10698646496815284 0.06593351910828027
35 0.5057071834415585 0.37253956980519476 0.09702211850649356 0.05643770292207789
35 0.6065340909090908 0.36683238636363635 0.09702211850649356 0.05643770292207789
35 0.6071939304361178 0.44601312960687955 0.09702211850649356 0.05643770292207789
35 0.5068983223280099 0.4479926481879606 0.09702211850649373 0.05643770292207789
35 0.7067434454842543 0.3770448046642899 0.09702211850649356 0.05643770292207789
35 0.8069528000594177 0.37512997623291733 0.09702211850649356 0.05643770292207789
35 0.7067434454842543 0.44534035204991074 0.09702211850649356 0.05643770292207789
35 0.8063145239156269 0.4447020759061199 0.09702211850649356 0.05643770292207789
