45 0.6302354335784912 0.6159128189086914 0.06648550033569345 0.08114433288574219
41 0.2998199462890625 0.5178547859191894 0.05904331207275393 0.07140502929687503
41 0.3671253442764282 0.5153449058532715 0.05680398941040038 0.07065296173095709
41 0.49428424835205076 0.5116194248199463 0.055032444000244096 0.06945161819458007
41 0.43474721908569336 0.24933404922485353 0.06060028076171875 0.05474634170532225
41 0.43662028312683104 0.19266998767852783 0.0536933898925781 0.05789375305175781
41 0.617516851425171 0.5077354431152343 0.0518974304199219 0.0687191009521485
41 0.4317498683929443 0.5130955696105957 0.05580987930297854 0.07046890258789057
41 0.5563794612884522 0.5084242820739746 0.05417280197143559 0.0704193115234375
45 0.6959985256195069 0.6156522750854492 0.06599988937377932 0.08601665496826172
45 0.5604231834411622 0.6227814674377441 0.07321014404296877 0.08841381072998045
41 0.36478190422058104 0.24975004196166994 0.060912132263183594 0.05399513244628909
41 0.7958072662353516 0.5036185264587403 0.054352760314941406 0.06697349548339837
41 0.2915659427642822 0.19312137365341187 0.060950279235839844 0.05814459323883059
41 0.7342349052429199 0.5048050880432129 0.05491781234741211 0.06716442108154297
46 0.3062052249908447 0.6575127124786377 0.0738243579864502 0.04556436538696296
41 0.6734185695648194 0.5035121440887451 0.05177726745605471 0.06433458328247066
45 0.7703207969665528 0.6123634338378907 0.07955856323242183 0.0837226867675781
41 0.3656505346298218 0.19355125427246095 0.05789217948913572 0.056877040863037104
45 0.48141326904296877 0.6280046463012696 0.08294410705566407 0.09544715881347654
46 0.38897945305396775 0.6462489276096739 0.08305050093552163 0.05206143280555464
43 0.6405375466417909 0.19507929104477612 0.05247201492537312 0.05587297885572137
43 0.6390799906716416 0.25143812189054726 0.05247201492537312 0.055872978855721345
43 0.5028568097014924 0.25094255286069644 0.052472014925372956 0.055872978855721345
44 0.7147502382445061 0.24853296303150238 0.05915002102342537 0.05583363861361207
41 0.29642446266477973 0.25045190847928256 0.060950279235839844 0.058144593238830616
46 0.3885371767241379 0.6024719879545015 0.08216594827586204 0.03455065694348558
46 0.3095726818873964 0.6117152986855343 0.0738243579864502 0.04556436538696296
43 0.570069574004975 0.25339124689054726 0.05247201492537312 0.0558729788557214
43 0.5715271299751243 0.19703241604477612 0.05247201492537312 0.05587297885572137
