54 0.6739474773406983 0.36337506771087646 0.025725841522216797 0.08303704261779787
47 0.4635893821716308 0.3726078510284424 0.0254528045654297 0.0627249717712402
14 0.5423017501831056 0.1975022554397583 0.02748813629150393 0.06459131240844729
14 0.5143425464630127 0.1981319308280945 0.026515388488769442 0.06455667018890379
18 0.40820260047912593 0.2827177524566651 0.027640056610107433 0.06442289352416991
23 0.4880234718322754 0.2805960655212402 0.02640399932861326 0.0629486083984375
18 0.43467006683349607 0.2819446802139282 0.0255568504333496 0.06313490867614746
19 0.6539039134979248 0.19217867851257325 0.02553682327270501 0.0668079376220703
15 0.48741302490234373 0.19833837747573851 0.02574844360351558 0.0638873815536499
43 0.5195823669433594 0.6280750274658202 0.043041229248046875 0.03174505233764646
15 0.46036615371704104 0.1985698699951172 0.02651252746582028 0.06242914199829103
25 0.5147038459777833 0.279760479927063 0.02562847137451174 0.06239676475524902
41 0.47651185989379885 0.5465963363647461 0.04063129425048828 0.04583721160888665
41 0.5199367523193359 0.499005651473999 0.04100666046142576 0.046775913238525424
16 0.6267100334167481 0.19312276840209963 0.027288055419921853 0.06582984924316407
41 0.4741234302520752 0.49882736206054684 0.040648365020751975 0.04606494903564451
41 0.5203836917877198 0.5462851524353027 0.04001293182373045 0.044463157653808594
26 0.6773402214050293 0.2754230499267578 0.02415409088134768 0.06247282028198242
43 0.5197840690612793 0.65869140625 0.04172353744506835 0.02681312561035165
29 0.5446460723876954 0.7623682498931885 0.04200458526611328 0.15894956588745124
16 0.5979555130004883 0.1942734956741333 0.027947330474853538 0.06501989364624022
16 0.5698159217834473 0.19575588703155516 0.026195526123046875 0.06469497680664063
26 0.6216720581054688 0.2759528636932373 0.028148651123046875 0.061756420135498064
43 0.6050287246704101 0.6276303291320801 0.0408838272094727 0.031582641601562544
43 0.5614451885223388 0.5939826011657715 0.039718914031982355 0.029603767395019576
25 0.5670966148376465 0.2781477928161621 0.025426864624023438 0.061967849731445285
41 0.4295918941497803 0.5001737594604492 0.041552066802978516 0.04711675643920893
26 0.6505979537963867 0.2754745960235596 0.026740837097168013 0.06206197738647462
23 0.4609036445617676 0.28127264976501465 0.025907516479492188 0.0629725456237793
25 0.540785551071167 0.27911658287048335 0.02601556777954106 0.06251578330993651
41 0.5177199363708496 0.44909143447875977 0.03902664184570315 0.04890003204345705
43 0.5189420700073242 0.5955477714538574 0.040295982360839866 0.03031635284423828
17 0.4338794708251953 0.1992863893508911 0.026283836364746127 0.06127400398254393
41 0.42625975608825684 0.4498715400695801 0.03954610824584959 0.051025009155273415
26 0.5939061641693115 0.2772610425949097 0.025562953948974565 0.06130752563476563
19 0.6808586597442627 0.19085559844970704 0.026624298095703103 0.06787533760070802
28 0.507861852645874 0.8023494482040405 0.03173637390136719 0.10397191047668453
17 0.4067413806915283 0.200192791223526 0.027249908447265603 0.0633262515068054
41 0.43215117454528806 0.5478337287902832 0.041346359252929676 0.04986763000488281
43 0.5631629943847656 0.6267689228057862 0.03969573974609375 0.032867050170898415
41 0.472523832321167 0.4488988399505615 0.04062528610229493 0.0481992721557617
29 0.6273932456970215 0.764119815826416 0.04209423065185547 0.15205993652343752
56 0.43715248107910154 0.37292735576629643 0.024807357788085904 0.06137137413024901
43 0.6036928653717041 0.5943535327911377 0.03874845504760738 0.029622364044189498
29 0.5862570762634277 0.7629841804504394 0.03997592926025395 0.1576417922973633
52 0.6475109100341797 0.36390776634216304 0.024320793151855424 0.07882184982299806
55 0.598086166381836 0.3626685619354248 0.024858093261718728 0.076076602935791
43 0.6047201156616211 0.6588537216186523 0.040845489501953214 0.02820453643798826
43 0.5624306678771973 0.6583721160888671 0.0392030715942383 0.028751182556152277
43 0.47614421844482424 0.659892463684082 0.03923692703247067 0.025373649597167924
29 0.6676168441772461 0.7684594631195069 0.03783283233642587 0.15654516220092773
44 0.47708749771118164 0.6299890518188477 0.038469123840332076 0.03257389068603511
28 0.47602214813232424 0.8028354644775391 0.03138952255249022 0.1041311264038085
31 0.4474334716796875 0.806048583984375 0.02658557891845703 0.09276371002197259
27 0.6538817405700683 0.6156743049621582 0.05390300750732424 0.047053623199462824
51 0.5697716323581672 0.36324640956856086 0.024858093261718728 0.076076602935791
31 0.42027463292229106 0.806048583984375 0.02658557891845703 0.09276371002197259
59 0.5172168533236995 0.3667810693641619 0.023143966763005785 0.07789920520231214
44 0.4756583818575231 0.5985485030383599 0.038469123840332076 0.03257389068603511
