18 0.42659530639648435 0.2373959541320801 0.03417491912841797 0.08967361450195313
59 0.5620466232299806 0.33943102359771726 0.02728328704833982 0.09880146980285648
24 0.5929521560668944 0.23248887062072754 0.0314308166503906 0.08385438919067381
25 0.46276607513427737 0.2360706388950348 0.03515119552612306 0.08932865858078004
17 0.2522888660430908 0.11363390684127807 0.03953280448913574 0.09749867916107177
54 0.5326137542724609 0.34137587547302245 0.028650665283203036 0.10044441223144529
17 0.29400386810302737 0.11402355432510375 0.04308376312255863 0.09862382411956787
26 0.4356184959411621 0.4873189926147461 0.030903244018554654 0.0770198822021484
59 0.5919380207975468 0.33787248520080204 0.027763179961792783 0.09682468597046628
17 0.4119863510131836 0.11617995500564576 0.03743515014648435 0.0956392765045166
16 0.4490694046020508 0.11694427728652954 0.036505985260009755 0.09188466072082518
16 0.48594346046447756 0.11813112497329711 0.03449888229370118 0.09048235416412354
26 0.6201225757598876 0.46691360473632815 0.026989555358886697 0.06908645629882809
25 0.5301604747772217 0.23422436714172362 0.03273439407348633 0.08546762466430666
34 0.40214905738830564 0.4904586791992187 0.031489181518554676 0.0788400650024414
14 0.27093009948730473 0.23849821090698242 0.03594212532043456 0.09469923973083494
19 0.38887667655944824 0.23693702220916749 0.038694572448730424 0.09245295524597169
41 0.42486315965652466 0.9546701431274414 0.0511762380599976 0.05072975158691406
16 0.5542666435241699 0.11986379325389862 0.033561325073242165 0.08954115509986876
26 0.49989047050476076 0.4806510925292969 0.03104581832885739 0.07306041717529299
25 0.5619039535522461 0.23318480849266052 0.02981777191162105 0.08404217958450316
19 0.34755058288574214 0.23794174790382386 0.038407135009765614 0.09181727170944215
17 0.37394576072692876 0.11619551479816437 0.03847866058349608 0.09731573462486266
26 0.5628704071044921 0.47318086624145506 0.027641677856445335 0.06883258819580074
16 0.5197922706604003 0.11990984678268432 0.0319181442260742 0.09053850173950195
26 0.5332685470581054 0.47475347518920896 0.029103469848632768 0.06915445327758785
46 0.4069251537322998 0.6633193969726563 0.06800136566162107 0.05425586700439455
29 0.47729945182800293 0.8552675485610961 0.05436372756958008 0.1928828716278076
17 0.33460164070129395 0.11448094844818116 0.04020805358886714 0.0972294330596924
26 0.46756935119628906 0.48390216827392574 0.031090927124023393 0.07429676055908202
25 0.4971649169921875 0.23541789650917053 0.03218479156494147 0.08714436292648314
26 0.59105224609375 0.4695553779602051 0.027559089660644465 0.06865406036376953
16 0.5866058349609375 0.11883059740066529 0.030071258544921875 0.08551943302154541
14 0.30891699790954585 0.23828563690185545 0.036054420471191395 0.09302082061767578
24 0.6229682922363281 0.23080491423606872 0.028460216522216752 0.08336039781570431
52 0.4712498664855957 0.3472175598144531 0.02947368621826174 0.1012330532073975
33 0.3355896234512329 0.4970705032348633 0.035323762893676725 0.08409748077392576
16 0.6181470870971679 0.11963244676589965 0.029930305480957098 0.08819942474365233
34 0.3694332122802735 0.49269647598266597 0.029964637756347667 0.08175659179687494
29 0.5286813735961915 0.8395805358886719 0.0500455856323242 0.18707313537597647
46 0.6124751091003418 0.6275704860687257 0.06378517150878904 0.04698648452758791
33 0.2992232799530029 0.5003805160522461 0.035290813446044955 0.08580627441406247
41 0.3620763377366562 0.976395798161019 0.05136466026306152 0.04844036102294913
41 0.3576051235198975 0.9149078369140625 0.050958061218261685 0.05175971984863281
50 0.33948655128479 0.35277991294860844 0.039142322540283214 0.10962362289428712
56 0.2850057363510132 0.36545712947845455 0.036100244522094704 0.09706168174743651
51 0.43916072845458987 0.3485961675643921 0.029514122009277333 0.10078620910644531
31 0.574130360938139 0.8597185615861671 0.03152166678768975 0.10791131345573513
55 0.5034127184139785 0.3432774697580645 0.028351814516129004 0.10290658602150532
46 0.47728359801794895 0.6519698496787778 0.07010938326517735 0.05150804929835817
46 0.5473709424336752 0.6391212253160374 0.06378517150878904 0.04698648452758791
46 0.34287105426993425 0.6827456402522261 0.06800136566162107 0.05425586700439455
46 0.3906530536631102 0.6171438181272118 0.06380898003937097 0.04055023706087513
46 0.45575722032977684 0.6060567876344085 0.06590911444797315 0.03937752016129037
41 0.422298803120634 0.9023023257290359 0.04561266098579353 0.05648111496528563
41 0.41491648381174157 0.8435515805485694 0.04562043795620441 0.06147085036674549
41 0.3465656364051095 0.7971614726268462 0.04954094434306572 0.06503494708207391
41 0.351484412414952 0.8586982409295836 0.05239222171532848 0.05845118613138678
41 0.41391612732577293 0.7841348592489498 0.047621150928141676 0.05771453232768686
31 0.604942159816344 0.8558584380200402 0.029994222877433252 0.10651697725465548
31 0.6433154889929149 0.8500185823633604 0.03172839701417007 0.09879096027327938
