25 0.552806712962963 0.2978153935185185 0.02350983796296302 0.06546585648148145
25 0.5538917824074074 0.3560474537037037 0.02567997685185186 0.05027488425925919
25 0.5806568287037037 0.3578559027777778 0.02567997685185186 0.05027488425925919
25 0.5826461226851851 0.29799623842592593 0.02748842592592593 0.06799768518518512
25 0.6070601851851851 0.35930266203703703 0.02567997685185186 0.05027488425925919
15 0.610496238425926 0.2987196180555556 0.02893518518518523 0.06655092592592593
16 0.6379975818452381 0.29932674024470896 0.025344122023809534 0.06678344080687831
14 0.6352719907407408 0.35966435185185186 0.0278501157407407 0.048828125
19 0.6634837962962965 0.3598451967592592 0.02495659722222221 0.048466435185185175
23 0.6904477719907407 0.3599537037037037 0.02672887731481477 0.049623842592592615
23 0.6918764467592593 0.30161313657407407 0.02821180555555558 0.06582754629629628
19 0.6643880208333335 0.30070891203703703 0.026765046296296058 0.0669126157407407
47 0.5273615416244939 0.2859504300447968 0.02542620824898778 0.07689832972522123
56 0.5262898708108412 0.3537975087625581 0.02387152777777779 0.056423611111111105
26 0.718822337962963 0.3041449652777778 0.02640335648148151 0.06727430555555552
26 0.7452256944444444 0.303783275462963 0.02640335648148151 0.06727430555555552
26 0.7401258680555556 0.36257595486111116 0.02560763888888884 0.04958767361111105
26 0.716652199074074 0.36255787037037035 0.022063078703703498 0.048828125
28 0.5513255408842709 0.7120616824127907 0.028956213662790775 0.09680459665697683
29 0.6486892700195312 0.8270263671875 0.0499725341796875 0.1373291015625
51 0.3462037454873646 0.6141414711191335 0.022563176895306847 0.07615072202166062
34 0.29588756457269544 0.6138799279875544 0.02346511109484939 0.07526360972886248
59 0.3943267712093863 0.6166093185920578 0.02432592509025272 0.07544562274368227
54 0.4179507731445344 0.6166670181575981 0.02080042870036103 0.0757981723826715
41 0.25928119412479367 0.6963927539886301 0.04355651418943696 0.04703474578213829
41 0.2160016093197147 0.7435899318609023 0.037080004699248104 0.045891094924812026
46 0.3095286422166084 0.7196161432642114 0.05520625059863027 0.06520262888511086
46 0.3650258832790575 0.729547326965902 0.05493031942914611 0.057998299889852056
2 0.33205484559045606 0.8245429927388502 0.0363372093023257 0.10706499169435224
41 0.21224822077920544 0.6956746933268655 0.0435565141894369 0.04703474578213829
41 0.259640224455676 0.7427076666724536 0.04355651418943696 0.04703474578213829
11 0.3682824337121212 0.8259351325757576 0.03876657196969696 0.10949337121212122
