41 0.6040701866149902 0.4160367488861084 0.09308471679687491 0.11001205444335938
41 0.5021535873413085 0.4132095813751221 0.09020557403564455 0.11471567153930667
41 0.40178643465042113 0.5171868324279785 0.08888185024261475 0.09568433761596679
41 0.6975363731384276 0.5206763267517089 0.09261999130249021 0.09727783203125007
41 0.7083061218261719 0.4178934574127197 0.10001239776611326 0.10903024673461914
41 0.39976677894592283 0.4134248733520508 0.09476633071899415 0.1138876914978027
41 0.5988613605499267 0.5198787212371826 0.0860711097717285 0.09638719558715819
41 0.5007724761962891 0.5189683914184571 0.08524665832519535 0.08710994720458987
61 0.29596696820175433 0.40133292214912275 0.09508634868421048 0.12421189692982454
61 0.30581825657894735 0.5114103618421052 0.08737664473684209 0.09251644736842102
