47 0.6230181694030761 0.6522339820861816 0.03893222808837893 0.07314767837524416
15 0.5238980293273926 0.35783138275146487 0.04890251159667969 0.09598789215087894
19 0.3816995620727539 0.46485605239868166 0.04360008239746094 0.09079341888427739
15 0.4751420974731445 0.352260422706604 0.04585590362548825 0.10050463676452637
14 0.5734220504760743 0.36297154426574707 0.04770507812500002 0.10033836364746096
17 0.28092169761657715 0.3480361461639404 0.055749797821044944 0.09391002655029296
19 0.3392794609069824 0.46213679313659667 0.04254436492919922 0.09012441635131829
16 0.4667591571807861 0.46714029312133787 0.04410429000854493 0.08661479949951167
26 0.5671049118041992 0.5634443283081054 0.038639068603515625 0.0760520935058594
26 0.6069023132324218 0.5623310089111329 0.039756393432617165 0.07498149871826165
16 0.5559709548950196 0.4675167083740234 0.04314289093017576 0.08482723236083978
15 0.3805745124816895 0.3492853879928589 0.047542285919189464 0.09764780998229977
52 0.46556568145751953 0.6504498481750488 0.03533248901367192 0.07742195129394536
15 0.4280713558197021 0.3502509117126465 0.04548273086547855 0.09859619140624998
16 0.5117417335510254 0.46589083671569825 0.04333667755126952 0.08422966003417975
17 0.3330173015594482 0.3482568025588989 0.0462812900543213 0.09555182456970218
19 0.6711457252502442 0.3636786937713623 0.04800815582275397 0.09918212890625
26 0.5275133609771728 0.5642330646514893 0.03837728500366211 0.07826204299926753
19 0.42396945953369136 0.46598367691040044 0.04106884002685546 0.0883407592773438
26 0.6464848041534423 0.5618483543395996 0.03834476470947268 0.07495784759521484
19 0.2946579933166504 0.46102399826049806 0.04599056243896482 0.089725399017334
59 0.32136855125427244 0.6440874576568604 0.03788137435913086 0.07877492904663086
25 0.36432275772094724 0.5580467700958252 0.039509201049804654 0.07585506439208978
25 0.4440495491027832 0.5619996070861817 0.039128684997558616 0.07949380874633782
25 0.40453624725341797 0.5593338489532471 0.039275169372558594 0.07735280990600579
18 0.6416545867919923 0.46735286712646484 0.04362068176269529 0.07531013488769528
19 0.6225756645202637 0.36158757209777836 0.047893524169921875 0.09722261428833007
54 0.5029685020446777 0.6501955032348633 0.03662853240966796 0.07917995452880855
24 0.4857787132263184 0.5640241146087646 0.04204158782958989 0.08015785217285154
18 0.5988995552062988 0.46719889640808104 0.04003009796142576 0.0799075126647949
28 0.5041254997253418 0.8483558893203735 0.04479064941406247 0.1214564800262452
56 0.5840394973754883 0.6515347957611084 0.032928085327148415 0.07540225982666016
23 0.3226360321044922 0.5564886569976807 0.04219679832458495 0.07359027862548828
56 0.5457368850708009 0.6516332626342773 0.0372499465942383 0.0755722045898437
29 0.45206475257873535 0.8257426977157593 0.05832023620605464 0.17814869880676265
51 0.4271911982248521 0.6485068417159763 0.034093010355029596 0.07916512573964496
51 0.39078679733727806 0.6490846893491125 0.034093010355029596 0.07916512573964496
