31 0.6250913619995118 0.7154797554016114 0.01850118637084963 0.06140785217285161
31 0.6443138979823212 0.7153440681311602 0.01928289392606808 0.06140876467762102
31 0.6062607728718408 0.7145029151374525 0.01747760043118174 0.06186102153173556
29 0.48839495496232377 0.8407574779303499 0.032052749071934394 0.1213163124498472
28 0.5641483892094006 0.7054514957196785 0.020342232964255635 0.07981871113632666
29 0.5528249740600586 0.8415149450302124 0.031229591369628995 0.12181744575500497
28 0.5221207821007932 0.7052622910701867 0.02033057935310134 0.07766473365552506
28 0.5426285006783225 0.7056967598019224 0.021691660447554217 0.07912552717960253
28 0.5860499815507368 0.7057564807660652 0.02153178128329203 0.08042868122910007
29 0.5855181058247885 0.8411196130694765 0.03339087168375643 0.12388221856319559
29 0.6494227409362794 0.843989372253418 0.03243198394775393 0.12623901367187496
29 0.6178997892321962 0.8428424329468698 0.02958867911136509 0.12436857801495182
29 0.521108341217041 0.8417596578598022 0.03184452056884768 0.12035374641418461
31 0.6640586042664742 0.7154574368169399 0.019282893926067968 0.0627027834699454
32 0.5005336407103825 0.7043843920765027 0.01974470628415298 0.08057974726775963
32 0.47825414105191255 0.7042509818989071 0.02214608948087432 0.07977928620218588
