17 0.3569502592086792 0.09093846082687379 0.07671937942504886 0.16962730884552002
17 0.27668309211730957 0.09029152393341065 0.08048048019409182 0.17145333290100098
17 0.43521709442138673 0.09184883832931519 0.0747958183288574 0.17040703296661378
17 0.18715324401855468 0.09096015691757202 0.09215731620788575 0.17910077571868896
15 0.5869851112365723 0.09774177074432373 0.07609844207763672 0.16448740959167482
15 0.662986946105957 0.09761182069778443 0.07190608978271484 0.16201417446136473
15 0.43055348396301274 0.3049870491027832 0.06303625106811522 0.12486190795898439
0 0.43647494316101076 0.7889164924621581 0.0430591583251953 0.11798610687255862
19 0.5353710174560546 0.4660616397857666 0.05353603363037107 0.09577980041503908
5 0.48528470993041994 0.7858919143676758 0.04806499481201176 0.12076091766357422
15 0.7355547904968261 0.09871003627777099 0.06842899322509766 0.16175446510314942
15 0.8069250106811523 0.10033348798751832 0.07169399261474607 0.16070032119750977
15 0.5649358749389648 0.3038866996765137 0.0640115737915039 0.11880130767822267
15 0.36442012786865235 0.3050262689590454 0.06536626815795898 0.12421026229858398
19 0.6443958759307862 0.4653501987457276 0.051215171813964844 0.09147377014160157
14 0.5099793434143066 0.09429073929786683 0.0685129165649414 0.17119330167770386
15 0.22538360953330994 0.30713844299316406 0.06950331926345824 0.12940311431884766
26 0.6264558792114258 0.566457462310791 0.046327304840087846 0.07364463806152344
15 0.2957471370697021 0.3053785800933838 0.06687383651733397 0.12661514282226563
15 0.4974841117858887 0.30581810474395754 0.06482124328613281 0.11910810470581051
41 0.4881093978881836 0.6924189567565918 0.06363544464111326 0.04978199005126949
52 0.31855943202972414 0.45405931472778316 0.05241818428039552 0.12484693527221674
19 0.5907349586486816 0.46728115081787114 0.05369644165039067 0.09064788818359376
26 0.6744278907775878 0.5646617412567139 0.04903640747070315 0.07193431854248056
25 0.4813077449798584 0.5711469650268555 0.046336078643798795 0.0767877578735352
25 0.5780676364898681 0.5675959587097168 0.04750900268554692 0.07530021667480469
16 0.7549247741699219 0.30098519325256345 0.05842189788818364 0.11813211441040036
25 0.2780491352081299 0.5789298057556153 0.05406522750854492 0.08192567825317387
54 0.26386237144470215 0.4535061717033386 0.05212001800537111 0.12108042240142819
25 0.432712459564209 0.5729344367980957 0.048563766479492176 0.07693538665771482
25 0.5298654556274414 0.5689496040344237 0.047041893005371094 0.07515678405761717
25 0.38233461380004885 0.5746295928955079 0.04953880310058595 0.07803611755371087
19 0.6999194145202636 0.4635777473449707 0.0532609939575196 0.08936347961425778
25 0.33130297660827634 0.5763435363769531 0.05057964324951175 0.07977743148803706
51 0.37366249561309817 0.45322149991989136 0.050922441482543934 0.11993849277496338
15 0.6943627357482911 0.3017750263214112 0.061729049682617165 0.11680574417114259
15 0.6299479484558106 0.30180332660675047 0.06256694793701179 0.12124295234680177
41 0.3249623775482178 0.7006832122802735 0.07130870819091795 0.05246791839599607
2 0.3879608392715454 0.8033525466918945 0.0504910945892334 0.1301795959472657
41 0.4118759274482727 0.6943893432617188 0.06452748775482181 0.053944396972656294
25 0.6007380485534668 0.797702407836914 0.059708023071288974 0.06845397949218746
41 0.5626550197601319 0.6869165420532226 0.06282253265380866 0.05160503387451165
13 0.5416504859924316 0.8012388229370118 0.05935115814208991 0.07270736694335944
55 0.4280719757080078 0.45315728187561033 0.049827957153320335 0.12093210220336914
41 0.6324094840458461 0.6791660460214766 0.06282253265380866 0.05160503387451165
3 0.33133370535714285 0.8068266369047619 0.05812872023809523 0.13330853174603174
