18 0.3198321580886841 0.5791755199432373 0.06211543083190918 0.1330061912536621
16 0.5218661308288575 0.5906250953674317 0.06013107299804693 0.14359569549560547
14 0.8067812204360962 0.45666871070861814 0.07556757926940916 0.16232271194458003
16 0.48333311080932617 0.42632846832275395 0.05308856964111325 0.13812799453735353
16 0.4610146999359131 0.581375503540039 0.05704488754272463 0.1396475791931152
25 0.6519979476928711 0.6063591003417969 0.06527328491210938 0.14966726303100586
25 0.5850670814514161 0.597052526473999 0.06056613922119147 0.1458731651306152
14 0.7907185077667236 0.6382245540618896 0.07253122329711914 0.1528635025024414
25 0.6611334800720214 0.445021915435791 0.06859302520751953 0.15458192825317385
14 0.7321056365966797 0.45177067518234254 0.06972961425781254 0.15947992801666266
25 0.5900673866271973 0.43995041847229005 0.06509723663330069 0.15250940322875983
17 0.40104331970214846 0.5765718460083008 0.05942497253417972 0.13267631530761714
16 0.5338894844055175 0.4314585566520691 0.04528884887695306 0.14368002414703374
14 0.7202651977539063 0.6212648868560791 0.06094646453857422 0.15957374572753913
25 0.43600697517395015 0.41840580701828 0.040572357177734386 0.1265960931777954
17 0.25225975513458254 0.5742798805236817 0.06361465454101561 0.1205009460449219
17 0.2681249856948853 0.4214792251586914 0.0596475124359131 0.13996067047119143
18 0.3459449768066406 0.42231311798095705 0.05922427177429196 0.14555187225341798
56 0.24545811760355027 0.22061066937869822 0.06818602071005914 0.20224667159763313
