47 0.3846367120742798 0.4209840655326843 0.03029489517211914 0.07362539768218995
54 0.46089811325073243 0.5363375663757324 0.03058481216430664 0.09318485260009768
14 0.3176478862762451 0.23970041275024412 0.031293678283691395 0.07082571983337402
18 0.384219479560852 0.3124232292175293 0.033635663986206044 0.0708343029022217
52 0.3723879337310791 0.5386486053466797 0.02823696136474607 0.08899345397949215
18 0.38438873291015624 0.23985610008239744 0.032174110412597656 0.07085027694702148
28 0.3836533784866333 0.6603050231933594 0.036914205551147494 0.12047748565673833
26 0.22212443351745603 0.4265060901641846 0.03450527191162109 0.07195158004760743
26 0.18843278884887693 0.4277449607849121 0.031283712387084966 0.0724802017211914
17 0.21425709128379822 0.3101587533950806 0.0342268109321594 0.07239489555358886
17 0.22129528522491454 0.23631982803344725 0.030483245849609375 0.06912574768066404
52 0.4017494678497314 0.5372098922729491 0.028585338592529264 0.08936176300048826
17 0.25235559940338137 0.23696722984313967 0.030270242691040006 0.06974563598632813
19 0.3145201921463012 0.3136928081512451 0.03118295669555665 0.07192907333374021
19 0.28134605884552 0.3121253490447998 0.03355011940002445 0.07289299964904788
51 0.34208950996398924 0.5394620418548584 0.02938880920410153 0.09044399261474612
17 0.18816931247711183 0.23594255447387694 0.034763050079345686 0.06851892471313475
28 0.30992991924285884 0.6641298294067383 0.03619403839111329 0.12055892944335933
46 0.5829517364501953 0.5053558349609375 0.06488151550292975 0.0575769424438477
56 0.31875488758087156 0.42089501619338987 0.029053306579589877 0.07489259243011476
43 0.648614501953125 0.18861323595046997 0.05246334075927739 0.053125405311584495
17 0.18075196743011473 0.30928518772125246 0.030702900886535628 0.0719595432281494
31 0.23927884101867675 0.6769558429718018 0.03281202316284179 0.10334396362304688
23 0.3488948822021485 0.31288585662841795 0.0354172706604004 0.07166595458984376
46 0.7158803939819336 0.506411361694336 0.05501956939697261 0.04744052886962896
17 0.2482151508331299 0.31136722564697267 0.03098320960998535 0.07264862060546873
28 0.3467819929122925 0.6627767086029053 0.03559226989746095 0.1203270912170411
56 0.35258502960205074 0.4209361553192139 0.0299060821533203 0.07478876113891603
43 0.6492499351501464 0.23824002742767336 0.05292930603027346 0.04808235168457034
31 0.273538875579834 0.6732728481292725 0.03384542465209961 0.1045291900634766
46 0.7123287312035422 0.6374098712958178 0.0825861662336923 0.04821931783435418
61 0.8177455902099608 0.18410944938659668 0.0534177780151367 0.06981472969055175
24 0.41745290756225584 0.31382896900177004 0.03128700256347655 0.07489576339721676
23 0.3512213706970215 0.23987383842468263 0.032723522186279275 0.07046270370483398
46 0.6525561332702636 0.503417682647705 0.06684989929199225 0.05502815246582038
56 0.2880766868591309 0.42119321823120115 0.029535484313964855 0.07611398696899413
41 0.7010974884033203 0.18307687044143678 0.04640769958496094 0.07001225948333742
31 0.20426907539367675 0.676976203918457 0.03497433662414551 0.10505886077880855
19 0.28463773727416997 0.2380167007446289 0.032653045654296886 0.0710923194885254
55 0.4307115077972412 0.5371451377868652 0.027847576141357466 0.09135589599609378
41 0.7584325790405273 0.2500251531600952 0.05533895492553709 0.06125264167785646
41 0.6999117851257324 0.3162376165390015 0.050544452667236395 0.07068343162536622
44 0.6479065533980584 0.2847770024271845 0.052146541262135915 0.040769114077669866
44 0.6479065533980584 0.3302867111650486 0.052146541262135915 0.040769114077669866
42 0.591967536407767 0.18901699029126212 0.048354065533980584 0.040769114077669893
42 0.5929156553398058 0.23357858009708737 0.048354065533980584 0.04076911407766992
42 0.5933897148058253 0.27861422936893204 0.045509708737863974 0.045509708737864085
42 0.591967536407767 0.3245979975728155 0.048354065533980584 0.040769114077669866
41 0.7574844601084885 0.18460494684941559 0.05533895492553709 0.061252641677856434
61 0.817526465943716 0.25183291423667986 0.055752264411704 0.0649400574489705
61 0.8189486443417744 0.31772718001337885 0.060492859071898164 0.06209570065285397
41 0.7584325790405273 0.3154453594707748 0.05533895492553709 0.061252641677856434
24 0.44877143554317145 0.31447429668556137 0.023763257554433925 0.07429018090072187
24 0.47342252777618116 0.31400023721954196 0.018074543962200873 0.07334206196868304
24 0.41463869289287086 0.24052101998653228 0.02933048044593589 0.07049770517256654
24 0.4459266176501524 0.24241725785060994 0.02933048044593589 0.07049770517256654
24 0.47203049150485443 0.24052101998653228 0.01896237864077671 0.06860146730848887
46 0.7756118867003802 0.500722648102103 0.05501956939697261 0.04744052886962896
32 0.4213061286407767 0.6592839805825244 0.03128792475728159 0.11851486650485443
32 0.45733464805825247 0.6573877427184467 0.03128792475728159 0.11851486650485443
46 0.7929188404268432 0.6317211577035848 0.07310497691330398 0.05201179356250962
46 0.6284326997775476 0.6177265227419658 0.07787055969238277 0.06103868484497066
