36 0.24481067518248179 0.43762830748175185 0.13187157846715328 0.08981523722627738
36 0.24267221715328466 0.5274435447080293 0.1318715784671532 0.08981523722627754
36 0.24302862682481757 0.6129818658759124 0.13401003649635035 0.07841012773722622
36 0.3749002052919708 0.6136946852189783 0.13401003649635035 0.07841012773722622
36 0.37454379562043794 0.528156364051095 0.1318715784671532 0.08981523722627766
36 0.37668225364963503 0.4383411268248175 0.1318715784671533 0.08981523722627738
58 0.6340100364963503 0.6104869981751826 0.12046646897810231 0.07484603102189769
36 0.5106922901459854 0.4362026687956204 0.1318715784671533 0.08981523722627732
36 0.5085538321167883 0.5260179060218979 0.1318715784671532 0.0898152372262776
36 0.5089102417883212 0.611556227189781 0.1340100364963504 0.07841012773722622
58 0.6352731976306337 0.5159466738717994 0.11524229521492302 0.0748774855897345
58 0.6341106232258718 0.4328652033730158 0.11291714640539918 0.08138020833333326
58 0.7626682706233344 0.618237494206929 0.12046646897810231 0.07484603102189769
58 0.7623813325512685 0.5298975667289425 0.11524229521492302 0.07487748558973484
58 0.7627688573528559 0.44061569940476186 0.11291714640539918 0.08138020833333326
