47 0.4224280834197998 0.14507287740707397 0.03457841873168943 0.08456761837005616
18 0.3892457962036133 0.47503252029418946 0.03202362060546876 0.057840919494628884
34 0.44307537078857423 0.5826408386230468 0.026254653930664062 0.0679552078247071
18 0.3575237035751343 0.4748442649841309 0.030933618545532227 0.058199119567871105
17 0.42211408615112306 0.3755910873413086 0.033279037475585915 0.05698785781860349
41 0.4053159884292714 0.7014979317240473 0.04610128402709962 0.058918666839599676
34 0.41531448364257817 0.5824221611022948 0.02766590118408202 0.06653680801391604
41 0.4557590961456299 0.702995491027832 0.04892702102661134 0.05759849548339846
26 0.47302837371826173 0.5827997207641602 0.029376983642578125 0.062338638305663996
16 0.5203406333923339 0.37769579887390137 0.0316282272338867 0.055954265594482466
18 0.32562980651855467 0.47621860504150393 0.0328935623168945 0.0652826309204102
16 0.4559145927429199 0.3765766143798828 0.031768035888671886 0.056237316131591775
26 0.618877077102661 0.5837121963500977 0.027939891815185525 0.06373653411865232
54 0.6498279571533203 0.25978703498840333 0.024592208862304732 0.08159942626953123
26 0.5022728919982911 0.5823867321014404 0.028047180175781228 0.06071796417236319
16 0.5841204643249511 0.3784910202026367 0.030908584594726562 0.055513477325439486
17 0.3874552965164184 0.37380237579345704 0.034444284439086925 0.057996177673339866
51 0.440686559677124 0.25359234809875486 0.02980575561523441 0.08469800949096679
17 0.35443716049194335 0.37378313541412356 0.03155851364135742 0.059900808334350575
16 0.6155838966369629 0.3788257837295532 0.030991744995117143 0.057380723953247115
16 0.552488136291504 0.37821340560913086 0.031644344329833984 0.05669116973876953
26 0.5604496955871582 0.5831619262695312 0.029021263122558594 0.06137104034423824
25 0.42049694061279297 0.4752206802368164 0.02944126129150393 0.057819366455078125
16 0.4882266044616699 0.37717983722686765 0.03118515014648432 0.05660042762756351
26 0.5897562980651856 0.5828595161437988 0.02831535339355462 0.06264400482177734
59 0.6547168731689453 0.14830760657787323 0.032995414733886674 0.10695000290870665
29 0.6019463062286377 0.8249139785766602 0.0446352005004883 0.1670898437499999
54 0.6235411167144775 0.25823359489440917 0.027245807647705123 0.08346095085144042
59 0.561855697631836 0.1426482081413269 0.030416011810302734 0.10137841701507569
59 0.5930391788482666 0.14352631866931914 0.028441143035888627 0.1009288728237152
29 0.507493257522583 0.8259801626205445 0.04760522842407222 0.17038884162902834
29 0.5549969673156738 0.8246681451797485 0.0474658966064454 0.16680140495300289
25 0.5097820281982421 0.47518157958984375 0.028800773620605458 0.05891780853271489
17 0.32165231704711916 0.37960534095764165 0.03211126327514652 0.07283906936645507
25 0.5398460388183594 0.475065803527832 0.029387187957763627 0.05911407470703128
26 0.5311773300170899 0.5823117256164552 0.028039741516113215 0.060570144653320335
29 0.45994453430175786 0.8257713317871094 0.04773311614990233 0.16998786926269527
29 0.4097305417060852 0.8274639129638672 0.05189492702484133 0.1712503433227539
31 0.5312555551907703 0.678776351711418 0.032178367466560776 0.10018521924562085
16 0.6475488662719726 0.37997524738311766 0.03245201110839846 0.05997624397277834
56 0.3158639192581177 0.1422335892915726 0.03651866912841795 0.0906204640865326
25 0.45033745765686034 0.4750486850738525 0.029518985748291038 0.05788621902465818
28 0.5657009782670419 0.6763281378564956 0.03572355463534971 0.10171679786488974
56 0.38576498031616213 0.14377644062042236 0.03379974365234378 0.08516979217529297
25 0.5990912914276123 0.4750223897669437 0.029118156433105558 0.05928096771240232
28 0.602402925491333 0.6768524169921875 0.0349828720092773 0.10178985595703127
54 0.5943746566772461 0.25727667808532717 0.028820610046386808 0.08470849990844725
25 0.48027582168579097 0.4751330375671387 0.028473663330078114 0.05823364257812502
51 0.4102485775947571 0.253261137008667 0.03054997920989988 0.08491258621215822
25 0.6289624214172362 0.47521724700927737 0.028551483154296897 0.05880260467529297
56 0.35179648399353025 0.14245392978191376 0.03309326171874999 0.08878446221351623
33 0.3544047096349897 0.5823742605473874 0.030298701167976783 0.06566663240864334
46 0.34943075180053706 0.7116269588470459 0.06916456222534179 0.04468145370483401
52 0.5023442268371583 0.25564222335815434 0.029642009735107444 0.08447213172912599
25 0.5696657657623291 0.47527174949645995 0.02909011840820308 0.05906658172607415
59 0.6229482650756837 0.14657928943634033 0.029599094390869163 0.10384397506713866
33 0.38575267791748047 0.5831371307373047 0.03001613616943355 0.06477928161621094
31 0.4983555186878551 0.6789559747233536 0.03311850807883521 0.10199338884064646
46 0.34940246474133796 0.6654065250480262 0.06020433641698236 0.04484274369956798
52 0.4716379165649414 0.2550549030303955 0.029798889160156272 0.08512482643127442
33 0.32557431972809947 0.5834198951721191 0.02908744812011721 0.06672639846801753
55 0.5644506670262692 0.25675223099924355 0.029992294311523504 0.08674230575561526
55 0.5334430256029115 0.25639582132771066 0.029992294311523504 0.08674230575561526
32 0.3656887945322883 0.8593088693631449 0.03498245797843419 0.11881085670381775
32 0.3303286663155431 0.8617216642314546 0.03500629096441943 0.11702951797903838
