9 0.4586160659790039 0.9039134979248047 0.03976736068725584 0.1350509643554687
18 0.27013263702392576 0.3895229816436767 0.03182373046875003 0.05470104217529298
18 0.3345780849456787 0.38959708213806155 0.03135480880737307 0.05322561264038089
18 0.3977570056915283 0.3891120910644531 0.03109912872314452 0.05225229263305664
18 0.4889795780181885 0.3885986804962158 0.027062988281250033 0.05184192657470699
18 0.23758623600006104 0.38913931846618655 0.0332960605621338 0.054915618896484386
18 0.4291642665863037 0.38916392326354976 0.03044710159301761 0.05215282440185548
18 0.3661445379257202 0.3895255565643311 0.030933189392089888 0.05308074951171876
18 0.46010446548461914 0.3887763738632202 0.030670166015625 0.05211901664733887
18 0.30249643325805664 0.3898871421813965 0.032006263732910156 0.05432949066162107
2 0.3360407829284668 0.91705322265625 0.04040193557739258 0.13322296142578116
17 0.4092990040779114 0.5001824378967286 0.03030831813812257 0.0517610549926758
17 0.3085464954376221 0.5022405624389649 0.030027389526367188 0.05275430679321286
17 0.3405649662017822 0.5013306617736817 0.031894683837890625 0.05303592681884767
17 0.4401851177215576 0.49970436096191406 0.029282474517822288 0.050639438629150435
24 0.4380957126617432 0.6760706901550293 0.02776794433593749 0.05137023925781259
18 0.20432076454162595 0.38892569541931155 0.03326454162597656 0.05548677444458011
17 0.2767523527145386 0.5029741764068604 0.03151535987854004 0.05142831802368164
55 0.815305894782186 0.3780771113600325 0.02519539667044568 0.06779567606535991
17 0.3759378671646118 0.5008774757385254 0.03428945541381834 0.052473258972167924
16 0.19413411617279053 0.2811684131622314 0.03590173721313478 0.05718212127685546
16 0.22940871715545655 0.28166890144348145 0.03339719772338867 0.057623434066772505
24 0.26113266944885255 0.6858565807342529 0.02917537689208985 0.05424909591674809
16 0.33302557468414307 0.2841952323913574 0.03349270820617678 0.05782270431518555
0 0.3772704124450683 0.9140867233276366 0.04095153808593749 0.13784942626953123
14 0.4711765289306641 0.4985403060913086 0.030316448211669955 0.051294517517089855
24 0.3213327407836914 0.6823828220367432 0.02948341369628904 0.052038383483886674
24 0.3617600679397583 0.7813867568969727 0.04970846176147459 0.0905303955078125
16 0.3990967273712158 0.2852592706680298 0.031509017944335915 0.05694541931152347
16 0.36649250984191895 0.2848746299743652 0.03245153427124026 0.056882667541503895
54 0.7607001304626465 0.37825188636779783 0.027367782592773393 0.07264080047607419
16 0.2641156435012817 0.2821929931640625 0.034536170959472645 0.057022476196289085
16 0.2986470699310303 0.28352866172790525 0.03377389907836914 0.05742311477661133
24 0.3513397216796875 0.6809378623962403 0.029105472564697255 0.052763080596923806
25 0.2525505065917969 0.7893676280975341 0.05544900894165042 0.09171915054321289
17 0.24457209110260011 0.5037200450897217 0.030746650695800792 0.05080995559692386
16 0.4310069561004639 0.2857037544250488 0.031238269805908214 0.056902408599853516
16 0.462035083770752 0.2858591079711914 0.03017597198486327 0.05532550811767578
25 0.49054870605468753 0.5941692352294922 0.027062320709228538 0.05135822296142578
29 0.7307941436767578 0.7117890357971192 0.04250812530517578 0.15387649536132808
25 0.3450953483581543 0.5997087478637695 0.029603004455566406 0.05072555541992185
25 0.28388094902038574 0.602598237991333 0.029643249511718706 0.051117897033691406
29 0.6015396118164062 0.7204520225524902 0.04205608367919922 0.15649108886718743
24 0.4658181190490722 0.6750836372375488 0.027141380310058583 0.05026502609252925
24 0.38024144172668456 0.679092025756836 0.02748451232910154 0.052950477600097634
24 0.2911255359649658 0.683509111404419 0.02965226173400881 0.05226955413818368
25 0.3144344806671142 0.6018643856048584 0.029595661163330067 0.049952220916748113
24 0.492513370513916 0.6735449790954591 0.02487888336181643 0.04919042587280276
17 0.2126461982727051 0.5049480438232422 0.031036472320556646 0.05033054351806637
29 0.6880768775939942 0.7142266750335693 0.041668605804443315 0.15436010360717767
14 0.8074155807495118 0.4928065776824951 0.02632770538330076 0.049157238006591775
2 0.29478323459625244 0.9223056793212892 0.03958020210266111 0.13418922424316404
19 0.7208924293518066 0.5898194313049316 0.025557613372802823 0.04666900634765625
16 0.49015102386474607 0.2869614362716675 0.024585914611816362 0.05518946647644041
29 0.6448472023010254 0.7173285961151123 0.04249839782714837 0.15415620803833008
25 0.46261577606201176 0.5946394920349121 0.028085899353027355 0.05209560394287116
19 0.6418481826782226 0.5942349433898926 0.02615289688110356 0.048644065856933594
25 0.25281782150268556 0.603966474533081 0.030887222290039068 0.05219774246215825
28 0.4392765998840332 0.7693172454833984 0.03155193328857425 0.0986577987670898
25 0.4041902422904968 0.5968515396118164 0.0281957864761353 0.051557731628418035
25 0.3748961925506592 0.5978883743286133 0.028407192230224643 0.05143527984619145
25 0.4335319042205811 0.5954935073852539 0.027770805358886708 0.0510124206542969
14 0.7533438205718994 0.4944597244262695 0.024579429626464755 0.050709342956543
19 0.5878791809082031 0.5960494041442871 0.02696304321289067 0.04892330169677739
33 0.7017328262329101 0.4972982883453369 0.02508487701416018 0.049393081665039085
14 0.7804887771606446 0.4937166213989258 0.026991176605224543 0.05034580230712887
33 0.5778101444244385 0.5023643016815186 0.01574087142944336 0.05015211105346684
25 0.4089606165885925 0.6771522521972656 0.027369713783264193 0.052121639251708984
25 0.22265372276306153 0.6049721240997314 0.028065204620361328 0.052118015289306596
55 0.7889596913990221 0.3791139778337981 0.025699038254587192 0.06949440303601723
28 0.47093997001647947 0.7672245979309082 0.031314468383789096 0.09564476013183587
28 0.4057806968688965 0.7721343040466309 0.03479537963867191 0.09819316864013672
19 0.6148390769958496 0.5954619884490966 0.026274681091308594 0.04812088012695315
33 0.7275958061218262 0.4958677291870117 0.024409675598144442 0.050852298736572266
24 0.23065555095672607 0.6891642570495605 0.02892451286315917 0.0561976432800293
19 0.6690653800964355 0.5928641319274903 0.02775583267211912 0.04848423004150393
25 0.30916786193847656 0.785404634475708 0.05416226387023926 0.09238233566284182
28 0.49766390315611353 0.7653732009206957 0.021349382239961467 0.09516664594913571
33 0.5976567268371582 0.5010264396667481 0.02378559112548828 0.05169048309326174
19 0.6952427864074707 0.5914196968078613 0.02477884292602539 0.04827871322631827
14 0.49599609375000003 0.4983084678649903 0.01902141571044924 0.05091285705566412
1 0.2507992506027222 0.9258955001831055 0.04437794685363772 0.13770103454589844
42 0.7770937706620273 0.679794443443804 0.044335513430988294 0.034053043948126804
33 0.6759424209594727 0.49837450981140136 0.025069618225097567 0.05003156661987307
33 0.6240022746272057 0.4995527909236884 0.027608519380197594 0.04993136783815777
33 0.6510621304781932 0.4985266688484815 0.02508487701416018 0.049393081665038974
41 0.776390195373843 0.7227125360230547 0.0401140617018817 0.047280259365994226
41 0.7732944641058315 0.766193488832853 0.04067692193242933 0.0402445064841499
3 0.49560805224867727 0.8992797205687832 0.02971023478835988 0.1322751322751322
8 0.41745721726190477 0.9069010416666667 0.03616898148148151 0.136667080026455
