18 0.5247912406921387 0.6206686973571778 0.03354072570800781 0.058263969421386785
23 0.5884552001953125 0.5247783660888672 0.033678436279296786 0.06463928222656246
18 0.42339038848876953 0.6237942695617675 0.033571052551269576 0.055792045593261785
54 0.45820131301879885 0.8437959671020507 0.02772064208984376 0.07439689636230462
19 0.6812691688537598 0.3275567054748535 0.043035697937011674 0.08473291397094723
16 0.5632261276245117 0.3296170234680176 0.037725639343261674 0.08584489822387698
18 0.3582927703857422 0.6273802757263183 0.03194894790649416 0.056177711486816384
18 0.3247014760971069 0.6313302993774415 0.03533744812011719 0.057791709899902344
19 0.6025361061096192 0.32805547714233396 0.03748817443847652 0.08181543350219728
18 0.45693569183349614 0.6235427379608154 0.03312940597534181 0.05698785781860349
19 0.6405221939086914 0.3277031898498535 0.03604393005371087 0.08083286285400393
16 0.5240643501281739 0.3309077024459839 0.03871631622314453 0.0855710506439209
19 0.45573863983154295 0.44512600898742677 0.03493938446044925 0.07334089279174805
18 0.3908513069152832 0.625175952911377 0.0319666862487793 0.05620155334472665
19 0.3464914321899414 0.4520137310028076 0.037192344665527344 0.07058753967285158
23 0.41508113145828246 0.5291595458984375 0.03274152278900144 0.066853141784668
59 0.538674259185791 0.8402558326721192 0.02713222503662105 0.07006416320800779
26 0.6572064399719239 0.6145794868469239 0.03146724700927739 0.06138057708740241
23 0.622843074798584 0.5238911151885987 0.03284130096435545 0.0644182205200195
14 0.4065025329589844 0.3343209266662598 0.03926105499267579 0.0900307655334473
19 0.561398983001709 0.4427999496459961 0.03453941345214839 0.0712467193603516
18 0.49074325561523435 0.622072696685791 0.03346538543701172 0.05676116943359366
15 0.3257056713104248 0.33367104530334474 0.03865852355957028 0.08643445968627927
17 0.2828555107116699 0.3348266124725342 0.04364404678344724 0.0832013130187988
19 0.383432674407959 0.44970102310180665 0.036612415313720725 0.06997833251953123
2 0.40423808097839353 0.12373629808425904 0.06357421874999997 0.241388201713562
19 0.3076220989227295 0.4524899959564209 0.03966341018676761 0.07367715835571292
19 0.49132246971130367 0.4438531875610352 0.03479652404785155 0.07384948730468749
19 0.4199146747589111 0.4469904899597168 0.035285186767578136 0.07236518859863283
14 0.36618993282318113 0.3340603351593018 0.03862466812133786 0.08840661048889159
25 0.623980712890625 0.6152681827545166 0.03193588256835944 0.05958414077758789
2 0.5358874320983886 0.12177751064300536 0.06626262664794924 0.24225821495056152
16 0.44661197662353513 0.3330878734588623 0.038004684448242176 0.08681955337524416
23 0.5187591075897217 0.5275305747985839 0.0328008651733398 0.06403503417968748
5 0.6684405326843261 0.12276501655578613 0.06425361633300775 0.24372215270996092
23 0.38119306564331057 0.5297501564025879 0.033537054061889615 0.06656227111816404
23 0.656219482421875 0.5228699684143067 0.032075691223144576 0.06560459136962887
26 0.5601010799407959 0.6866044044494629 0.028345108032226562 0.05010032653808594
52 0.43017282485961916 0.8451791763305664 0.026679039001464844 0.0724575042724609
26 0.4732688903808594 0.6890915870666504 0.0279094696044922 0.05068607330322261
26 0.5896452903747559 0.6866037368774414 0.0298559188842773 0.05026683807373045
23 0.5534524917602539 0.5261824131011963 0.03372373580932608 0.06398839950561519
16 0.4848914623260498 0.33113913536071776 0.037796306610107355 0.08481731414794924
2 0.47050933837890624 0.12437957525253296 0.06309356689453127 0.24437921047210692
19 0.5969799041748047 0.441405725479126 0.0354692459106446 0.07005748748779295
26 0.3570993900299072 0.6941980361938476 0.029634475708007812 0.04962215423583982
19 0.5264716148376465 0.44345736503601074 0.03440160751342769 0.07270622253417969
26 0.32720699310302737 0.6957434654235839 0.028560161590576172 0.05127372741699221
26 0.6496918678283692 0.6857503414154053 0.029363632202148438 0.05270261764526363
26 0.4160152435302734 0.6917784690856934 0.028621673583984375 0.0511497497558594
26 0.3871957540512085 0.6928218841552735 0.029211759567260742 0.05030250549316406
26 0.5023975849151612 0.6882642269134521 0.028890895843505793 0.05044078826904297
25 0.5914226531982422 0.6188570976257324 0.03144073486328125 0.055700397491455056
26 0.44478983879089357 0.6898502349853515 0.028217315673828125 0.05093231201171877
2 0.27270970344543455 0.12762360572814943 0.06892619132995609 0.2453248977661133
2 0.33963465690612793 0.12476809024810791 0.06427345275878904 0.24221663475036623
56 0.37311680316925044 0.8493753433227539 0.027441930770874035 0.06042404174804683
26 0.6196364879608154 0.6859384536743164 0.029052925109863348 0.05116195678710933
23 0.31133112907409666 0.5320076942443848 0.03510828018188478 0.06601104736328128
5 0.6011076927185058 0.12446466684341431 0.06162662506103511 0.24434478282928468
26 0.5314868927001953 0.6872833251953125 0.028136062622070357 0.04988727569580076
23 0.4494184970855713 0.5288030624389648 0.03399314880371096 0.0657773971557617
47 0.4019747614860535 0.8484983444213867 0.027623391151428256 0.0640346527099609
28 0.5875181674957275 0.7962225437164306 0.033639717102050715 0.10174398422241215
23 0.3466465711593628 0.5306207656860351 0.03405842781066898 0.06628627777099616
51 0.5116603374481201 0.8409049987792969 0.02508764266967778 0.06973419189453123
55 0.5116054534912109 0.8412979125976563 0.024372673034667947 0.07000350952148438
33 0.5583892822265626 0.617805290222168 0.031443214416503884 0.06093511581420896
23 0.4842924118041992 0.5284067153930664 0.03428993225097654 0.06471729278564453
23 0.6707442434210525 0.4403097587719298 0.029125548245614086 0.07709703947368418
23 0.6369072094298245 0.43859649122807015 0.033408717105263164 0.0736705043859649
28 0.6260666872325698 0.7970791774883604 0.033639717102050715 0.10174398422241215
29 0.35678796600877194 0.7654022752192982 0.04711485745614036 0.07795367324561409
29 0.40818599232456143 0.7645456414473684 0.04711485745614036 0.07795367324561409
29 0.458727384868421 0.7636890076754386 0.04711485745614036 0.07795367324561409
29 0.5045572916666666 0.7598341557017543 0.034265350877192846 0.07709703947368418
29 0.5456757127192982 0.7585492050438596 0.042831688596491224 0.07795367324561409
56 0.34459772131084343 0.848511128720984 0.027441930770874035 0.06042404174804683
55 0.5654124032079646 0.8385042173672566 0.024630116150442416 0.06784084623893805
