34 0.3584498643875122 0.4170724391937256 0.025818729400634788 0.06826057434082028
15 0.31408402919769285 0.19857776165008545 0.029351377487182584 0.07674160003662112
15 0.255952262878418 0.20062429904937745 0.02853870391845706 0.0750321865081787
15 0.2851854801177979 0.1997344970703125 0.028490924835205045 0.07647767066955566
3 0.2755354716227605 0.6184937733870286 0.03576799906217132 0.1303168736971343
52 0.33326337337493894 0.5059821128845214 0.023339557647705067 0.08007755279541018
41 0.7805285453796387 0.7682976245880127 0.04895629882812491 0.05308685302734373
14 0.40849504470825193 0.19681369066238402 0.030642414093017545 0.08055341243743896
41 0.5555872917175293 0.7546536445617675 0.04557456970214835 0.045901012420654363
52 0.2837522029876709 0.5038378715515137 0.022064399719238237 0.07902517318725588
13 0.40137492418289183 0.8407423019409179 0.04648149013519287 0.07070579528808596
41 0.6674362182617187 0.7613312244415283 0.04825229644775386 0.05391073226928711
33 0.4402143478393555 0.41927670240402226 0.022508621215820312 0.06839411258697509
14 0.34442145824432374 0.19815995693206787 0.03075242042541504 0.07787079811096193
52 0.30802757740020753 0.5049571037292481 0.023624515533447243 0.08008594512939454
17 0.22626984119415283 0.20106995105743408 0.030629682540893544 0.07237997055053713
54 0.23545095920562742 0.5026396751403809 0.023936843872070318 0.08196258544921875
19 0.23710904121398926 0.3049195289611817 0.02701730728149415 0.06985063552856446
16 0.265366792678833 0.30550107955932615 0.027095699310302757 0.06944456100463864
33 0.4139965057373047 0.4178763866424561 0.026615238189697243 0.06828966140747067
5 0.32374868392944334 0.8117429494857789 0.0351828575134277 0.10796246528625486
14 0.37620697021484373 0.19721057415008544 0.03190002441406253 0.07965807914733886
26 0.30279154777526857 0.4171782374382019 0.026144027709960938 0.06631453037261964
54 0.2599454164505005 0.5025150775909424 0.023052024841308583 0.0809326171875
16 0.2938869476318359 0.30583517551422124 0.029306411743164062 0.06961746215820314
0 0.2871727466583252 0.8095763206481934 0.03494682312011721 0.10732612609863279
19 0.20902652740478517 0.30551791191101074 0.02766056060791014 0.07078962326049809
41 0.6666508674621582 0.8107179641723633 0.046156883239746094 0.04254798889160161
52 0.35933122634887693 0.5066473007202148 0.025810337066650424 0.07998390197753913
41 0.5573590278625489 0.8014667272567748 0.04457778930664069 0.04389843940734861
59 0.3868919134140014 0.5071014404296875 0.025283384323120106 0.08255043029785153
41 0.6636346340179443 0.8560948371887207 0.044915962219238326 0.04313945770263672
34 0.3862015724182129 0.41824827194213865 0.02732086181640625 0.06728515625000003
26 0.33026728630065916 0.4171931743621826 0.02786149978637692 0.06522731781005864
17 0.16282585859298704 0.20323385596275328 0.03712496757507325 0.07303982973098755
16 0.32316575050354 0.30606999397277834 0.02713241577148434 0.07040896415710446
54 0.20982623100280762 0.5031390190124512 0.024378061294555664 0.08218784332275386
16 0.35368027687072756 0.30608043670654295 0.03131561279296874 0.07098088264465335
19 0.18056256771087648 0.3054822444915771 0.0273827075958252 0.07125453948974608
16 0.3839260101318359 0.30602564811706545 0.028327083587646518 0.07258486747741699
41 0.7729598999023437 0.8670473098754883 0.04627075195312502 0.04630699157714835
2 0.3141587257385254 0.6204965591430665 0.03950872421264651 0.12918500900268548
17 0.1963811159133911 0.20158193111419678 0.029894113540649414 0.07301502227783202
41 0.6107697486877441 0.7530609607696533 0.04508323669433589 0.05015277862548828
25 0.2226708173751831 0.4147805213928223 0.027442455291748047 0.0660134315490723
59 0.4416340827941895 0.5090644836425782 0.025917816162109364 0.08244247436523439
16 0.4142365574836731 0.30506711006164555 0.029742980003356956 0.07277793884277345
46 0.7938287734985352 0.3909953117370606 0.07372493743896491 0.05236167907714845
25 0.27511332035064695 0.41557087898254397 0.026624822616577115 0.06637334823608398
41 0.7772674560546875 0.8199771881103515 0.048250579833984286 0.04497108459472654
25 0.24891457557678223 0.4146316528320313 0.02427215576171876 0.06620388031005858
41 0.6109416961669922 0.8034644842147827 0.04657402038574221 0.045321321487426736
41 0.7178328037261963 0.866023063659668 0.045333576202392534 0.04279441833496089
41 0.724427843093872 0.772702407836914 0.04984083175659182 0.046251106262206965
2 0.3525244235992432 0.623319149017334 0.03765907287597653 0.12892074584960933
41 0.7218462467193604 0.8202054023742675 0.045975685119628906 0.04597759246826172
61 0.5661706447601318 0.16768754720687867 0.05432672500610358 0.07832458019256591
46 0.6999640852797265 0.5723136577730865 0.06866285193200206 0.06536553576101667
41 0.6100673675537109 0.8507312774658203 0.04524631500244136 0.04304618835449214
59 0.4138050079345703 0.5077722549438477 0.026686668395996094 0.08190917968750006
46 0.5756369590759278 0.403506088256836 0.07650413513183596 0.059305381774902355
24 0.19607861042022706 0.41456155776977544 0.02688536643981934 0.06751461029052735
41 0.5581900596618652 0.8436448097229003 0.04219894409179681 0.03903408050537116
2 0.4309064987137562 0.6273696002059095 0.039377332296897105 0.13132323092363019
2 0.3909285545349121 0.6251179695129394 0.038655757904052734 0.12748699188232415
61 0.5626046180725097 0.24158968925476074 0.05544748306274416 0.06807966232299806
61 0.6234982013702393 0.2396693706512451 0.05704221725463876 0.0719609260559082
12 0.44872684478759767 0.8444688796997071 0.044589996337890625 0.07631225585937507
41 0.769160270690918 0.9049930572509766 0.047042465209961026 0.029067802429199263
41 0.6100447177886963 0.8869505882263184 0.0448506355285645 0.03107032775878904
46 0.7311555862426757 0.3908987998962402 0.05420455932617185 0.05073461532592777
46 0.663205623626709 0.3879980564117432 0.07154483795166011 0.045341873168945335
5 0.3602612495422363 0.8151598930358886 0.03431358337402346 0.11199874877929683
8 0.2371551513671875 0.6170552253723145 0.040185546875000006 0.12882080078125002
61 0.5612152099609375 0.2993630886077881 0.05565433502197259 0.04653396606445315
41 0.6629805564880371 0.8924390792846679 0.0467423439025878 0.03113346099853509
41 0.5587170600891114 0.879121208190918 0.0397611618041992 0.02844161987304683
46 0.6690803691400391 0.6373268968326767 0.07735703132776484 0.06554739097516937
46 0.5914803042958339 0.6267227750620732 0.07509194029101407 0.06898374456859091
46 0.7727257686128455 0.6665972051064373 0.07376546696425312 0.07979878112790739
46 0.7696841510114288 0.56713791574676 0.06710457402234637 0.07302841527501969
36 0.6814005761173184 0.22748996159217877 0.060012220670391025 0.043645251396648044
36 0.6826572578198364 0.27533188732014674 0.06141269233753521 0.0425075216560028
36 0.7470658671503208 0.2706020974341069 0.06391669874779149 0.04473330513178625
36 0.7456747524779561 0.22469531324607267 0.06391669874779149 0.04473330513178622
36 0.8110598564491881 0.2717930273121557 0.061378762711379986 0.03949321366837161
36 0.8096307405955295 0.23082503950727765 0.061378762711379986 0.03949321366837161
61 0.6185632414934112 0.2997769995433528 0.0576524804278119 0.050217342376708995
9 0.25054431352459017 0.8038230020491803 0.03297899590163936 0.11238473360655743
61 0.6234982013702393 0.1665474494689791 0.05704221725463876 0.07196092605590818
