18 0.4747281074523926 0.3909827709197998 0.029375457763671897 0.07220640182495114
18 0.5046093940734864 0.3921501636505127 0.028890609741210993 0.06989650726318364
18 0.3834996223449707 0.38610339164733887 0.031127738952636763 0.07333021163940434
14 0.3060526371002197 0.2792412281036377 0.03188018798828124 0.07493677139282223
18 0.41509203910827636 0.3875934839248657 0.031006336212158203 0.07372450828552246
14 0.4355172157287598 0.28970086574554443 0.031483078002929654 0.07383875846862797
5 0.3300947189331055 0.5334789276123046 0.04623947143554691 0.1641258239746094
19 0.560495662689209 0.2986746788024902 0.028236007690429665 0.07119474411010746
5 0.2815235614776611 0.5343165397644043 0.04573793411254884 0.16500530242919925
18 0.3513970375061035 0.38414273262023924 0.032720756530761674 0.07451219558715821
16 0.46845846176147465 0.29177811145782473 0.03160686492919923 0.07233896255493161
19 0.49996557235717776 0.2952849864959717 0.02823753356933595 0.07192277908325195
26 0.5909677505493164 0.39427928924560546 0.025596141815185547 0.06659231185913084
14 0.40288577079772947 0.2866611957550049 0.03148593902587887 0.07236700057983397
15 0.505638313293457 0.20267999172210693 0.029384422302246083 0.06919026374816895
14 0.3702876567840576 0.284637975692749 0.0311986923217773 0.07138910293579101
19 0.5302937984466554 0.2970324993133545 0.030217552185058616 0.0717729568481445
18 0.44535255432128906 0.3899442195892334 0.0284576416015625 0.07377405166625978
19 0.5891441822052002 0.30026431083679195 0.027156352996826172 0.07099561691284179
14 0.2731724739074707 0.27720386981964107 0.03148808479309079 0.07845358848571776
14 0.3382974863052368 0.28116869926452637 0.030793190002441406 0.07472176551818846
18 0.3182889461517334 0.382818603515625 0.03226413726806637 0.07499380111694337
17 0.34842634201049805 0.18345830440521238 0.03263969421386714 0.07595381736755372
25 0.5344669818878174 0.39353036880493164 0.028433895111084073 0.06914787292480473
15 0.5900881290435791 0.20874145030975344 0.027540397644042924 0.06735172271728515
17 0.4755852699279785 0.19965744018554688 0.029973506927490234 0.06966419219970704
17 0.31484484672546387 0.17974650859832764 0.03316497802734375 0.07538585662841796
2 0.4205923914909363 0.5346040725708008 0.04187529087066649 0.15568695068359378
18 0.28434000015258787 0.38145072460174556 0.034046745300293 0.0762477397918701
15 0.535443639755249 0.20461249947547913 0.028401088714599565 0.06763170957565307
17 0.2801581859588623 0.17789714336395263 0.03411140441894528 0.07573723793029785
17 0.4140418529510498 0.19119683504104615 0.030971336364746083 0.07326595783233641
2 0.5060319900512695 0.5353912353515625 0.04132623672485347 0.1502803802490234
17 0.44530739784240725 0.1968775510787964 0.03002023696899414 0.07086668014526368
29 0.44590396881103517 0.7556106090545655 0.043076515197753906 0.2020638465881348
15 0.5631028175354005 0.2064541757106781 0.02506265640258787 0.06551257371902466
2 0.547966718673706 0.5347485542297363 0.040787124633788974 0.1470380783081055
29 0.39367680549621586 0.7647953987121583 0.05895490646362306 0.21335926055908205
5 0.376383113861084 0.5336191177368164 0.0411709785461426 0.15977306365966804
17 0.38182151317596436 0.1880162715911865 0.031098604202270508 0.07403907775878907
2 0.3359182119369507 0.06571290493011475 0.04799184799194339 0.1314258098602295
26 0.5636526584625244 0.3938887119293213 0.027657699584960893 0.06767606735229492
2 0.4633156776428223 0.5352407455444337 0.04092559814453123 0.15353240966796877
28 0.4898637294769287 0.7743757247924805 0.03812656402587894 0.12721824645996094
2 0.479006576538086 0.0741464376449585 0.04499721527099615 0.148292875289917
2 0.38476388454437255 0.06830609440803527 0.047350740432739236 0.1364580750465393
2 0.43228597640991206 0.07088384628295899 0.04641075134277345 0.141554594039917
2 0.570485782623291 0.07969671487808228 0.04737415313720705 0.15921359062194823
2 0.28345804214477544 0.06457358002662658 0.05350275039672853 0.12914716005325316
2 0.5242307186126709 0.07847960591316223 0.043316650390625044 0.15671933889389036
28 0.5262882925298091 0.7724845886230469 0.03581914901733396 0.12519855499267585
