54 0.7388226985931396 0.3959723949432373 0.028369426727294922 0.07860364913940426
47 0.5628968238830566 0.3936653852462768 0.029449653625488237 0.0722355365753174
52 0.5928798675537109 0.3880669832229614 0.027616500854492188 0.08629288673400876
18 0.20036208629608154 0.46944894790649416 0.03331212997436522 0.05563030242919925
34 0.7263032913208007 0.509788703918457 0.026210975646972723 0.04978303909301757
14 0.36551742553710936 0.38203749656677244 0.033585548400878906 0.05348844528198243
34 0.6724827766418457 0.5083677291870117 0.026556205749511785 0.04975261688232424
33 0.6176409721374512 0.5064139366149902 0.025920867919921875 0.05050468444824219
41 0.25913519859313966 0.7143817901611329 0.043802404403686546 0.050018692016601585
14 0.3995603084564209 0.38322412967681885 0.0328526496887207 0.054070997238159224
34 0.7806508541107178 0.5108881950378418 0.02594690322875981 0.04638528823852539
34 0.6992949485778808 0.5091732978820801 0.02644004821777346 0.04983406066894536
54 0.7104799747467041 0.3943312644958496 0.02849864959716797 0.08095741271972656
41 0.2041637420654297 0.7587592601776123 0.047516059875488265 0.03915071487426758
9 0.5403505325317383 0.6590246200561524 0.03691177368164067 0.09533386230468754
16 0.26194784641265867 0.37641453742980957 0.03564925193786622 0.05451478958129885
16 0.3316498756408691 0.38042731285095216 0.032746315002441406 0.0540281295776367
34 0.6452339172363282 0.5071248531341552 0.02665367126464846 0.05065431594848635
16 0.2971733570098877 0.37873020172119143 0.0336461067199707 0.05524635314941406
18 0.16620827913284303 0.47432289123535154 0.03462026119232178 0.0639028549194336
2 0.6135075569152832 0.6629181861877441 0.03852481842041022 0.09957714080810542
18 0.46307859420776365 0.3858156681060791 0.026829910278320324 0.0537544250488281
59 0.7939908981323243 0.3981316089630127 0.026400947570800803 0.07716722488403316
2 0.689051628112793 0.6630949020385742 0.04053230285644527 0.09835987091064458
26 0.599680233001709 0.5703246593475342 0.026105499267578103 0.03982677459716788
41 0.2063275337219238 0.7148507118225098 0.04767975807189942 0.04604740142822272
17 0.19010889530181885 0.37139365673065183 0.03452496528625487 0.05821843147277833
33 0.5903854846954346 0.5060464859008789 0.026258087158203103 0.04954986572265624
26 0.5731418609619141 0.5700084686279296 0.025983238220214866 0.04039421081542971
59 0.7664858818054199 0.3988508701324463 0.027032089233398504 0.07657194137573242
34 0.7534054756164551 0.5106535434722901 0.02686862945556645 0.048386001586914085
26 0.5459909439086914 0.5693110466003418 0.0281566619873046 0.040802001953125
29 0.31924362182617183 0.8769361495971679 0.039479446411132824 0.12045402526855475
46 0.36872544288635256 0.7468948364257812 0.052617168426513705 0.05694093704223624
26 0.6261813640594482 0.5709543228149414 0.026261329650878906 0.03931903839111328
0 0.574805736541748 0.7735472679138183 0.03462657928466806 0.0932857513427734
25 0.35852618217468263 0.47820653915405276 0.02941141128540037 0.05367870330810548
28 0.352820348739624 0.898619270324707 0.028986501693725575 0.07733917236328125
25 0.29681971073150637 0.47507438659667967 0.029948663711547863 0.05552101135253906
25 0.3278703451156616 0.4768135070800781 0.030748987197875943 0.054627895355224554
16 0.2259310007095337 0.374174690246582 0.03512492179870605 0.056764698028564486
14 0.43291788101196294 0.38498802185058595 0.031236934661865223 0.05357227325439451
46 0.4205478668212891 0.7493105411529541 0.04932880401611328 0.045891094207763605
26 0.7303310871124268 0.5734423637390137 0.02511453628540039 0.03796119689941402
26 0.6525404930114747 0.5720579147338867 0.025483798980712957 0.03858489990234382
25 0.23382329940795898 0.4722474575042725 0.03128700256347655 0.055765056610107444
33 0.5629237174987793 0.5055745124816895 0.02707729339599607 0.04868984222412115
25 0.2106553316116333 0.6208823204040528 0.03031158447265625 0.04597930908203118
25 0.4181981086730957 0.4803193092346192 0.02846050262451172 0.053056907653808605
25 0.38882243633270264 0.47936711311340335 0.029107713699340843 0.05292835235595705
33 0.5377674102783203 0.5049589157104493 0.021541595458984375 0.04805116653442376
25 0.4412409782409668 0.6227157592773438 0.026956558227539062 0.04188079833984382
2 0.6509721755981446 0.6626503944396973 0.03696498870849607 0.09903869628906248
25 0.17958436012268067 0.6200214385986329 0.03006124496459961 0.046777629852294944
25 0.32132778167724607 0.5621498107910157 0.028455066680908192 0.058635044097900324
25 0.379761266708374 0.5633278846740722 0.028420352935791038 0.05712051391601558
25 0.20226268768310546 0.5570338726043702 0.030296134948730485 0.06124486923217776
25 0.17103192806243897 0.5561853885650635 0.031382083892822266 0.06418628692626949
25 0.23256340026855468 0.5580214977264404 0.029480457305908203 0.05944471359252923
25 0.437638807296753 0.5650657653808594 0.028716373443603505 0.056301116943359375
25 0.40853586196899416 0.5647977352142335 0.028453636169433583 0.05650033950805666
25 0.3505298614501953 0.5629667282104492 0.028276920318603516 0.05791187286376953
17 0.15441951751708982 0.37717318534851074 0.03484573364257812 0.07591323852539067
25 0.2624355316162109 0.5597468376159668 0.029400587081909152 0.05814380645751949
25 0.26570916175842285 0.47351584434509275 0.03040876388549807 0.0551894187927246
26 0.7049651622772217 0.5733301162719726 0.023076438903808616 0.038208389282226585
25 0.4483750343322754 0.481230640411377 0.030779457092285134 0.05311889648437501
26 0.7573775291442871 0.5736077308654786 0.027117919921874956 0.03754138946533203
25 0.29187195301055907 0.560483455657959 0.029074096679687522 0.057904624938964755
26 0.6794197082519531 0.572576379776001 0.025868034362792947 0.038813114166259766
25 0.414121675491333 0.6226974487304687 0.027130985260009788 0.04190177917480464
51 0.6528676986694336 0.39125475883483884 0.02923297882080078 0.08251047134399414
25 0.3864157199859619 0.62279052734375 0.02726802825927732 0.04196224212646482
25 0.32931814193725584 0.6225761890411377 0.027904701232910167 0.043884563446044855
25 0.2705931425094604 0.6217560291290283 0.02950711250305177 0.04509277343750007
25 0.2410506248474121 0.6211908340454102 0.029462623596191395 0.045752334594726496
2 0.7294800758361817 0.661989974975586 0.0419699668884278 0.099129867553711
25 0.3581578731536865 0.6228425025939941 0.027338075637817427 0.04281215667724603
25 0.30005233287811284 0.6221434116363526 0.02920050621032716 0.044786262512207076
2 0.5378659248352051 0.7735261440277099 0.037709617614746116 0.09218282699584968
41 0.25308566093444823 0.7596152305603028 0.03902778625488279 0.03611049652099607
51 0.6229164600372314 0.38979506492614746 0.02904090881347665 0.0847440719604492
0 0.6096525192260742 0.7734642982482911 0.034021949768066495 0.09229602813720705
5 0.6457826614379882 0.773043155670166 0.03512439727783201 0.09170780181884775
5 0.6815908432006836 0.7729586124420167 0.0358549118041992 0.09062871932983396
46 0.3108038902282715 0.7382314205169678 0.06306295394897465 0.05982770919799796
26 0.5252655029296875 0.5692243576049805 0.014815521240234442 0.03924636840820317
