36 0.24818268832781457 0.1953125 0.046241204470198694 0.03621688741721854
36 0.296849130794702 0.19660596026490065 0.05109168046357615 0.03686361754966888
36 0.3463239859271523 0.1969293253311258 0.04721129966887416 0.03621688741721851
36 0.396445571192053 0.19773773799668876 0.05109168046357615 0.0365402524834437
36 0.44769893418874174 0.1990311982615894 0.05012158526490068 0.03783371274834435
36 0.4337942363410595 0.3034781146523179 0.05206177566225173 0.036540252483443725
36 0.38173246067880795 0.30363979718543044 0.05141504552980142 0.0355701572847682
36 0.3314491928807946 0.30234633692052976 0.04721129966887416 0.03621688741721851
36 0.28262106788079466 0.30153792425496684 0.04979822019867547 0.03589352235099347
36 0.2336312603476821 0.30040614652317876 0.046887934602649034 0.035570157284768256
36 0.24737427566225165 0.4076016659768211 0.04979822019867547 0.03589352235099347
36 0.29587903559602646 0.4071166183774834 0.046564569536423905 0.03362996688741726
36 0.34373706539735094 0.40646988824503305 0.046564569536423905 0.03362996688741726
36 0.39078668253311255 0.4097035389072847 0.04753466473509943 0.031689776490066324
36 0.39111004759933765 0.4417166804635761 0.04753466473509943 0.031689776490066324
36 0.34163519246688734 0.44171668046357615 0.04753466473509943 0.03362996688741732
36 0.29345379759933765 0.44236341059602646 0.04753466473509943 0.03362996688741732
36 0.24446399006622513 0.4420400455298013 0.048504759933774955 0.03298323675496684
58 0.2389740987662542 0.5620154795343228 0.03593905364183314 0.033914679998878317
58 0.2842205967156407 0.5628219393853549 0.04564013186992344 0.0323017602968142
58 0.3301072684023877 0.5628219393853549 0.04564013186992344 0.0323017602968142
58 0.37717052141443586 0.5628219393853549 0.04564013186992344 0.0323017602968142
58 0.37324858366343183 0.5985115729194914 0.04564013186992344 0.0323017602968142
58 0.32736191197668485 0.5992959604696924 0.04564013186992344 0.0323017602968142
58 0.27794549631403426 0.600864735570094 0.04564013186992344 0.0323017602968142
