26 0.3281132221221924 0.598891305923462 0.051032066345214844 0.11174163818359373
19 0.6728848457336425 0.17915135622024536 0.044603919982910134 0.12574312686920164
26 0.2702691078186035 0.4822659492492676 0.053912830352783186 0.11607627868652348
25 0.31923003196716304 0.32590527534484864 0.052207279205322255 0.1193865776062012
14 0.4159029483795166 0.17675474882125852 0.05303592681884767 0.1301584482192993
25 0.5275355339050293 0.3237029552459717 0.04741935729980473 0.11468200683593749
26 0.2760538578033447 0.6009811878204345 0.0508563995361328 0.11454944610595696
16 0.5746959686279297 0.17799960374832152 0.05083732604980473 0.12734029293060303
25 0.47752265930175786 0.3231512069702148 0.050150108337402355 0.11741051673889163
25 0.2638430118560791 0.3281419277191162 0.05328426361083985 0.11945314407348628
25 0.5762428283691405 0.3231224536895752 0.04734382629394529 0.11350355148315427
16 0.47008047103881834 0.1772739052772522 0.05125789642333983 0.1321337938308716
16 0.5223893165588379 0.1780359983444214 0.04978923797607426 0.13153300285339356
26 0.32444365024566646 0.48351659774780276 0.052736234664917 0.11637382507324223
25 0.6246325492858886 0.32263519763946535 0.046129035949706965 0.11252212524414062
25 0.425228214263916 0.3225830554962158 0.050135421752929676 0.11561155319213867
17 0.3602743864059448 0.1727992057800293 0.05524735450744628 0.12755084037780762
29 0.6461314201354981 0.8176931381225585 0.07550764083862305 0.315916633605957
29 0.49203023910522464 0.8380233764648437 0.0824312210083008 0.32039356231689453
25 0.37273402214050294 0.32389225959777834 0.0508455276489258 0.11714525222778321
29 0.40637202262878414 0.8388036727905273 0.08427209854125978 0.3104413986206055
25 0.6727690696716309 0.3219179153442383 0.04653453826904297 0.11125736236572265
17 0.3032405853271485 0.17074999809265134 0.05693082809448241 0.12923946380615234
29 0.31711335182189937 0.8443629264831543 0.09020071029663085 0.3098342895507812
16 0.6251825332641601 0.17713295221328734 0.046631240844726585 0.12754275798797607
29 0.5705894470214844 0.8207736015319824 0.07499284744262691 0.3206445693969726
2 0.4573200225830078 0.5175309181213379 0.06971015930175783 0.2555143356323242
17 0.2419524908065796 0.17128618955612182 0.06191864013671877 0.1323042154312134
31 0.5656447410583496 0.5470684051513672 0.047765922546386674 0.16506118774414064
31 0.5167044162750244 0.5498219490051269 0.04628877639770507 0.16836900711059566
28 0.6729132652282714 0.5274425506591797 0.06172237396240232 0.1875589370727539
2 0.38673579692840576 0.5234499454498291 0.06975302696228025 0.26053047180175787
28 0.6154194831848144 0.5295907020568849 0.04942588806152348 0.18647136688232424
