34 0.2761942148208618 0.6320403575897218 0.028143548965454124 0.06215677261352537
47 0.744708251953125 0.22037954330444334 0.032218647003173895 0.07082538604736327
18 0.3669793128967285 0.634223461151123 0.029449939727783203 0.06093673706054692
0 0.33503141403198244 0.8647354125976563 0.04023251533508304 0.12414283752441413
19 0.39827213287353513 0.30760378837585445 0.0313556671142578 0.05687122344970702
54 0.38377652168273924 0.4116155505180359 0.028750801086425748 0.08404753208160398
19 0.4302546977996826 0.3088437557220459 0.031058216094970725 0.05710659027099613
47 0.7790105819702149 0.2208882808685303 0.03292446136474603 0.0702159404754639
54 0.4135172367095947 0.41287708282470703 0.028195190429687544 0.08368721008300783
18 0.3370744705200195 0.6336644172668457 0.029378604888916027 0.06111440658569334
18 0.3069720983505249 0.6327593326568604 0.03016772270202639 0.060065937042236284
34 0.24600458145141602 0.6317811965942383 0.028212308883666992 0.06136207580566411
5 0.3751661777496338 0.8649646759033203 0.037888526916503906 0.12323913574218748
15 0.35896356105804444 0.20342774391174318 0.03493418693542483 0.06179146766662599
16 0.29839043617248534 0.302170991897583 0.03538846969604492 0.058603763580322266
25 0.7335247039794921 0.3412961721420288 0.03238735198974607 0.056629991531372104
14 0.4294729232788086 0.20624170303344727 0.03326396942138676 0.06358742713928223
15 0.2901646137237549 0.19924203157424927 0.03278245925903317 0.06223733425140382
23 0.39735321998596196 0.6337900161743164 0.02954130172729491 0.061986351013183505
16 0.2636752128601074 0.3001690864562988 0.03278274536132811 0.058481407165527355
26 0.36115384101867676 0.527916145324707 0.030556106567382835 0.05120239257812498
54 0.3235053539276123 0.40990848541259767 0.030305862426757812 0.08317766189575193
16 0.22985177040100097 0.298552131652832 0.033378505706787104 0.05727977752685548
52 0.233850359916687 0.40789307355880733 0.029578542709350564 0.08143980503082277
54 0.35389420986175535 0.41025257110595703 0.028585338592529264 0.08447408676147461
54 0.29235274791717525 0.4095931053161621 0.028598594665527333 0.08402881622314451
52 0.2635028839111328 0.40818171501159667 0.027340412139892578 0.0820169448852539
17 0.15545873641967772 0.19333064556121826 0.033906483650207514 0.06487445831298827
28 0.6315016269683837 0.4654219627380371 0.03829545974731452 0.11386737823486326
41 0.7118510246276855 0.8405040740966797 0.045405006408691384 0.04836540222167973
28 0.5890262126922607 0.6002473354339599 0.03685703277587882 0.10828132629394538
28 0.5931502342224121 0.4640332221984863 0.03826065063476558 0.11157093048095706
41 0.6578715324401856 0.839536476135254 0.04659137725830076 0.046751785278320246
16 0.1950378179550171 0.29614806175231934 0.03325634002685546 0.0576987743377686
26 0.21166799068450928 0.5230734348297119 0.03008413314819336 0.052926826477050826
41 0.6089714050292969 0.7565721988677978 0.04813232421875002 0.04214410781860345
17 0.22405424118041992 0.19539644718170168 0.03278350830078125 0.06100835800170898
25 0.6664424896240234 0.33990187644958497 0.032385826110839844 0.05723085403442385
41 0.5557260990142823 0.756464958190918 0.048128032684326194 0.040462493896484375
41 0.6541191101074219 0.8850090980529786 0.045168399810791016 0.04274978637695315
17 0.18950011730194094 0.19389002323150634 0.0339134693145752 0.06063594818115234
16 0.3359847784042358 0.30531623363494875 0.03348965644836427 0.05687942504882809
28 0.6706735610961914 0.46610164642333984 0.0384803771972656 0.11152420043945316
59 0.3912353992462158 0.5165353775024414 0.026986980438232444 0.07501487731933593
41 0.5581920146942139 0.7063832759857178 0.04649534225463858 0.056105422973632746
25 0.6340152740478515 0.33907530307769773 0.03123683929443366 0.057074165344238315
26 0.24231777191162107 0.5238858222961426 0.02919292449951169 0.05318002700805663
41 0.6036073684692382 0.8397216796875 0.04591350555419915 0.050171279907226474
28 0.6624667167663574 0.603457260131836 0.03527431488037103 0.10691890716552732
25 0.5702282905578613 0.33699722290039064 0.03214397430419924 0.05699443817138672
25 0.6024487018585205 0.33766961097717285 0.03094892501831059 0.05753374099731445
16 0.3675089359283447 0.30690157413482666 0.028230571746826194 0.05607624053955074
14 0.39507761001586916 0.20485705733299253 0.034482765197753895 0.06239911317825317
1 0.293255615234375 0.8607524871826171 0.040133094787597634 0.12410221099853513
24 0.7666726112365723 0.34204096794128414 0.032045745849609286 0.05696864128112794
41 0.705860710144043 0.8868209838867187 0.044163417816162065 0.04468727111816406
26 0.2721031665802002 0.5253838539123535 0.028629541397094727 0.05176258087158203
41 0.660898494720459 0.7582749366760253 0.04778022766113288 0.04255619049072268
41 0.5474630832672118 0.8829774856567383 0.04261217117309568 0.04271202087402348
59 0.41942310333251953 0.5174331665039062 0.0265600204467773 0.07435159683227544
26 0.33083376884460447 0.5277310371398927 0.02806711196899414 0.049992942810058616
16 0.16177592277526853 0.29516077041625977 0.03183653354644775 0.05741872787475588
23 0.4279489517211914 0.6353185653686524 0.02910137176513672 0.06068553924560549
19 0.45679788589477544 0.3098773241043091 0.0210559844970703 0.05723862648010253
28 0.626164722442627 0.6021022796630859 0.03603572845458991 0.10762958526611333
25 0.7005178451538085 0.34071810245513917 0.03257045745849607 0.05711874961853025
17 0.25676467418670657 0.1968944787979126 0.03230895996093747 0.06155929565429688
26 0.3017558574676514 0.5264719963073731 0.02893552780151365 0.050345420837402344
28 0.5528106212615966 0.5996519088745118 0.03454751968383796 0.1065345764160156
46 0.306905155065583 0.7062011788531048 0.0588268849907852 0.05188406502328269
26 0.18136134147644042 0.5255396842956543 0.02867896556854249 0.05871486663818365
12 0.42264342308044434 0.8896888732910156 0.05329780578613286 0.07863349914550777
15 0.3238201141357422 0.20149030685424804 0.03380389213562007 0.06227331161499022
33 0.21560156345367432 0.6322651863098144 0.030704259872436523 0.06318302154541011
41 0.6105154991149903 0.7077024459838868 0.045639991760253906 0.052208900451660156
43 0.7172438621520996 0.720011043548584 0.04913616180419922 0.03717670440673826
59 0.44776492118835454 0.5184618949890136 0.02702302932739259 0.07320880889892573
28 0.5552791595458985 0.464020824432373 0.03707170486450195 0.11122417449951172
41 0.5998237133026123 0.8872114181518554 0.04426088333129874 0.04239768981933589
41 0.5965807914733887 0.9219541549682617 0.0448307991027832 0.02739562988281241
41 0.7005754470825195 0.9243743896484375 0.04543704986572261 0.03081932067871096
24 0.8003305196762085 0.3426701545715332 0.03251461982727055 0.057252788543701194
41 0.6624804496765136 0.7087953567504883 0.044748115539550826 0.05029869079589844
41 0.6484219551086425 0.9222454071044921 0.04623432159423835 0.029731369018554665
25 0.5436674118041992 0.33704068660736086 0.020032119750976518 0.05607929229736325
41 0.5484258651733398 0.8346298217773438 0.04686374664306647 0.049773025512695246
31 0.6965688705444335 0.6106406688690186 0.03084983825683596 0.09458751678466792
41 0.5459306716918946 0.9190155982971191 0.0420717239379883 0.028891563415527344
55 0.1745966672897339 0.4047163128852844 0.02884783744812014 0.07862908840179439
24 0.8348878860473633 0.34305319786071775 0.03453903198242192 0.0577082633972168
33 0.18463778495788574 0.631810760498047 0.02967185974121095 0.06524143218994138
41 0.758895492553711 0.8909351348876953 0.045941734313964866 0.04569530487060547
56 0.7086199760437012 0.22001173496246337 0.03536348342895512 0.06883783340454103
41 0.713481092453003 0.7605841636657715 0.049708652496337935 0.04174261093139642
46 0.23929471969604493 0.7011093139648438 0.07492170333862305 0.05437488555908199
41 0.7667707443237305 0.8432676315307617 0.04796867370605473 0.05179252624511721
3 0.20894646644592285 0.860626220703125 0.039454078674316384 0.11786041259765634
55 0.20460810021656317 0.4047163128852844 0.02884783744812014 0.07862908840179439
23 0.4529834316997994 0.6359482637265834 0.02200569757601112 0.06575591157122374
46 0.36716620689485135 0.710985137195122 0.05739776913712663 0.06049923780487809
46 0.4305236764070465 0.7100323932926831 0.06120874474688276 0.06049923780487798
9 0.2515243902439025 0.8605659298780488 0.04192073170731708 0.12052210365853655
42 0.7672371031746033 0.7044580853174602 0.042162698412698485 0.033792162698412676
42 0.7647569444444444 0.7410404265873016 0.042162698412698485 0.033792162698412676
41 0.7539354119982038 0.9270992967817518 0.04718133986942352 0.026877795325385367
31 0.72886763027206 0.6117806250946995 0.03084983825683596 0.09458751678466792
31 0.7615654095601478 0.6135458858096646 0.033167819011999944 0.094856849440341
31 0.7963340744434164 0.6144958493310655 0.034307775237680915 0.09295692239753939
31 0.8115334907858287 0.48112097092639605 0.034307775237680915 0.09295692239753922
31 0.7775247967196809 0.4805509928135556 0.033167819011999944 0.09485684944034084
31 0.7444470320230325 0.47878573209859054 0.03084983825683596 0.09458751678466787
31 0.7072274961360233 0.4780810876579135 0.03696767309760318 0.09371689321465981
14 0.45751038278852185 0.20621639149529594 0.022200216565813335 0.06528066567012242
