24 0.41124539375305175 0.4720271110534668 0.040923118591308594 0.08322849273681643
17 0.31566414833068845 0.7029047966003418 0.04416475296020511 0.07927875518798833
24 0.4550718784332275 0.4723007202148437 0.04498262405395509 0.08314685821533202
16 0.5433207511901855 0.7024065971374511 0.04369373321533199 0.08414058685302728
16 0.5885437965393066 0.7027120590209961 0.04550037384033201 0.08389949798583984
16 0.4541160583496094 0.7017036437988281 0.0441307067871094 0.0851532936096191
16 0.36220059394836424 0.7021313667297363 0.04622011184692382 0.0825130462646484
17 0.2697510480880737 0.7033617973327637 0.046512222290039096 0.07794218063354486
16 0.5008657455444336 0.5975238800048828 0.041502761840820246 0.09198169708251946
16 0.4144713878631592 0.5966390609741211 0.041269111633300826 0.08985729217529292
16 0.4088233470916748 0.7021316051483155 0.043972396850585904 0.08370962142944338
16 0.49920539855957036 0.7027688026428223 0.042149734497070324 0.08336029052734384
16 0.542917537689209 0.5964360713958741 0.04029636383056634 0.09144802093505866
25 0.36579346656799316 0.2681532859802246 0.046328735351562456 0.08317842483520507
25 0.36513466835021974 0.4714828491210938 0.047876930236816384 0.08269920349121096
25 0.5019898891448975 0.47259092330932617 0.04641237258911135 0.08165454864501953
25 0.3139201164245605 0.47089414596557616 0.04822721481323239 0.0830808639526367
16 0.6357720375061036 0.7043865203857422 0.044501304626464844 0.08090553283691404
16 0.4575855255126953 0.59700608253479 0.04291381835937502 0.09177913665771475
25 0.3165696620941162 0.2673281908035279 0.04666852951049805 0.0841392993927002
25 0.260965633392334 0.2666269540786743 0.05244922637939453 0.08465833663940428
25 0.45971422195434575 0.27070045471191406 0.047833633422851574 0.08275580406188965
16 0.6817591667175293 0.7048556327819824 0.044884681701660156 0.08026456832885742
