9 0.6799689769744873 0.11623321771621704 0.06284112930297847 0.22035901546478273
54 0.45663003921508794 0.5130734443664551 0.030640411376953114 0.08382310867309567
54 0.3928558588027954 0.5139699935913086 0.031702470779418956 0.08393487930297855
14 0.5222544193267822 0.305911922454834 0.03951187133789069 0.06905298233032225
23 0.5283993721008301 0.41063685417175294 0.03555221557617183 0.0609861373901367
45 0.43446655273437496 0.8797169685363769 0.07297868728637696 0.07535629272460942
41 0.6003071784973144 0.5256943225860595 0.056079864501953125 0.05887212753295901
54 0.48900957107543946 0.5116547584533692 0.03168020248413084 0.08571805953979489
17 0.44450788497924804 0.3086893320083618 0.03818378448486326 0.06717667579650882
41 0.4168248176574707 0.6627595901489258 0.051474475860595725 0.05872669219970705
16 0.5629891395568847 0.30408315658569335 0.040709400177001975 0.06825637817382812
25 0.5642624855041505 0.40830289125442504 0.0350831985473633 0.06257245540618894
16 0.6453852176666259 0.2997854471206665 0.03833379745483401 0.07054719924926756
14 0.483431339263916 0.3076546669006348 0.03672313690185547 0.06806845664978028
16 0.605214500427246 0.3017768144607544 0.03952655792236326 0.06964230537414551
29 0.6506073951721192 0.8335357427597045 0.05632858276367181 0.18563466072082513
3 0.615853214263916 0.11413798332214355 0.06014995574951176 0.20496139526367188
54 0.4250602722167969 0.5131543159484864 0.030857849121093794 0.08356151580810545
0 0.37334005832672124 0.13020251989364626 0.05904583930969237 0.20285623073577883
26 0.6748061180114746 0.40871767997741704 0.03556213378906259 0.07815237045288087
45 0.5807912826538086 0.8790931701660156 0.0796356201171875 0.07229118347167973
34 0.6367326736450195 0.4031269073486328 0.03744010925292973 0.07040205001831057
41 0.6619668960571289 0.5263506889343261 0.05609779357910161 0.06037330627441401
45 0.5717953205108642 0.8192441940307618 0.0675418853759766 0.04996910095214846
8 0.5537005424499513 0.11676659584045411 0.059649085998535134 0.20283517837524415
19 0.41804714202880855 0.4139187812805176 0.035591888427734364 0.06114845275878905
17 0.4061953663825989 0.3094363212585449 0.03666493892669681 0.06671504974365239
17 0.3673855304718018 0.31479902267456056 0.03847751617431644 0.07472362518310549
16 0.6846253871917725 0.3061052799224854 0.038170242309570224 0.08449478149414064
28 0.5438126564025878 0.6358176708221435 0.040426349639892556 0.11105356216430662
19 0.3817153453826905 0.4143903732299805 0.036245155334472645 0.06058282852172853
28 0.5021177644231712 0.6358858017557596 0.038905786414701826 0.11254093082075611
19 0.45404009819030766 0.4140787601470947 0.03583498001098634 0.05988035202026365
5 0.4337142467498779 0.12513573169708253 0.05551729202270511 0.20707597732543945
23 0.4909492492675781 0.4128127098083496 0.0380859375 0.059222412109374956
28 0.5850736721452461 0.635717237426574 0.04072339850735951 0.11141941461218396
28 0.4622040748596191 0.6366780281066895 0.040095901489257846 0.11139106750488281
25 0.5994550228118897 0.4075138092041016 0.03409309387207027 0.06482791900634766
45 0.5052475500298312 0.8831274316014057 0.07003583908081057 0.08010063171386717
41 0.5366484165191651 0.5264790534973145 0.05570154190063481 0.05722198486328123
28 0.6266594886779785 0.6347532749176026 0.039611530303955034 0.11246900558471673
11 0.49283022880554195 0.12400426864624024 0.05712366104125971 0.20873823165893554
28 0.6666632537382194 0.6343610811425022 0.039611530303955034 0.11246900558471673
45 0.5033244379074219 0.8167536295082675 0.0670835539040317 0.051263072308766366
45 0.4358671085901528 0.8165575326207173 0.0655147788036301 0.049302103433264355
