47 0.7428374767303467 0.34805846214294434 0.021927833557128906 0.057892894744873025
51 0.3827970504760742 0.5027801513671875 0.020276546478271484 0.06249923706054694
24 0.7326434135437012 0.49489526748657225 0.02088432312011712 0.05358734130859377
18 0.5668491363525391 0.48907866477966305 0.02310104370117183 0.04397926330566404
25 0.6360537528991699 0.4909852981567383 0.02216835021972663 0.04372482299804692
47 0.6730350017547608 0.3477968454360962 0.021738433837890647 0.05859885215759275
47 0.7163230895996093 0.4037952423095703 0.020316886901855402 0.04613904953002934
19 0.45124163627624514 0.4312591552734375 0.022835636138915982 0.04183082580566411
18 0.5436318397521973 0.4884804725646973 0.02272090911865232 0.045655632019042935
26 0.316087293624878 0.5841267108917236 0.020789432525634755 0.04015817642211905
47 0.6487002372741699 0.34679958820343015 0.02231454849243164 0.05793218612670897
47 0.7208270072937011 0.34822702407836914 0.02133808135986326 0.05932178497314455
56 0.5766963005065918 0.3453514814376831 0.02225713729858403 0.05933189392089844
47 0.6917001724243164 0.4039426803588867 0.02257251739501953 0.046725177764892545
52 0.4038578987121582 0.5032820701599121 0.020139312744140603 0.06464042663574215
47 0.7370330810546875 0.4036614537239075 0.019718265533447243 0.045030570030212436
26 0.2948270320892334 0.5848756790161133 0.02025594711303713 0.04121417999267574
15 0.3583595514297485 0.3560162544250488 0.02289519309997562 0.04886188507080075
16 0.31332347393035886 0.42907867431640623 0.02245645523071288 0.04157648086547855
24 0.6797898292541504 0.5706641197204589 0.02162027359008789 0.04403495788574219
54 0.425485897064209 0.5039837837219239 0.020159149169921897 0.06453514099121099
25 0.5427668571472168 0.5676459312438965 0.022091102600097723 0.04134292602539058
15 0.4070827484130859 0.35701870918273926 0.02314929962158202 0.04811086654663088
19 0.4714957237243652 0.4314717769622803 0.017156982421874967 0.04252958297729492
24 0.7027053833007812 0.5715456485748291 0.022217369079589933 0.04495840072631829
15 0.3828088760375976 0.3567922115325928 0.023999977111816395 0.04910907745361326
16 0.3366482734680176 0.429900074005127 0.021796751022338856 0.042687797546386685
46 0.39616231918334965 0.6400074005126953 0.05234308242797853 0.039840412139892534
16 0.40551310777664185 0.4310643672943115 0.021330618858337425 0.0404607772827148
26 0.3373701810836792 0.5836681842803955 0.019983625411987338 0.03976373672485345
47 0.696235466003418 0.3480198383331299 0.023034286499023504 0.058740329742431596
45 0.3419139623641968 0.6435145378112793 0.05187497138977054 0.04660434722900386
56 0.6008980751037598 0.3468491792678833 0.021702003479003973 0.06018662452697754
29 0.5503739356994628 0.6877932548522949 0.03327407836914065 0.12263669967651358
47 0.6683934688568115 0.40307092666625977 0.02174997329711914 0.04597253799438472
16 0.3598479747772217 0.43050785064697267 0.023179674148559593 0.041844749450683616
46 0.45435781478881837 0.6456190109252931 0.046352386474609375 0.039983177185058616
26 0.3580379009246826 0.5832534313201905 0.020014572143554676 0.04124441146850588
24 0.7253237724304199 0.5711920738220215 0.022200393676757857 0.046898174285888605
16 0.38331596851348876 0.4310261726379394 0.022223472595214844 0.04121570587158202
41 0.3354814529418945 0.8565276145935059 0.0366395950317383 0.026341056823730447
41 0.29148435592651367 0.7878522396087646 0.036068964004516646 0.03616037368774416
16 0.29009058475494387 0.42780680656433107 0.02252478599548341 0.04039421081542971
19 0.42809438705444336 0.4316092967987061 0.02201786041259768 0.04219770431518555
17 0.3342337369918823 0.3553042411804199 0.023034048080444347 0.04968948364257808
26 0.27390501499176023 0.5854158401489258 0.020191431045532227 0.04446907043457027
51 0.3624228000640869 0.5030051231384278 0.01863279342651364 0.06256618499755862
17 0.28876595497131347 0.3549806118011475 0.022770500183105447 0.055932044982910156
17 0.3116931438446045 0.35477147102355955 0.02182569503784182 0.05212831497192383
45 0.2914412975311279 0.6431063175201417 0.047875785827636685 0.05029592514038084
59 0.46095571517944334 0.5781327724456786 0.021839523315429654 0.053899860382080056
24 0.6569185256958008 0.5708550453186035 0.022438430786132724 0.04400272369384761
24 0.7090108394622803 0.4951432228088379 0.02400054931640616 0.05387573242187493
55 0.4665188789367676 0.5050477504730224 0.019376754760742188 0.06469421386718749
59 0.37848100662231443 0.5764524459838867 0.018495845794677723 0.05594272613525397
41 0.2937766075134277 0.8564884185791015 0.036706352233886685 0.025884246826171853
59 0.41848325729370117 0.5770455360412597 0.019120407104492143 0.054628181457519576
14 0.4309553146362305 0.35751287937164306 0.022658348083496094 0.04656624794006348
59 0.3983619689941406 0.5766274452209472 0.019269466400146484 0.05562820434570315
28 0.6313070297241211 0.8369794845581054 0.02244853973388672 0.07155151367187496
56 0.5532598495483398 0.34477245807647705 0.022188568115234286 0.06011166572570803
41 0.2907373428344726 0.824478530883789 0.03672008514404296 0.03664817810058596
59 0.4389562129974365 0.5773487091064453 0.01985473632812501 0.054501342773437544
24 0.5887973785400391 0.5705347537994385 0.02207260131835931 0.04469661712646478
25 0.659956693649292 0.4913774490356445 0.024145889282226607 0.04446620941162105
32 0.5791630744934082 0.7099161148071289 0.02472906112670903 0.07840576171874991
56 0.5985701084136963 0.40233708620071407 0.02169666290283212 0.04598481655120851
25 0.6839785575866699 0.4921228408813476 0.023362255096435636 0.04669170379638671
18 0.5295557975769043 0.488889741897583 0.008259391784668058 0.045588779449462824
28 0.5566389083862304 0.8352121353149414 0.023638343811035134 0.06885356903076167
56 0.6241520881652832 0.346771764755249 0.022183609008789018 0.059304237365722656
31 0.7006990432739257 0.8450228691101074 0.024460220336914085 0.059139251708984375
31 0.6774280071258545 0.8439740180969237 0.020805549621581987 0.06073703765869143
28 0.5317643165588379 0.8358983993530273 0.024540138244628973 0.06999549865722665
16 0.2673308372497558 0.4274027347564697 0.022315549850463856 0.040016460418701216
28 0.6063989639282227 0.8363447189331055 0.025348472595214888 0.07073135375976558
23 0.6125313282012939 0.4901095390319824 0.022730445861816384 0.043757629394531206
24 0.5661481857299804 0.5693724632263184 0.02226886749267576 0.04362335205078127
41 0.3350118637084961 0.825859260559082 0.036690711975097656 0.03419284820556634
28 0.5809011936187745 0.8357209205627442 0.02350692749023431 0.06940269470214844
41 0.33419156074523926 0.7889273643493653 0.034478282928466775 0.037833023071288996
56 0.6209233283996582 0.4020379066467285 0.022337913513183594 0.04678354263305662
24 0.6335313796997071 0.5715060234069824 0.02138938903808596 0.04555244445800777
17 0.2636181592941284 0.3559068202972412 0.026413917541503906 0.058493232727050815
28 0.6547194480895997 0.7143208026885987 0.02341327667236326 0.07640390396118169
28 0.6550461769104003 0.8382429122924804 0.022121334075927757 0.07087364196777346
43 0.4150136947631836 0.8526592254638672 0.034397125244140625 0.030682182312011808
24 0.6114211082458496 0.5714624881744385 0.02216758728027335 0.046534824371337935
28 0.6307777881622314 0.7130290985107421 0.02422618865966797 0.07695817947387695
31 0.7072077751159668 0.7215818405151366 0.026692199707031294 0.06678237915039065
61 0.37755441665649414 0.8292301177978516 0.0328822135925293 0.032722091674804665
32 0.6049225330352783 0.710853385925293 0.025688457489013716 0.0783155441284179
16 0.5232332229614258 0.026514327526092528 0.10998554229736329 0.05283874273300171
34 0.2984466075897217 0.5059431076049805 0.02329883575439451 0.05311641693115232
56 0.5742879390716553 0.4011982440948486 0.021612548828125022 0.04523515701293945
47 0.6452245712280273 0.4024256706237793 0.022865104675293013 0.04624786376953122
55 0.44628372192382815 0.5043704032897949 0.019446754455566373 0.06491289138793943
23 0.589992618560791 0.48993368148803706 0.021673965454101607 0.0442493438720703
28 0.6798297405242919 0.7153875350952148 0.026718521118164085 0.07836208343505857
43 0.4150159955024719 0.8460868835449218 0.033652663230895996 0.02490291595458982
47 0.7298284530639649 0.3482870101928711 0.02403678894042971 0.0589948654174805
61 0.37412788156877486 0.7915382318329391 0.0328822135925293 0.032722091674804665
36 0.2861156798245614 0.7062945449561403 0.03940515350877194 0.02312911184210531
36 0.3315172697368421 0.7080078124999999 0.03940515350877194 0.02312911184210531
36 0.3709224232456141 0.7062945449561402 0.03940515350877194 0.02312911184210531
36 0.4137541118421053 0.7062945449561402 0.03940515350877194 0.02312911184210531
36 0.28697231359649117 0.7328501918859649 0.03940515350877194 0.02312911184210531
36 0.33323053728070173 0.7345634594298246 0.03940515350877194 0.02312911184210531
36 0.3752055921052631 0.7307086074561403 0.03426535087719296 0.022272478070175294
36 0.4137541118421052 0.7311369243421052 0.0376918859649123 0.0214158442982455
36 0.4561574835526315 0.7302802905701754 0.03683525219298245 0.019702576754385914
56 0.5507317543029784 0.4066387402383904 0.023818223518237702 0.055349164260061146
34 0.2694858284883721 0.510219840116279 0.022710755813953487 0.04844961240310075
