18 0.5610543727874756 0.45869884490966795 0.02555084228515625 0.05648546218872069
23 0.5871977806091309 0.45884013175964355 0.024092483520507857 0.05612726211547847
19 0.4259474277496338 0.45908451080322266 0.02508258819580078 0.059264183044433594
18 0.5352199077606201 0.45887508392333987 0.025340366363525435 0.056845283508300815
16 0.2608738899230957 0.45607638359069824 0.025597858428955067 0.05898981094360356
54 0.41243238449096675 0.543527364730835 0.024500656127929676 0.07345352172851571
50 0.7375474929809571 0.4567158699035645 0.02389039993286135 0.06349735260009765
15 0.4372539043426514 0.36048712730407717 0.025031089782714844 0.05965366363525387
26 0.275042986869812 0.6422657012939453 0.023971223831176725 0.05163211822509761
51 0.387799072265625 0.5432251930236816 0.023147106170654297 0.07244577407836916
25 0.6114749908447266 0.45839509963989256 0.02297058105468741 0.05601072311401367
56 0.7479617118835449 0.3732652425765991 0.026502609252929688 0.06797318458557128
41 0.3931607723236084 0.8442398071289063 0.03701391220092776 0.04228744506835935
59 0.3499193906784057 0.6308048248291016 0.02277069091796874 0.07111644744873047
18 0.5141580104827881 0.4593098640441895 0.017627906799316362 0.05777616500854493
59 0.4225327968597412 0.6289238929748535 0.023157882690429732 0.07014865875244136
15 0.2785198450088501 0.35720703601837156 0.026392745971679676 0.05912055969238278
24 0.7331101417541503 0.5526718139648437 0.024296379089355447 0.056113815307617165
41 0.30567612648010256 0.8804068565368652 0.036694717407226574 0.037982940673828125
17 0.22499437332153321 0.35725815296173097 0.02764501571655273 0.06100640296936033
16 0.3720582962036133 0.4579023361206055 0.0269481658935547 0.058915138244628906
16 0.3435464859008789 0.4575815200805664 0.027313423156738292 0.05964851379394531
14 0.20503110885620118 0.4560564041137695 0.02680120468139649 0.06050682067871094
26 0.25061845779418945 0.6431568145751954 0.02426509857177736 0.05230503082275384
46 0.29799318313598633 0.702453327178955 0.0590538024902344 0.04545526504516595
61 0.5649063587188721 0.7710525512695312 0.03936338424682617 0.040679931640625
14 0.2329540729522705 0.4564704895019531 0.028378009796142578 0.060288429260253906
41 0.257628345489502 0.8450159072875977 0.03978424072265624 0.04207038879394531
16 0.2879828691482544 0.4566246509552002 0.02702012062072756 0.0588547706604004
51 0.36368851661682133 0.5436591625213623 0.022933769226074208 0.072513484954834
61 0.5234318256378174 0.7721002578735352 0.03569631576538079 0.04140243530273435
41 0.3929102659225464 0.8839990615844726 0.037402296066284146 0.037059783935546875
61 0.5643742084503174 0.726274585723877 0.038854026794433505 0.0481391906738281
16 0.3156078815460205 0.45723705291748046 0.0265919208526611 0.05881309509277344
41 0.5406641960144043 0.8775859832763673 0.032507896423339844 0.037742996215820335
41 0.3034284591674805 0.8413023948669434 0.032509517669677745 0.039151763916015714
15 0.3051274299621582 0.35753412246704097 0.02644147872924807 0.058884334564208995
41 0.6084280014038086 0.7253093719482422 0.03839817047119132 0.04356861114501953
17 0.1961603879928589 0.35700082778930664 0.0290889263153076 0.06283159255981441
41 0.43595590591430666 0.8810453414916992 0.03287315368652344 0.03845062255859366
25 0.5137275218963623 0.55142183303833 0.01920242309570308 0.05259990692138672
41 0.6080987453460693 0.7692572593688964 0.040024185180663974 0.04161911010742181
26 0.29950270652770994 0.6419142723083496 0.024216651916503906 0.052339363098144576
25 0.7128830909729005 0.45887255668640137 0.02474346160888674 0.05795507431030278
16 0.39942667484283445 0.45810785293579104 0.02578587532043458 0.058940505981445346
28 0.6297119140625 0.6453298568725586 0.029676723480224543 0.08947277069091797
25 0.6620521068572998 0.4580641746520996 0.025596332550048895 0.05622205734252933
15 0.3853228330612183 0.3594785213470459 0.026206827163696322 0.058114385604858376
29 0.6231602668762206 0.861175537109375 0.03968677520751951 0.11518535614013681
29 0.6621308326721191 0.860257339477539 0.03558006286621085 0.11506805419921873
25 0.687744426727295 0.4585072517395019 0.024746513366699197 0.05724925994873048
41 0.3455528736114502 0.8443622589111328 0.03623485565185547 0.04473800659179683
41 0.6507157802581787 0.7684660434722901 0.038996982574462824 0.041757392883300715
59 0.44404172897338867 0.6297500133514404 0.018342018127441406 0.06768665313720712
41 0.6968995571136474 0.7241128921508789 0.040182209014892556 0.04288597106933589
25 0.5855204582214355 0.5516359806060791 0.024562835693359375 0.051624965667724565
41 0.6955293655395508 0.7678591251373291 0.039383888244628906 0.043374061584472656
41 0.43605551719665525 0.8396592140197754 0.031726455688476596 0.039809226989746094
59 0.373797869682312 0.6298885345458984 0.022358131408691417 0.07212543487548828
26 0.3241993904113769 0.6406306266784668 0.024480628967285145 0.05403470993041992
59 0.39769678115844725 0.6291479110717774 0.02307271957397461 0.07125358581542973
25 0.6360005378723144 0.4578498363494873 0.024851226806640647 0.05604019165039059
25 0.5605948448181153 0.5511709213256836 0.02478847503662107 0.05174236297607426
25 0.5356195449829102 0.5510133743286133 0.024217605590820312 0.05197410583496098
61 0.5225232601165772 0.7276840686798096 0.03646411895751955 0.046337127685546875
51 0.3394626140594482 0.5456104278564453 0.022961711883544955 0.0711013793945312
15 0.41169066429138185 0.359862756729126 0.02549266815185547 0.058218097686767556
41 0.3083986759185791 0.9157634735107422 0.036474323272705056 0.030907821655273393
15 0.3584898471832275 0.35890731811523435 0.02597250938415524 0.058359336853027355
26 0.2255321502685547 0.6442671775817872 0.02456016540527345 0.0536989212036133
15 0.33144187927246094 0.35803947448730467 0.025870752334594682 0.05897331237792969
41 0.5405508995056152 0.9109569549560548 0.03603153228759759 0.02819404602050779
41 0.6519958019256591 0.7246789932250977 0.04002866744995115 0.04286766052246094
25 0.6100405693054198 0.5513046741485597 0.023444271087646462 0.05153284072875974
25 0.660258674621582 0.5512216091156006 0.024331855773925826 0.05156784057617192
25 0.7078907012939453 0.5519583225250244 0.02367744445800779 0.0545001983642579
25 0.6348469734191895 0.5509500503540039 0.024736118316650457 0.05156211853027348
25 0.684276008605957 0.5515805244445801 0.023601341247558638 0.051688194274902344
41 0.5818486213684082 0.9065963745117187 0.0368809700012207 0.03553581237792969
15 0.25204858779907224 0.357115912437439 0.026438808441162143 0.06028180122375487
28 0.6590998649597168 0.6458017349243164 0.02777042388916018 0.09066467285156243
41 0.3483435153961182 0.8857056617736816 0.03577451705932616 0.03493995666503913
29 0.6984590530395507 0.8580286979675293 0.03548851013183596 0.11540794372558594
28 0.5990242958068848 0.6451207637786865 0.030093383789062456 0.09038305282592773
28 0.5685908317565918 0.646348524093628 0.030016326904296897 0.09153070449829104
41 0.43603544235229497 0.9145341873168945 0.03550357818603517 0.027584838867187544
28 0.6874332427978516 0.6471916675567627 0.02812957763671875 0.09147233963012691
34 0.24212460517883302 0.5548243522644043 0.026557397842407238 0.05849456787109375
46 0.4194659679655045 0.7042402570209807 0.05638265609741211 0.02773990631103518
41 0.26379923820495604 0.9182071685791016 0.03664169311523435 0.0279125213623046
33 0.21545538902282715 0.5564372062683105 0.02499103546142578 0.058243179321289085
41 0.3940310001373291 0.9156300544738769 0.037761688232421875 0.028932380676269465
41 0.5081852912902832 0.9106761932373046 0.01983356475830078 0.032465553283691384
41 0.26078500747680666 0.8856592178344727 0.0398978233337402 0.035273742675781206
55 0.43700804710388186 0.5446588516235351 0.024100017547607433 0.07460536956787112
41 0.3499717712402344 0.9160245895385741 0.03669271469116209 0.02848472595214846
46 0.3587836027145386 0.7055685520172119 0.05662622451782229 0.04476776123046866
19 0.4457040309906006 0.4590596199035645 0.014743804931640625 0.06024398803710934
55 0.4369662284851074 0.5440716743469238 0.023335361480712913 0.07249679565429679
41 0.5095472812652588 0.8739233016967773 0.019179821014404352 0.03476448059082027
46 0.2382531748877631 0.698202191458808 0.05050439834594722 0.049805641174316406
28 0.716721773147583 0.6480198860168457 0.030357837677001953 0.0936080932617187
41 0.5087470433068654 0.8332339483594138 0.019230197724841913 0.04019132947164872
28 0.5352636988200838 0.646348524093628 0.030016326904296897 0.09153070449829104
