26 0.26215045452117924 0.5111166954040527 0.022460746765136708 0.04951572418212885
26 0.28481762409210204 0.511014175415039 0.022292232513427712 0.04843349456787116
26 0.33012568950653076 0.5119301795959472 0.021602058410644553 0.04813880920410163
26 0.374199652671814 0.5126170635223388 0.021353673934936535 0.04844322204589846
26 0.438702392578125 0.5133454322814941 0.021323680877685547 0.04823169708251951
26 0.3522618770599365 0.5120327949523926 0.021502828598022494 0.048706054687500056
26 0.3960002899169922 0.513159704208374 0.020955276489257824 0.04756689071655268
26 0.4171829700469971 0.5131922245025635 0.020108413696289074 0.04761667251586915
26 0.3077897071838379 0.511662769317627 0.022272586822509766 0.04779491424560545
26 0.46102657318115237 0.5128657341003418 0.02120037078857423 0.04964656829833991
59 0.5845151424407959 0.5130393028259277 0.01956100463867194 0.05352172851562498
54 0.6678199768066406 0.511409330368042 0.019789505004882857 0.059439849853515636
59 0.48283977508544923 0.5102978706359863 0.020409679412841775 0.05538997650146488
54 0.6056903839111328 0.5115315437316894 0.021123886108398438 0.05761318206787108
54 0.6270642280578613 0.5114565372467041 0.019965076446533114 0.05788898468017584
59 0.5444705963134766 0.5124702453613281 0.019471359252929754 0.05409488677978519
52 0.6337067127227783 0.6606079578399658 0.019966411590576216 0.07028026580810542
51 0.6882201194763184 0.5116980075836182 0.01916704177856443 0.058139133453369185
59 0.5040763854980469 0.5111686706542968 0.019812011718749967 0.05557422637939452
34 0.50605788230896 0.6719302177429198 0.020648956298828125 0.05075988769531248
33 0.27789897918701173 0.6725755691528321 0.022136592864990257 0.05213775634765627
33 0.30095515251159666 0.672410249710083 0.02245149612426761 0.05232992172241202
54 0.647212553024292 0.5115720748901367 0.019549465179443337 0.058957099914550726
52 0.6136165618896485 0.660406494140625 0.01850833892822268 0.06905097961425777
34 0.5491974830627442 0.6723456382751465 0.020098114013671897 0.05007190704345699
51 0.7090226342692179 0.5145872457492986 0.01916704177856443 0.058139133453369185
51 0.7286694537958451 0.5128537028498904 0.01916704177856443 0.058139133453369185
51 0.7483162733224724 0.5128537028498904 0.01916704177856443 0.058139133453369185
55 0.7698548446745563 0.5153129622781065 0.01675758136094674 0.05778476331360949
55 0.786612426035503 0.5164686575443787 0.01675758136094674 0.05778476331360949
55 0.8056813979289941 0.5170465051775147 0.01675758136094674 0.05778476331360949
55 0.8270617603550297 0.5164686575443787 0.01675758136094674 0.05778476331360949
33 0.25601050935942554 0.6136450734631769 0.022136592864990257 0.05213775634765627
33 0.27902146481919565 0.6153288019114527 0.022136592864990257 0.05213775634765627
33 0.3031549059111497 0.6136450734631769 0.022136592864990257 0.05213775634765627
33 0.3261658613709198 0.6136450734631769 0.022136592864990257 0.05213775634765627
33 0.34917681683068996 0.6130838306470849 0.022136592864990257 0.05213775634765627
33 0.3710652866582762 0.6158900447275448 0.022136592864990257 0.05213775634765627
33 0.3935149993019543 0.614767559095361 0.022136592864990257 0.05213775634765627
33 0.4159647119456325 0.6153288019114529 0.022136592864990257 0.05213775634765627
33 0.4384144245893107 0.6153288019114529 0.022136592864990257 0.05213775634765627
33 0.4608641372329888 0.6153288019114529 0.022136592864990257 0.05213775634765627
33 0.46142538004908074 0.6675243838080047 0.022136592864990257 0.05213775634765627
33 0.4378531817732187 0.6692081122562805 0.022136592864990257 0.05213775634765627
33 0.41371974068126466 0.6686468694401886 0.022136592864990257 0.05213775634765627
33 0.39014754240540256 0.6697693550723725 0.022136592864990257 0.05213775634765627
33 0.3676978297617244 0.6697693550723725 0.022136592864990257 0.05213775634765627
33 0.3446868743019542 0.6692081122562805 0.022136592864990257 0.05213775634765627
33 0.3223639359419373 0.670909595489502 0.01851558740111603 0.051050780285363695
33 0.25432678091114963 0.6714530835206483 0.022136592864990257 0.05213775634765627
34 0.4841694124813739 0.6174896645820005 0.020648956298828403 0.05075988769531248
34 0.5060578823089598 0.6174896645820005 0.020648956298827903 0.05075988769531248
34 0.528507594952638 0.6174896645820005 0.020648956298827903 0.05075988769531248
34 0.5487123363319484 0.6152446933176325 0.020648956298827903 0.05075988769531248
34 0.5689170777112588 0.6158059361337247 0.020648956298827903 0.05075988769531248
34 0.5908055475388451 0.6141222076854489 0.020648956298827903 0.05075988769531248
34 0.592489275987121 0.6663177895820005 0.020648956298827903 0.05075988769531248
34 0.5706008061595348 0.6691240036624604 0.020648956298827903 0.05075988769531248
34 0.526186527602974 0.6729068810912384 0.020098114013671897 0.05007190704345699
34 0.4841694124813739 0.6713689749268279 0.020648956298828458 0.05075988769531248
