30 0.4175134181976318 0.3120550632476807 0.04787673950195315 0.173754358291626
29 0.5483400344848632 0.6539778709411621 0.04244384765624998 0.14988327026367188
29 0.4203503131866455 0.6545677661895752 0.041565990447998025 0.14751749038696282
29 0.505030345916748 0.6549802780151368 0.041550827026367254 0.1461647987365723
28 0.5643764276155003 0.4981902122497559 0.029946899414062478 0.0946146965026855
28 0.5021505141530951 0.4987061914440536 0.031248230539309696 0.09928595518610273
28 0.46936823665254945 0.4976910567495914 0.031100716560509556 0.1007663216560507
28 0.533942804348633 0.49807294753098147 0.029865083269252968 0.09588963818398233
29 0.46232671737670894 0.6535487174987793 0.04150562286376952 0.14962100982666016
28 0.43981634743985215 0.4991160436655909 0.02618502604810491 0.09895170549803134
28 0.40859733549688526 0.4998295834337996 0.031521954113924056 0.09833362796638578
30 0.46709856839143027 0.31470465142597526 0.04787673950195315 0.173754358291626
30 0.5166837185852288 0.3150831640228745 0.04787673950195326 0.173754358291626
30 0.5655118435852288 0.3177327522011691 0.04787673950195326 0.173754358291626
