47 0.5587296485900879 0.7118813037872315 0.02889385223388663 0.06721763610839848
4 0.370087718963623 0.8575958251953124 0.04946241378784183 0.15948925018310545
13 0.5097217559814453 0.8785953521728516 0.05560188293457036 0.10174484252929683
13 0.4533040523529053 0.8814078330993652 0.05537567138671873 0.10195636749267578
5 0.560035228729248 0.14208346605300903 0.05108909606933598 0.1721759080886841
26 0.6392518520355225 0.5199120521545411 0.030906391143798784 0.058555603027343806
24 0.570955467224121 0.615076446533203 0.029366588592529275 0.05678548812866213
26 0.6074375152587891 0.5191498279571534 0.030861854553222656 0.05871238708496096
16 0.34825119972229 0.3860680341720581 0.03432235717773441 0.060571050643920876
13 0.6215475082397461 0.8740091323852539 0.054328536987304665 0.09817104339599614
19 0.37997467517852784 0.5108193397521973 0.03164281845092776 0.05788469314575195
26 0.5123455047607421 0.5161789417266845 0.03078632354736327 0.057218360900878895
26 0.35564365386962893 0.608189582824707 0.03034381866455077 0.05813484191894536
26 0.5095643043518067 0.6142057418823241 0.030372428894043013 0.05626449584960935
16 0.41655654907226564 0.3897888660430908 0.03370523452758789 0.0580869674682617
16 0.4841462135314942 0.3926691055297852 0.03384962081909182 0.05897827148437501
16 0.3824790954589844 0.3879582405090332 0.03332462310791012 0.05902633666992185
16 0.4541622161865234 0.3228003740310669 0.031118392944335938 0.07525858879089359
26 0.5437268257141112 0.5169176101684569 0.030184173583984397 0.058707809448242165
52 0.5275777339935303 0.7058655738830566 0.028564453125 0.07813005447387689
26 0.5402552127838135 0.6146625518798827 0.029500198364257768 0.05577793121337893
2 0.6132191181182862 0.14314524829387665 0.0519381523132324 0.17099118828773496
16 0.5164881706237793 0.32511327266693113 0.029118347167968794 0.07362809181213376
26 0.5757472038269043 0.517685079574585 0.031013870239257835 0.05840663909912114
3 0.5054283142089844 0.13790944814682007 0.053837203979492154 0.16977121829986572
59 0.46952610015869145 0.7042628288269044 0.02886028289794923 0.07802286148071291
16 0.45040383338928225 0.3913530111312866 0.03262577056884769 0.058606958389282204
26 0.4176679134368897 0.6108000755310059 0.030128288269042958 0.05661220550537116
26 0.32390537261962893 0.6077296257019043 0.031066322326660123 0.0582506179809571
16 0.3269022464752197 0.315508508682251 0.03189964294433595 0.07801733016967777
24 0.6016116142272949 0.615689468383789 0.030659294128418058 0.057222175598144465
13 0.5660714149475098 0.8756471633911134 0.05469493865966801 0.0997184753417969
16 0.35939364433288573 0.3183077335357666 0.03125200271606443 0.07623891830444335
16 0.422515869140625 0.3220489025115967 0.03099136352539067 0.07470827102661137
16 0.39122488498687746 0.31954259872436525 0.03087277412414552 0.07446908950805664
26 0.4484611034393311 0.6116316795349122 0.0299208641052246 0.05754718780517576
16 0.48553266525268557 0.3244880199432373 0.03037014007568356 0.07518625259399414
16 0.5181045532226562 0.39326355457305906 0.032242774963378906 0.05900931358337402
59 0.4398636817932129 0.7036629676818847 0.029020690917968772 0.07633905410766606
19 0.34695785045623784 0.5097462177276612 0.0322277069091797 0.057676219940185514
26 0.38687953948974607 0.6094499588012695 0.03065776824951172 0.05719261169433598
26 0.47873697280883787 0.6123839378356933 0.029948806762695346 0.057329654693603516
16 0.3132479190826416 0.38663315773010254 0.03402342796325686 0.0658754348754883
24 0.5520452499389649 0.3952209949493408 0.03215713500976558 0.0589021682739258
54 0.4984404563903808 0.7050112724304199 0.028468132019042913 0.07746810913085933
19 0.41340847015380855 0.5123627185821533 0.0328357696533203 0.05716161727905278
4 0.32087368965148927 0.8584090948104859 0.0475153923034668 0.15834584236145022
24 0.6340455055236816 0.6229399681091309 0.03178796768188474 0.07370014190673824
17 0.47945566177368165 0.5152587890625 0.031862831115722634 0.05646591186523442
17 0.4467860221862793 0.5147756576538086 0.03238639831542972 0.055561065673828125
56 0.6215842723846435 0.7111103057861328 0.03399229049682617 0.07142238616943353
24 0.5859940528869629 0.3962690830230713 0.0322755813598633 0.058171558380127
24 0.6558680534362793 0.4035671234130859 0.03488445281982422 0.07515487670898435
24 0.6205262184143067 0.39687442779541016 0.03393955230712886 0.05982198715209963
24 0.5466966152191162 0.32633099555969236 0.02930870056152346 0.07340259552001954
19 0.313355016708374 0.5123842239379883 0.03189649581909182 0.06635761260986334
24 0.6399954795837403 0.32822489738464355 0.030562210083007857 0.07084951400756834
1 0.6696659088134765 0.14544093310832976 0.058253479003906206 0.1775969088077545
51 0.4102738857269287 0.7032280921936035 0.027920818328857455 0.07719535827636714
51 0.38029744625091555 0.7028443336486816 0.028677606582641568 0.07788648605346682
24 0.5777534961700439 0.3267090320587158 0.03134031295776374 0.07341346740722654
9 0.45151124000549314 0.13417645692825317 0.051879787445068326 0.1700218915939331
24 0.6088827133178711 0.3283257007598877 0.029663276672363348 0.07174739837646482
8 0.3962691783905029 0.13230397701263427 0.05335416793823239 0.1731661319732666
0 0.34191193580627444 0.1328178435564041 0.05323390960693358 0.17965878844261168
