23 0.4598273277282715 0.33529391288757326 0.03679637908935546 0.06563653945922848
56 0.6112204551696778 0.3289793968200684 0.03533401489257815 0.07552003860473633
19 0.34033355712890623 0.33559703826904297 0.03985595703125 0.0681369781494141
0 0.6509217739105224 0.889399242401123 0.0454947471618653 0.16535644531249993
59 0.555689525604248 0.48644046783447265 0.031063842773437433 0.0913470268249511
19 0.38110346794128414 0.3355593681335449 0.03927488327026368 0.06712398529052732
54 0.42315034866333007 0.4886477947235107 0.03278923034667969 0.09271440505981449
15 0.4098572611808777 0.16517264842987062 0.04064047336578369 0.10008206367492675
26 0.42727737426757817 0.6744844436645507 0.03219966888427733 0.06545410156249998
14 0.36959185600280764 0.16720356941223144 0.038687324523925815 0.1013162612915039
59 0.588902759552002 0.4848940849304199 0.030002784729003973 0.09078559875488279
29 0.40547761917114256 0.881654930114746 0.05151472091674808 0.1894855499267578
59 0.5228158950805664 0.4840259075164795 0.030720520019531183 0.09473581314086921
15 0.45209245681762694 0.1648850917816162 0.04108228683471682 0.10030665397644042
18 0.3016428709030151 0.3469927549362183 0.037481212615966764 0.08920202255249027
59 0.4897292613983154 0.48526620864868164 0.03040151596069335 0.09348144531249997
16 0.5337004661560059 0.165099573135376 0.03942089080810551 0.10154561996459961
56 0.6848036766052246 0.3264403104782104 0.03444042205810549 0.07792954444885253
25 0.4978137493133545 0.3341928720474243 0.03592901229858392 0.06736159324645996
9 0.5572441101074219 0.8922483444213867 0.04550733566284182 0.16851081848144533
16 0.5753849983215331 0.16457960605621338 0.03984012603759768 0.10086579322814943
2 0.6038233757019043 0.8926128387451172 0.04512290954589837 0.16083145141601562
26 0.46101145744323735 0.6732234954833984 0.033057403564453136 0.06766128540039062
26 0.33411421775817873 0.7407495498657226 0.02982215881347655 0.062269973754882746
29 0.35216932296752934 0.88064546585083 0.05230970382690431 0.18806571960449225
59 0.5534684181213378 0.7166027069091797 0.027309226989746027 0.09265537261962886
14 0.32851667404174806 0.1678002119064331 0.040849590301513694 0.10134119987487793
26 0.46145219802856446 0.7375329494476318 0.031632423400878906 0.057930946350097656
56 0.6483988761901855 0.32772507667541506 0.03435020446777348 0.0766143798828125
26 0.3977705717086792 0.7388864994049071 0.03100419044494629 0.05776157379150393
25 0.5356425762176513 0.3333205699920654 0.036237239837646484 0.06831912994384765
55 0.4574593067169189 0.4863507270812988 0.031061267852783236 0.09217433929443358
59 0.6239651679992675 0.4847372531890869 0.03316555023193357 0.09051923751831054
59 0.5241406440734864 0.7175752639770507 0.029233360290527366 0.09465694427490234
16 0.6577571392059326 0.16330385208129883 0.03828926086425777 0.10155024528503419
26 0.36198191642761235 0.6746726989746094 0.031720924377441395 0.06714706420898442
29 0.4574438095092773 0.8836737632751465 0.05069026947021488 0.19022445678710942
26 0.42914667129516604 0.7380238533020019 0.030866432189941395 0.058086395263671875
26 0.3655743360519409 0.7394722461700439 0.03075385093688965 0.059725284576416016
59 0.659036922454834 0.4877314567565918 0.0292205810546875 0.0931331634521484
14 0.2869291305541992 0.16709750890731812 0.041002178192138694 0.10052964687347411
26 0.39435203075408937 0.6748095512390136 0.031315183639526345 0.06701898574829102
16 0.4934686660766602 0.1657916784286499 0.038747310638427734 0.10152487754821779
26 0.32899107933044436 0.6737379074096679 0.03212690353393555 0.06965694427490232
16 0.6985002994537354 0.16153372526168824 0.039032268524169966 0.1020087480545044
16 0.6172251224517822 0.16331124305725098 0.0388613700866699 0.10246257781982421
23 0.42135143280029297 0.3355494499206543 0.03764781951904295 0.06583452224731445
28 0.6285428524017334 0.6984488487243652 0.04224071502685545 0.12888526916503906
59 0.4940656661987305 0.7185400962829589 0.028827667236328125 0.09329280853271482
32 0.5876991748809814 0.6975000381469727 0.036737918853759766 0.12520637512207033
56 0.7895499706268311 0.3239590167999268 0.029270839691162065 0.07842617034912108
31 0.6679310321807861 0.7083783149719238 0.033324241638183594 0.1132858276367188
56 0.5725879669189453 0.32986021041870117 0.032625770568847745 0.07420864105224612
33 0.32164558531746035 0.5099826388888888 0.0341021825396825 0.07285466269841268
34 0.3580729166666667 0.5053323412698413 0.035652281746031744 0.058903769841269826
