51 0.6119241714477539 0.6270840644836426 0.027973937988281294 0.0778480529785156
3 0.27482099533081056 0.21290109157562256 0.06114807128906252 0.18905434608459476
15 0.5537049293518066 0.4048099040985107 0.032719993591308616 0.07273359298706056
0 0.5521611213684081 0.2144325315952301 0.053937339782714866 0.18587692975997921
0 0.4969524383544922 0.214003849029541 0.05144691467285156 0.1857156753540039
26 0.4022815227508545 0.7347343444824219 0.028602123260498047 0.05679473876953123
17 0.2733372688293457 0.40370612144470214 0.037213516235351574 0.07791433334350584
3 0.33289227485656736 0.21284143924713134 0.0536487579345703 0.18081455230712892
17 0.4139883518218994 0.4034579753875732 0.033211135864257835 0.07294073104858395
52 0.6415056705474853 0.629234504699707 0.029030036926269598 0.0788458824157715
17 0.519322967529297 0.4047210216522217 0.03366718292236326 0.07109861373901372
16 0.6480962753295898 0.5257175922393799 0.034972763061523415 0.060373020172119096
14 0.6230755805969238 0.40607943534851076 0.03515739440917964 0.0733843803405762
5 0.6097572326660157 0.21306586265563965 0.05669078826904295 0.1902928352355957
14 0.6587236881256103 0.40640974044799805 0.03347492218017578 0.0738058090209961
16 0.48539347648620607 0.5222257614135741 0.03190174102783205 0.06105957031249998
16 0.5469937801361084 0.5232872009277344 0.0325391769409179 0.062323570251464844
14 0.31701998710632323 0.5205659866333008 0.03131389617919922 0.056092262268066406
16 0.5160601615905762 0.521958303451538 0.028303527832031272 0.0626498222351074
26 0.6347996711730957 0.7389504432678222 0.028413009643554754 0.055222702026367254
26 0.5467243194580078 0.7376297950744629 0.028879261016845792 0.05572767257690425
14 0.5876659393310547 0.4054062008857727 0.03359098434448238 0.07191426753997804
17 0.344420337677002 0.4019176959991455 0.035699272155761685 0.07294912338256831
16 0.6128122806549072 0.5243500709533692 0.0328873634338378 0.0616205215454102
26 0.4596414566040039 0.7358884334564209 0.028684997558593772 0.05601692199707031
16 0.579430103302002 0.5237786293029785 0.03147277832031259 0.061714172363281194
17 0.3092138290405273 0.40169171094894407 0.03324456214904786 0.07301332950592038
17 0.3798923015594482 0.4020073413848877 0.033173370361328114 0.07205514907836919
14 0.2839937686920166 0.5229734420776366 0.03355350494384768 0.06637153625488279
26 0.6055799961090088 0.7385125160217285 0.02918176651000981 0.054692077636718794
19 0.4182387351989746 0.5216302394866943 0.03186340332031251 0.05810499191284174
26 0.5761451721191406 0.7378615379333496 0.028600883483886674 0.05579490661621089
17 0.44934930801391604 0.403734016418457 0.036279869079589855 0.0697599411010742
14 0.6931539058685303 0.40717536211013794 0.03434953689575193 0.07693192958831785
26 0.431122350692749 0.7351527214050293 0.02779951095581057 0.05708017349243155
51 0.5825187683105468 0.6260814189910888 0.02803878784179681 0.07831840515136712
26 0.6638653755187989 0.7391149520874023 0.027938461303710915 0.05657653808593743
5 0.6788175582885743 0.21782116889953612 0.06898250579833987 0.18655195236206054
26 0.48859596252441406 0.7360437393188477 0.02813720703125 0.056875324249267556
25 0.33191213607788084 0.6309985160827637 0.03250570297241212 0.05444602966308598
17 0.4849408626556396 0.4051668643951416 0.03340978622436519 0.07034740447998045
19 0.35068488121032715 0.5218977928161621 0.034484577178955034 0.05439109802246089
16 0.6821049690246582 0.5292467594146728 0.030072021484375044 0.0659762382507324
19 0.451567554473877 0.5226521492004395 0.032937049865722656 0.05928611755371094
26 0.5175596237182617 0.7367361545562745 0.028757858276367232 0.05633916854858401
19 0.3854339361190796 0.5209000587463379 0.03236393928527831 0.057611274719238215
25 0.3653398990631104 0.6326848030090332 0.03270916938781737 0.052516937255859375
2 0.38729109764099123 0.21378867626190184 0.05468177795410156 0.18158206939697263
54 0.6714907646179199 0.6281632423400878 0.0297698974609375 0.08033313751220705
4 0.44206924438476564 0.2141964018344879 0.052620887756347656 0.18345698118209838
56 0.4641858100891113 0.6273296356201172 0.030986595153808583 0.06971893310546873
28 0.3413889408111572 0.9203309059143066 0.038907432556152366 0.10872230529785154
19 0.2953024387359619 0.6345256328582763 0.03385353088378906 0.06244306564331059
28 0.30160322189331057 0.9263397216796875 0.03887052536010743 0.10521011352539067
28 0.3790415305357713 0.9203357919433413 0.03562533389887157 0.11104346788846542
55 0.30753625690607733 0.7210915918508287 0.03021408839779005 0.07607475828729282
55 0.3399084944751381 0.7216311291436464 0.03021408839779005 0.07607475828729282
55 0.3714714261049724 0.7216311291436464 0.02643732734806631 0.07499568370165743
