41 0.36769866943359375 0.7025289535522461 0.06980733871459965 0.07138996124267583
45 0.47157020801451144 0.4698337903836879 0.12177639007568342 0.08082904815673825
41 0.5294680595397949 0.725824499130249 0.06638393402099613 0.0668177604675293
41 0.5302469253540039 0.6498139381408692 0.07324695587158198 0.07702045440673821
41 0.44488830566406246 0.639262819290161 0.07001705169677735 0.07590618133544924
41 0.3564352512359619 0.6292665481567383 0.07001724243164065 0.07603664398193366
41 0.4485648155212402 0.7118170738220215 0.06870136260986326 0.0692258834838867
41 0.6171011447906494 0.748600435256958 0.07674207687377932 0.0715766906738281
45 0.6426139787746457 0.5039618236053072 0.1257128040965011 0.09316076418248631
45 0.34673606128227413 0.4652041877188333 0.12087303719869458 0.0824663022669348
41 0.6208329017345722 0.6732691098482181 0.07794557473598385 0.07575496649130797
45 0.5984637405028371 0.42747408708250934 0.11571328476009146 0.05434288137222604
45 0.7174810121690346 0.44320009706972596 0.10418185587026407 0.08579490134665924
