18 0.6117231845855713 0.34760711193084715 0.0378875732421875 0.0804785251617432
18 0.5701010704040528 0.35179038047790523 0.04270086288452146 0.07177467346191407
16 0.6419586181640624 0.17490514516830444 0.049575424194335915 0.0904937505722046
17 0.3894252300262451 0.16628895998001098 0.04964847564697267 0.09417917728424072
14 0.39321398735046387 0.3505569934844971 0.043393611907958984 0.0738834857940674
16 0.5917119979858398 0.17334029674530027 0.04918613433837882 0.09122810363769532
17 0.3373180627822876 0.16483641862869264 0.05197062492370608 0.09479019641876221
2 0.4891605854034424 0.8254475593566895 0.042902946472168024 0.1285419464111328
16 0.4925651550292969 0.17108757495880128 0.05005455017089844 0.09125957489013672
19 0.5253167152404785 0.3524784326553345 0.04390068054199214 0.07041735649108888
54 0.43070149421691895 0.5036828517913818 0.03745908737182613 0.09162292480468753
19 0.4807698249816894 0.3514148712158203 0.04155921936035151 0.07222294807434082
17 0.44065837860107426 0.16883856058120728 0.04996662139892577 0.09183757305145263
16 0.5427449226379395 0.171875524520874 0.04707260131835944 0.0913908004760742
16 0.6947834491729736 0.17656950950622557 0.0526691436767579 0.09080343246459963
26 0.6584097385406494 0.35223937034606934 0.04690952301025386 0.07455606460571285
0 0.4437287330627442 0.8287060737609864 0.043970298767089855 0.13311138153076174
14 0.29988152980804444 0.3498185157775879 0.04942679405212402 0.07704725265502932
14 0.34803123474121095 0.35006432533264165 0.045133018493652366 0.07518367767333983
25 0.32777791023254393 0.6102096557617187 0.03664422035217285 0.05662384033203127
17 0.2809246063232422 0.17225044965744019 0.05517110824584959 0.11840345859527589
25 0.583098030090332 0.6095286846160888 0.03511734008789058 0.04949340820312498
25 0.40420513153076176 0.6084096431732178 0.03419237136840819 0.056418418884277344
29 0.5879978638461455 0.8149173919728261 0.05408498422823871 0.15399662169399642
25 0.47569761276245115 0.6085323333740235 0.03483180999755858 0.05304832458496089
25 0.5466453552246093 0.6094038009643554 0.03537292480468757 0.05077571868896491
25 0.40269117355346684 0.7022658348083497 0.033655929565429676 0.043868637084960915
19 0.43780379295349126 0.3506022214889526 0.04281492233276368 0.07374029159545897
25 0.5051874160766601 0.6991662979125977 0.03314838409423826 0.04493312835693364
25 0.5114259719848633 0.6078985214233399 0.03379554748535152 0.053610610961913996
47 0.5876392364501952 0.5118148803710938 0.03856363296508791 0.0747505187988281
25 0.43943166732788086 0.608385419845581 0.034440040588378906 0.055871009826660156
25 0.366947865486145 0.6078891754150391 0.03734021186828612 0.058193969726562544
25 0.4707502841949463 0.7008229255676269 0.03311452865600584 0.04471874237060547
25 0.5393455028533936 0.6983566284179688 0.03331556320190421 0.045232391357421964
56 0.6297430038452148 0.5125104904174804 0.042221450805664085 0.07330150604248054
59 0.5467147827148438 0.5035971164703369 0.03891429901123056 0.09141254425048828
25 0.619985818862915 0.6091256141662598 0.035608768463134766 0.049970054626464755
25 0.6065393447875976 0.6973652839660645 0.03166408538818355 0.04247093200683594
25 0.4368255138397217 0.7012347221374512 0.03176612854003902 0.044081687927246094
25 0.5736963272094726 0.6976446151733399 0.03246917724609377 0.04360132217407231
52 0.35505313873291017 0.5042704582214356 0.03849639892578127 0.09175586700439453
25 0.3686037302017212 0.7021520614624024 0.03290839195251466 0.04561424255371094
51 0.39296822547912597 0.5042384147644043 0.035567188262939475 0.08980636596679681
25 0.33497364521026607 0.7035727977752686 0.032717275619506825 0.04654054641723626
1 0.34585092067718504 0.8414888381958008 0.044336509704589855 0.126861572265625
3 0.39473943710327153 0.8382480859756469 0.046903419494628895 0.12742075920104978
5 0.5301500320434571 0.8202245712280274 0.03669872283935549 0.12979335784912116
28 0.5545056300607287 0.8632891573886639 0.04151379048582993 0.09923772773279349
55 0.3148185055272109 0.5004982461734694 0.03587372448979592 0.09832057823129253
