16 0.5629413604736329 0.35724966526031493 0.053610801696777344 0.10543560981750488
19 0.6190244674682617 0.35725386142730714 0.05546588897705085 0.10647978782653811
16 0.5059470176696778 0.35801045894622807 0.05355577468872075 0.10616593360900878
0 0.6065895080566406 0.7362761497497559 0.06620426177978522 0.20756244659423828
19 0.678138256072998 0.3568516731262207 0.0561328887939454 0.10549592971801758
28 0.6826469421386718 0.8906822204589844 0.06053085327148444 0.15957374572753902
14 0.3905653953552246 0.3608520030975342 0.057530689239502 0.10351037979125977
2 0.5379885196685792 0.7379459381103516 0.06556024551391604 0.19791793823242188
17 0.6269032478332519 0.16929112672805785 0.06272201538085931 0.12154052257537842
17 0.3072793960571289 0.1695844531059265 0.06555042266845701 0.12084734439849854
17 0.2390259265899658 0.16921534538269042 0.06881809234619138 0.12054138183593749
19 0.7359065055847168 0.35626788139343263 0.05733489990234375 0.10835647583007812
25 0.5897641181945801 0.5077357769012452 0.0493367195129395 0.0978005409240722
25 0.5377151489257812 0.5089614868164063 0.04690704345703123 0.09661016464233396
17 0.5640022277832031 0.16899356842041016 0.06398029327392585 0.1234273910522461
25 0.4877223491668701 0.5098339080810548 0.04760503768920893 0.0959805488586426
25 0.38885755538940425 0.511067533493042 0.047015857696533214 0.09897918701171876
17 0.37317092418670655 0.16950581073760987 0.06447157859802244 0.12007975578308105
2 0.4727781295776367 0.7391328811645508 0.06270608901977537 0.19821701049804696
16 0.4492790699005127 0.35878829956054686 0.05566263198852539 0.10571537017822263
25 0.4380431652069092 0.5106034278869629 0.04702119827270507 0.0978245735168457
29 0.33633785247802733 0.719553279876709 0.07194533348083498 0.2495811462402343
14 0.3285241603851318 0.3625942707061768 0.05989160537719729 0.10204305648803708
25 0.33876872062683105 0.5124335765838623 0.04914703369140627 0.09882850646972657
25 0.6438786506652832 0.5067219734191895 0.05082683563232415 0.09927768707275386
17 0.501177978515625 0.1694024920463562 0.06080017089843748 0.12224047183990479
59 0.5331957340240479 0.8997641563415527 0.038021087646484375 0.1108200073242187
25 0.2860125541687012 0.5136886596679687 0.052807903289794955 0.09891281127929691
17 0.4383090972900391 0.16914279460906984 0.06361026763916017 0.12079873085021972
3 0.40710873603820796 0.7410957336425781 0.06383876800537108 0.19763488769531257
14 0.26477599143981934 0.362485671043396 0.06428537368774412 0.10223736763000485
17 0.6914569854736328 0.16983919143676757 0.06587829589843752 0.120546817779541
26 0.7051182746887207 0.5067803859710693 0.04960365295410152 0.09946851730346684
17 0.7553466796874999 0.16988010406494142 0.062080001831054665 0.11990242004394532
56 0.5775269985198974 0.9102359771728515 0.0448534011840821 0.10848884582519536
52 0.4876744538834952 0.9081652002427185 0.0388728762135922 0.1118780339805826
55 0.4450091019417476 0.9057949029126213 0.03318416262135926 0.1147223907766991
51 0.4018696905339806 0.9034246055825242 0.041717233009708754 0.11567050970873782
