29 0.43503665924072266 0.30419411659240725 0.06645011901855469 0.21686258316040036
29 0.36176449344271705 0.29868000234876363 0.07632220359075637 0.22068589755467008
29 0.5005126953125 0.309403795003891 0.06382770538330074 0.2230197072029114
29 0.573092269897461 0.30639023780822755 0.07511501312255853 0.22377271652221678
28 0.3404346581847636 0.6862021791272159 0.06015013828733545 0.13257209722502017
31 0.5952380952380952 0.5289713541666667 0.04999069940476186 0.12439546130952384
31 0.5449567522321429 0.5214146205357143 0.04824683779761907 0.1150948660714286
31 0.4996163504464286 0.5170549665178572 0.040108816964285754 0.11567615327380965
31 0.452822730654762 0.5158923921130951 0.04882812500000017 0.11451357886904756
31 0.39730980282738104 0.5057198660714286 0.050571986607143016 0.10579427083333337
31 0.3470284598214286 0.5019414992559523 0.04650297619047622 0.10986328125000011
28 0.4019485215426068 0.6888350682203532 0.05967143117949236 0.13305080433286331
28 0.46418044556221466 0.6878776540046669 0.05967143117949236 0.13305080433286331
28 0.5150792738970589 0.6888499540441176 0.040211397058823484 0.13116574754901955
28 0.5654220759201685 0.7034200775543824 0.05927386677668445 0.14399939713004117
