47 0.7521935462951661 0.22511062026023865 0.03162517547607424 0.06663275957107542
19 0.3416457176208496 0.24895100593566893 0.03419017791748047 0.0830531120300293
19 0.501418161392212 0.27204673290252684 0.026934051513671897 0.07224116325378416
18 0.4117993235588074 0.2574910640716553 0.03709032535552981 0.08222484588623047
55 0.5139957427978517 0.47984523773193355 0.024736022949218728 0.08604793548583983
19 0.3756777048110962 0.2546963930130005 0.03262348175048824 0.08243498802185059
18 0.47214202880859374 0.2670858144760132 0.030670642852783203 0.07177748680114743
16 0.30377082824707036 0.2441648006439209 0.03735570907592772 0.08610353469848636
59 0.2823763132095337 0.6860647201538086 0.031713628768920865 0.11535825729370108
41 0.33772101402282717 0.9093658447265625 0.05661830902099613 0.07039299011230471
26 0.38499135971069337 0.6044750213623047 0.03153553009033205 0.07745351791381827
26 0.416476058959961 0.6023835659027099 0.02964134216308595 0.0776501655578613
54 0.3741183042526245 0.48815345764160156 0.029801368713378906 0.09697217941284175
41 0.5058701038360596 0.8502557754516602 0.045297050476074185 0.05750465393066406
52 0.40477122068405147 0.4866453170776367 0.029092621803283703 0.09312210083007816
41 0.4532109260559082 0.8670653343200684 0.05146045684814454 0.06245441436767574
26 0.3554226398468018 0.6865496635437012 0.033556842803955045 0.07786083221435547
18 0.44179930686950686 0.2615224838256836 0.025016593933105458 0.07563681602478026
13 0.7498414039611816 0.6175835609436036 0.03677558898925781 0.09223022460937502
16 0.2659847497940063 0.2392470121383667 0.03396449089050296 0.08327088356018064
55 0.4887834548950195 0.4807322502136231 0.025922012329101518 0.08742618560791021
26 0.3895714282989502 0.6811137199401855 0.030081462860107377 0.07474040985107422
26 0.4203956604003906 0.6740620613098145 0.028780364990234397 0.07044162750244143
61 0.5051684856414795 0.7867562294006347 0.047015857696533214 0.06471805572509759
41 0.39720404148101807 0.885569190979004 0.052114248275756836 0.06947669982910154
26 0.3518807888031006 0.6090475082397462 0.032129764556884766 0.07930698394775393
52 0.43363094329833984 0.48551301956176757 0.02772445678710933 0.09108810424804681
54 0.3096992015838623 0.49095473289489744 0.03345966339111328 0.10293111801147464
41 0.5062248229980468 0.9101484298706055 0.04799823760986327 0.06019668579101556
24 0.6908363342285156 0.31420617103576665 0.021389198303222612 0.06405334472656249
41 0.45465755462646484 0.9296303749084474 0.05252723693847661 0.06195602416992185
25 0.6522912979125977 0.3119986534118653 0.019989204406738237 0.06727724075317382
34 0.49785652160644533 0.5841012477874756 0.026218795776367154 0.07502479553222663
25 0.6321462631225586 0.30978927612304685 0.0213775634765625 0.06853132247924804
41 0.2825122356414795 0.8532580375671387 0.03259906768798826 0.0783584594726563
41 0.39504013061523435 0.8172265768051148 0.05208415985107423 0.06991314888000488
51 0.39701585769653325 0.36130697727203365 0.029729652404785145 0.09582571983337401
59 0.3180906534194946 0.6785791873931886 0.03509492874145509 0.10959539413452146
41 0.33516712188720704 0.8384923934936523 0.058493614196777344 0.07095222473144536
52 0.4615343093872071 0.4827068328857422 0.026722240447998036 0.09053192138671873
54 0.27481324672698976 0.49494471549987795 0.03645458221435549 0.10942382812500001
25 0.6123663902282714 0.3072994232177734 0.017980194091796853 0.06920442581176756
61 0.45292415618896487 0.8024499893188477 0.05008735656738278 0.06851539611816404
41 0.3990893840789795 0.9551654815673829 0.05148162841796877 0.06422290802001951
56 0.7247734546661377 0.22057198882102969 0.020810413360595637 0.06532994508743287
1 0.6470033645629882 0.4364898681640625 0.0369905471801758 0.13832292556762693
16 0.6529024124145508 0.20744950771331788 0.020549964904785223 0.06021990776062011
41 0.34108362197875974 0.9746183395385742 0.05609865188598634 0.05051536560058589
51 0.4261049270629883 0.3625156402587891 0.027835655212402333 0.09167041778564455
54 0.3430017948150635 0.4892677307128906 0.030601978302001953 0.1000343322753906
41 0.2848010778427124 0.9298942565917969 0.029482936859130837 0.06543273925781257
19 0.5275144100189209 0.2769369125366211 0.024512100219726496 0.06970276832580563
41 0.5047974586486816 0.7872318267822265 0.04733123779296872 0.06592979431152346
17 0.3737760543823242 0.10462037324905396 0.03368120193481444 0.08566732406616212
17 0.306025218963623 0.08090330958366393 0.03367309570312499 0.09279328584671019
41 0.20990197658538817 0.9810578346252441 0.04552736282348632 0.0378843307495117
17 0.33970377445220945 0.09474074840545654 0.03311758041381835 0.08272829055786134
16 0.6840912818908691 0.21520771384239196 0.01726474761962893 0.05462218523025511
33 0.44988365173339845 0.668155574798584 0.0268096923828125 0.06550865173339848
34 0.5256241798400878 0.5791449546813965 0.028145885467529275 0.074564552307129
33 0.4769096374511719 0.6654251098632813 0.025659179687499978 0.06352443695068366
15 0.6334597587585449 0.20212826132774353 0.019649505615234375 0.06052838563919066
17 0.4116364479064941 0.10998109579086304 0.03834934234619142 0.08774883747100831
17 0.2691636085510254 0.07119619995355607 0.038702440261840804 0.09562344253063203
16 0.6740172386169434 0.21279957294464114 0.01665019989013672 0.056950426101684576
0 0.6965391159057617 0.4354914546012878 0.023119640350341863 0.12879412174224852
55 0.5354336738586426 0.4797172546386719 0.019349288940429643 0.08616886138916019
51 0.3659793853759765 0.3600205659866333 0.031111431121826183 0.09860167503356931
33 0.47097964286804195 0.5890910148620605 0.026973438262939464 0.0790595054626465
5 0.7207961309523809 0.43170262896825395 0.024801587301587324 0.1193576388888889
11 0.6889297385620915 0.6113791870915033 0.03638174019607843 0.12382557189542487
4 0.7170138888888888 0.6078686683006536 0.023616217320261423 0.12191074346405228
34 0.5330927912705863 0.6528949319926741 0.023421080907185865 0.06887823241988045
34 0.5069234693751616 0.6599159695743735 0.023421080907185865 0.06887823241988045
