41 0.72138671875 0.47972005208333335 0.03964843750000002 0.04212239583333327
41 0.7581705729166667 0.4783854166666667 0.03509114583333339 0.04010416666666666
29 0.28515625 0.778515625 0.035937499999999956 0.11640624999999993
25 0.226171875 0.6714843749999999 0.02421875000000001 0.04453125000000002
25 0.249609375 0.66953125 0.021093749999999967 0.043749999999999956
25 0.27265625 0.6671875 0.021874999999999978 0.04218749999999993
25 0.29609375 0.66171875 0.025000000000000022 0.042187500000000044
26 0.3983464001766784 0.65546875 0.021874999999999978 0.04375000000000007
26 0.42109375 0.653125 0.021874999999999978 0.04218749999999993
16 0.44218749999999996 0.64921875 0.02031250000000001 0.04843750000000002
16 0.462109375 0.6480468749999999 0.01953125 0.04453125000000002
19 0.483203125 0.64765625 0.01953125 0.04218749999999993
17 0.5046875 0.64609375 0.020312500000000067 0.042187500000000044
5 0.447265625 0.7734375 0.028906250000000022 0.09062499999999996
2 0.478125 0.76953125 0.03281249999999997 0.09062499999999996
2 0.507421875 0.765625 0.02421875000000001 0.08749999999999991
1 0.534375 0.7613281249999999 0.028125000000000067 0.08828124999999998
0 0.38359375 0.775390625 0.03125 0.09765625
3 0.41679687499999996 0.775 0.03046874999999999 0.09062499999999996
