47 0.6236445903778076 0.5328740119934082 0.02999334335327153 0.0774906158447266
47 0.591812515258789 0.5321187973022461 0.02947940826416018 0.07567262649536133
18 0.3201975345611572 0.32586991786956787 0.03289346694946288 0.07925777435302739
3 0.48707804679870603 0.7693064689636231 0.043315505981445346 0.14969329833984368
52 0.4645668029785156 0.5238093376159668 0.029026412963867154 0.0906579971313477
14 0.4400362491607666 0.23508882522583008 0.03100528717041018 0.07624440193176271
18 0.35274188518524174 0.3261284112930298 0.03049497604370116 0.07797431945800781
9 0.35225839614868165 0.7681276321411132 0.04535617828369143 0.14424057006835944
16 0.5046417236328125 0.2350456953048706 0.03123207092285163 0.07750239372253415
9 0.398465895652771 0.7678871154785156 0.04400067329406737 0.1466651916503907
16 0.570564079284668 0.23592584133148192 0.03165035247802728 0.07588510513305666
18 0.6355338096618652 0.23641557693481446 0.034318733215332076 0.07818164825439455
41 0.5764423370361328 0.9383677482604981 0.05557518005371098 0.06299095153808598
26 0.6412687301635742 0.4302747845649719 0.031823921203613326 0.07268140316009519
17 0.3749293327331543 0.23327813744544984 0.031891870498657215 0.07486447095870974
17 0.4073865056037903 0.23411030769348146 0.03182675838470456 0.0741943836212158
52 0.40613049268722534 0.5231525421142578 0.02941973209381099 0.09189109802246093
16 0.47191305160522456 0.2352473795413971 0.03140087127685548 0.07807005643844606
25 0.60884370803833 0.43064451217651367 0.031079864501953103 0.07146606445312498
25 0.45119214057922363 0.43011250495910647 0.030778694152832076 0.07141866683959958
25 0.32347064018249516 0.4289008617401123 0.0319965362548828 0.07526807785034179
17 0.342017126083374 0.23276169300079347 0.032906341552734364 0.07598066329956055
25 0.4145522594451904 0.32763400077819826 0.03161811828613281 0.07834458351135254
29 0.33603005409240727 0.9267975807189941 0.04626159667968749 0.14610462188720696
25 0.577380084991455 0.4306646347045898 0.03076038360595701 0.07189006805419923
25 0.3871941566467285 0.4299265742301941 0.030606651306152366 0.073312783241272
25 0.5455163955688476 0.4310308933258057 0.03169403076171873 0.07174959182739254
52 0.4354114532470703 0.5231833934783936 0.028585529327392556 0.09193334579467771
29 0.38351113796234126 0.9276087760925293 0.047557878494262684 0.14478244781494143
25 0.4780280590057373 0.32804079055786134 0.03085384368896482 0.07656393051147459
25 0.3554591178894043 0.42948932647705074 0.030365896224975597 0.07381753921508788
25 0.5097201347351075 0.32824735641479497 0.031122779846191384 0.07709388732910155
16 0.537482738494873 0.23537859916687012 0.032087612152099654 0.07589502334594728
19 0.6028703212738038 0.23557069301605227 0.030056858062744163 0.07481646537780764
25 0.5732556343078613 0.3281658172607422 0.03143424987792964 0.07772293090820315
25 0.4464194297790527 0.3274970054626465 0.030414390563964833 0.07729878425598147
25 0.4825453758239746 0.43087968826293943 0.031158638000488237 0.0716351509094238
25 0.6053313255310059 0.32779994010925295 0.031284332275390625 0.07779445648193356
25 0.41887569427490234 0.4299262523651123 0.030981349945068404 0.0724339485168457
9 0.44306192398071287 0.7676784038543701 0.04292278289794921 0.14919252395629878
25 0.541395616531372 0.32828645706176757 0.03118124008178713 0.07766857147216799
5 0.5789407730102539 0.7691274642944337 0.04206485748291011 0.1441608428955078
25 0.5138447761535645 0.43079962730407717 0.030941200256347667 0.07191963195800782
25 0.6373966693878175 0.3280793905258179 0.03172769546508791 0.07896738052368163
25 0.3832968235015869 0.32698841094970704 0.028590011596679676 0.07806692123413084
17 0.30873396396636965 0.23234858512878417 0.032094192504882824 0.07658472061157223
2 0.5322762489318849 0.7698878288269043 0.04558191299438474 0.1474456787109375
46 0.5000282312916442 0.9451628153303028 0.07109107971191397 0.06523170471191397
56 0.5276649475097657 0.5310581684112549 0.029718971252441384 0.07629566192626952
56 0.5610463619232178 0.5314152717590332 0.030664348602294833 0.07650213241577142
28 0.4284778594970703 0.9509764671325683 0.041298675537109364 0.09802646636962886
55 0.3758479356765747 0.523885440826416 0.029015636444091775 0.0922622680664062
