24 0.5736958503723144 0.35233345031738283 0.03310241699218752 0.06028418540954589
56 0.31000194549560545 0.659825325012207 0.03450336456298825 0.0684861183166503
34 0.37227697372436525 0.507596206665039 0.030455589294433594 0.06034660339355463
14 0.5022574901580811 0.17518724203109742 0.03606882095336911 0.0596015214920044
18 0.40765628814697263 0.3541062831878662 0.03204317092895509 0.055793857574462924
16 0.5385905265808106 0.17357122898101807 0.03459873199462893 0.05911273956298829
18 0.47328624725341795 0.35440711975097655 0.03236198425292969 0.05554113388061521
19 0.3414158821105957 0.35297513008117676 0.030872249603271507 0.05640830993652346
15 0.3661974906921387 0.17850003242492674 0.03265118598937988 0.057466411590576166
19 0.3102121353149414 0.35258092880249026 0.029263401031494163 0.05590372085571288
15 0.43390030860900874 0.17810261249542236 0.03156785964965819 0.056255626678466786
14 0.4668113231658936 0.1763330578804016 0.03227205276489259 0.057544255256652826
51 0.4647367477416992 0.49634304046630856 0.029879188537597634 0.08253440856933592
52 0.4951801776885987 0.4970834732055664 0.028969478607177745 0.08372859954833978
54 0.5571025848388672 0.4958827018737793 0.03040456771850586 0.08835954666137702
25 0.5392906188964843 0.3532089710235596 0.032752609252929665 0.05686817169189451
17 0.3323898792266846 0.17912046909332274 0.03315610885620118 0.056689929962158186
18 0.4404736518859863 0.3542135953903198 0.03230905532836914 0.055865478515624956
33 0.33950312137603755 0.5071977138519287 0.031789350509643544 0.05835866928100586
29 0.3232913494110108 0.8143486261367798 0.046999740600585926 0.19350924491882326
15 0.4004488945007324 0.17834872007369995 0.03402585983276368 0.05689418315887451
16 0.6073029041290283 0.1716019868850708 0.033032131195068315 0.05783729553222655
26 0.4381557464599609 0.6671064376831055 0.029285812377929654 0.05900840759277337
23 0.5059679031372071 0.35402798652648926 0.03130130767822259 0.055533981323242165
18 0.3744633197784424 0.3534677267074585 0.03267583847045896 0.05605854988098141
33 0.30728271007537844 0.5072024822235108 0.029899787902832042 0.057530784606933616
55 0.5889208316802979 0.496628475189209 0.03231325149536124 0.08729972839355471
17 0.299262809753418 0.18011748790740967 0.03287200927734374 0.0559569835662842
29 0.37412238121032715 0.8129440307617188 0.0510656356811523 0.18916931152343752
54 0.5258166313171386 0.496954345703125 0.03001527786254876 0.08565979003906254
26 0.46917724609375 0.6669105052947999 0.03242416381835933 0.0592318534851074
47 0.4088997364044189 0.6630383491516114 0.029291343688964855 0.0661130905151367
16 0.5732873439788819 0.1722111225128174 0.03239068984985349 0.05776419639587402
28 0.4183200359344482 0.8425092697143555 0.03670215606689453 0.1353935241699218
24 0.606626319885254 0.35107598304748533 0.029647636413574152 0.06112890243530272
34 0.4038988590240479 0.5076406955718994 0.03108692169189453 0.06072072982788085
56 0.34603655338287354 0.660957670211792 0.031157588958740212 0.06812162399291988
28 0.4560237884521484 0.846986198425293 0.03760633468627933 0.14031963348388676
31 0.5597967147827148 0.8595083236694336 0.032803916931152366 0.11353340148925783
31 0.5266949653625488 0.8588395833969116 0.0321724891662597 0.1179539203643799
47 0.37842330932617185 0.6617536067962646 0.03029594421386722 0.06808557510375979
31 0.4920185565948486 0.8561976432800293 0.033808231353759766 0.12016029357910163
59 0.5018520095367848 0.6540573910081744 0.02980245231607631 0.08727861035422335
31 0.593569501241048 0.8631704330444336 0.032803916931152366 0.11353340148925783
