54 0.5144776821136474 0.4403010368347168 0.020743846893310547 0.06735897064208984
9 0.27068321704864506 0.5726492881774903 0.03566579818725585 0.11551055908203123
26 0.6027997970581054 0.40080747604370115 0.021782302856445335 0.053399467468261685
33 0.6258793830871582 0.40063939094543455 0.021107482910156294 0.054670906066894565
9 0.30725057125091554 0.5725695610046386 0.03515491485595701 0.11577396392822259
26 0.6024886131286621 0.4539040088653564 0.02076034545898442 0.047695159912109375
0 0.5800283432006836 0.5660776615142822 0.03248529434204095 0.11089878082275384
4 0.5459419250488282 0.5676847457885742 0.033089065551757835 0.11143703460693355
47 0.21078193187713623 0.4469616889953614 0.023210430145263694 0.05362529754638673
26 0.5800063610076904 0.39993014335632326 0.022422218322753817 0.05250635147094723
47 0.23829767704010008 0.4475732326507569 0.024891614913940402 0.05354909896850585
59 0.5362738609313964 0.4407037734985352 0.02085247039794924 0.06818695068359376
26 0.5802670478820802 0.45490875244140627 0.021826171875000022 0.05189533233642579
33 0.64726243019104 0.40065670013427734 0.020232009887695357 0.053993606567382835
52 0.44807801246643064 0.44088821411132817 0.02069540023803712 0.06585330963134767
1 0.478021810189733 0.5678012339573986 0.03151902702619447 0.11395226154687277
47 0.21051398515701295 0.38754774729410807 0.02649672031402589 0.06155382792154951
3 0.2336968183517456 0.571949815750122 0.03599681854248049 0.12106847763061523
1 0.4451467514038086 0.5695805549621582 0.0326085090637207 0.11299667358398446
0 0.6122323513031006 0.5668380260467529 0.031017971038818315 0.10902566909790035
3 0.19703187942504882 0.573364543914795 0.0376276969909668 0.1186250686645508
2 0.4106666088104248 0.57071533203125 0.033812808990478505 0.11242389678955078
47 0.23665199279785157 0.38792192935943604 0.022410202026367176 0.06104950904846196
52 0.47049703598022463 0.4409235954284668 0.021303176879882812 0.06767673492431642
2 0.34381928443908694 0.5724440574645996 0.035128116607666016 0.11597919464111328
33 0.6454623699188233 0.4538138389587403 0.020928955078124978 0.043988990783691395
59 0.5579097747802735 0.4420955657958984 0.02085742950439451 0.06954517364501955
33 0.6242056846618652 0.45391588211059575 0.020443725585937544 0.04386310577392577
34 0.6674756639408616 0.45278336866846625 0.020204185089975013 0.04974789889353626
51 0.4030435085296631 0.4403098106384278 0.022182369232177757 0.0673053741455078
51 0.4258413314819336 0.4405979156494141 0.021298027038574197 0.0663745880126953
2 0.37733235359191897 0.572290802001953 0.031050777435302768 0.11576309204101565
34 0.6891474148012557 0.45297435094725413 0.021082381482394275 0.04920857807375345
55 0.49243454933166503 0.440781307220459 0.02032480239868162 0.06692314147949219
56 0.18147786458333331 0.38785807291666663 0.025065104166666657 0.06477864583333331
56 0.18407012195121952 0.4473728086890244 0.024390243902439046 0.05252000762195114
34 0.6698282109866351 0.4000604977397799 0.021948088639937136 0.05209254618710685
34 0.6935235203437085 0.40216512770022983 0.02430688030314898 0.049646012288219576
4 0.511854366086564 0.5692816404426622 0.033089065551757724 0.11143703460693355
18 0.43830229377104374 0.7181186868686866 0.021043771043771087 0.028277567340067367
18 0.4616477272727272 0.7194339225589224 0.021043771043771087 0.028277567340067367
18 0.43435658670033667 0.6891835016835015 0.021043771043771087 0.028277567340067367
18 0.4577020202020201 0.6904987373737372 0.021043771043771087 0.028277567340067367
15 0.20879366582491582 0.7301202125420875 0.024989478114478103 0.03123684764309753
15 0.2344407617845118 0.7294625946969696 0.02235900673400673 0.031894465488215396
15 0.22391887626262624 0.6980613425925926 0.024989478114478103 0.033538510101010055
14 0.25844381313131315 0.7297914036195285 0.02235900673400676 0.03452493686868685
14 0.2842553135521886 0.7288049768518519 0.025318287037037035 0.033209701178451234
16 0.31253288089225584 0.7399844802188551 0.025318287037037035 0.03057922979797978
16 0.320101207711917 0.7104604747584133 0.02333399030007166 0.027153545432668125
19 0.3343986742424242 0.73850484006734 0.016440446127946096 0.03288089225589219
19 0.3575797032828283 0.7251880787037036 0.02466066919191917 0.03255208333333326
19 0.35938815235690236 0.6955952756734005 0.02433186026936024 0.02729114057239046
19 0.38470643939393934 0.6952664667508417 0.02433186026936024 0.02729114057239046
19 0.3830623947811448 0.7228864162457911 0.02433186026936024 0.02729114057239046
23 0.40903829966329963 0.7337371106902357 0.022359006734006703 0.029263994107744162
23 0.4103535353535353 0.7044731165824917 0.022359006734006703 0.029263994107744162
17 0.1773924137205387 0.7151594065656566 0.03320970117845118 0.031565656565656464
25 0.5223689054319371 0.712824157395288 0.023774950916230275 0.025308818717277526
25 0.5200681037303665 0.686492760143979 0.023774950916230275 0.025308818717277526
24 0.48159358638743455 0.7325087941753927 0.01789512434554974 0.026842686518324554
24 0.5019173347513088 0.7318696825916231 0.01968463678010479 0.02607575261780104
24 0.4991052437827224 0.7050269960732986 0.01968463678010457 0.02607575261780104
24 0.4805710078534031 0.7055382853403142 0.015849967277486887 0.025564463350785438
