16 0.4923483848571777 0.15495874881744384 0.028059959411621038 0.047090482711792
28 0.48404750823974607 0.5661408424377441 0.031637001037597645 0.10191783905029295
28 0.5165288925170899 0.5680587768554688 0.03250961303710931 0.10025844573974607
25 0.5592404842376708 0.39934792518615725 0.029481029510498025 0.06660547256469723
17 0.43280420303344724 0.15153098106384277 0.030601310729980458 0.04921388626098633
16 0.5492205619812012 0.15682566165924072 0.02932958602905278 0.046580934524536155
16 0.5802279472351074 0.15795133113861082 0.029971313476562456 0.04719951152801513
16 0.4632256507873535 0.15317695140838622 0.029107093811035156 0.04850556850433349
25 0.35824174880981446 0.4489617347717285 0.02671337127685547 0.04706516265869143
25 0.4197413444519043 0.3099989891052246 0.02763423919677732 0.04634723663330076
25 0.3597115993499756 0.3906272888183594 0.027785778045654297 0.06523590087890624
16 0.5203642845153809 0.15566616058349608 0.02623271942138672 0.047191333770751936
25 0.4148207664489746 0.4513143539428711 0.027243232727050815 0.047685813903808605
28 0.41312876638159696 0.5622180959785799 0.030199545550059104 0.10168895300133629
25 0.3885775566101074 0.3916064500808716 0.026630020141601596 0.06499028205871582
25 0.477982759475708 0.31209473609924315 0.027363586425781294 0.046601390838623025
28 0.5844784736633301 0.5713050365447998 0.030522537231445268 0.1011084556579589
15 0.4017805099487305 0.15008375644683836 0.030096054077148438 0.04928650856018066
25 0.3863508701324463 0.45018444061279295 0.027029561996460005 0.047000885009765625
25 0.566201114654541 0.3146730184555054 0.028107833862304643 0.047065353393554665
28 0.5506537437438965 0.5691165924072266 0.033935546875 0.10208930969238272
25 0.3928848028182983 0.2495274543762207 0.027533483505249035 0.06748952865600588
25 0.5359953880310059 0.31429219245910645 0.028409957885742188 0.04665145874023435
25 0.4488680839538574 0.3110367774963379 0.027183151245117165 0.04655942916870115
25 0.42153177261352537 0.2511606693267822 0.026455307006835904 0.06507730484008789
25 0.5068816184997558 0.3135012149810791 0.02703437805175779 0.04547762870788574
25 0.3616878747940063 0.3080716609954834 0.0266876220703125 0.04803657531738281
25 0.44335188865661623 0.45287723541259767 0.025979328155517567 0.047378158569335915
25 0.4452045917510986 0.39438638687133787 0.028018665313720714 0.0638073921203613
25 0.4164991855621338 0.39339451789855956 0.027706146240234375 0.06400146484375002
25 0.36429595947265625 0.24724040031433103 0.027416992187500044 0.0673880577087402
25 0.4988919734954834 0.455281400680542 0.026398563385009732 0.047565841674804654
25 0.3902700424194336 0.30896363258361814 0.028017044067382812 0.04743041992187497
25 0.5392840862274171 0.2551411151885986 0.028932476043701194 0.06582136154174806
26 0.37081613540649416 0.15398166179656983 0.031193161010742154 0.054737377166748036
25 0.5272515296936036 0.4564708709716797 0.026441764831543035 0.04672603607177733
28 0.4502992733415351 0.5645126220212883 0.03351289910006239 0.10157167978554837
25 0.5099254608154297 0.2546562671661377 0.027746200561523438 0.0650846481323242
25 0.5692444801330566 0.25557761192321776 0.0273590087890625 0.06759672164916994
25 0.4733150482177735 0.39548935890197756 0.026392745971679676 0.06300573348999022
25 0.5894481658935546 0.40016798973083495 0.026973152160644553 0.06612014770507812
29 0.4045803904533386 0.748593521118164 0.04866182804107666 0.18317413330078125
25 0.47102766036987304 0.4542731285095215 0.025762939453125022 0.04722957611083983
29 0.35692734718322755 0.7461039543151855 0.04521751403808594 0.1818103790283203
25 0.5010604858398438 0.3972943782806396 0.026692008972168002 0.0649310111999512
25 0.4804813385009766 0.25322895050048827 0.028791427612304688 0.06533336639404297
25 0.5567001819610595 0.4581498622894287 0.027545261383056574 0.04570617675781252
28 0.38074440956115724 0.5616203784942626 0.033028030395507835 0.1020087242126465
25 0.4507040023803711 0.2514342546463013 0.027660751342773404 0.06367058753967286
25 0.6790326118469239 0.2603455066680908 0.026683807373046875 0.06839809417724607
25 0.6112405776977539 0.16247074604034423 0.02922611236572259 0.05624504089355467
25 0.5958807945251465 0.31752166748046873 0.027005767822265603 0.050390815734863315
25 0.5986463069915772 0.2552614688873291 0.028988361358642578 0.06824045181274416
25 0.5291509628295898 0.39891791343688965 0.027131271362304643 0.06539659500122075
25 0.5859200954437256 0.46029167175292973 0.027631950378417924 0.04964427947998046
25 0.702953577041626 0.26196513175964353 0.019557380676269442 0.06661682128906249
25 0.6766387939453125 0.3193930149078369 0.027120208740234353 0.04694395065307616
