9 0.5285356044769287 0.69032564163208 0.04982748031616202 0.18915805816650388
24 0.8132789611816407 0.47806057929992674 0.04714832305908201 0.07292184829711917
14 0.5931024551391602 0.29937148094177246 0.0361374855041503 0.06732120513916018
24 0.7666473865509034 0.4796331405639649 0.043236732482910156 0.07177162170410162
3 0.6889400959014893 0.6998568058013916 0.05735139846801751 0.20744638442993157
19 0.841074562072754 0.2613802433013916 0.03935680389404295 0.07982730865478516
15 0.755071258544922 0.2721903085708618 0.042086219787597634 0.07736458778381347
9 0.5798788070678711 0.6933073043823241 0.048510742187499956 0.19411144256591795
19 0.7989970207214355 0.2656038045883179 0.043399047851562456 0.07719249725341798
16 0.6318240165710449 0.29147937297821047 0.03794364929199223 0.0690305233001709
51 0.7062382698059082 0.07318609952926636 0.040674781799316495 0.11236326694488524
29 0.6692136764526367 0.9073878288269043 0.05679893493652344 0.18522434234619145
16 0.6710769653320312 0.2865426063537598 0.039033699035644465 0.07239665985107424
24 0.6824305057525635 0.48257284164428715 0.03769569396972661 0.06876564025878912
24 0.7228442192077636 0.481045913696289 0.041296195983886674 0.06966114044189448
25 0.5801396846771241 0.48755059242248533 0.0315422058105469 0.06278181076049805
25 0.6128873825073242 0.48650422096252444 0.03175697326660165 0.0640008926391602
24 0.6459291458129883 0.48395023345947263 0.03317871093750002 0.06774291992187503
25 0.5034299850463868 0.49030418395996095 0.03360118865966799 0.06284961700439451
16 0.7125603675842285 0.2800780057907104 0.04227123260498045 0.07329301834106444
25 0.5467085838317871 0.48873195648193357 0.03322048187255855 0.062149810791015614
3 0.6328976631164551 0.6976840496063232 0.05348339080810549 0.19731035232543936
1 0.7482575416564942 0.7007306098937989 0.05876846313476558 0.21667537689208982
51 0.6657036781311035 0.0782727837562561 0.0385686874389648 0.11516201496124268
1 0.8106218576431274 0.701364803314209 0.06474566459655762 0.22640914916992194
52 0.7445388722838018 0.06824740579253749 0.034325490081519416 0.1056559957956013
24 0.8537469863891602 0.4772014617919922 0.032898330688476585 0.07488212585449222
51 0.6286373615264893 0.0899255633354187 0.03612794876098635 0.12329316139221191
2 0.8587908744812012 0.7049972534179687 0.031324577331542924 0.2339551925659179
52 0.7839440257925736 0.05454126544166033 0.034325490081519416 0.10565599579560135
52 0.8276323481609946 0.056254532985519974 0.034325490081519416 0.10565599579560135
56 0.518638692876344 0.13142641129032262 0.03570228494623651 0.1128822244623656
23 0.5564325051229508 0.3032866931352459 0.03161821209016391 0.06803919057377045
23 0.5228131403688525 0.30728899846311475 0.03161821209016391 0.06803919057377045
