28 0.549753475189209 0.6907350063323974 0.021671295166015625 0.0756813049316406
28 0.5066637992858887 0.6922067642211913 0.020048713684082065 0.07575855255126951
28 0.4858687400817871 0.6919486999511719 0.021691894531249978 0.07567596435546875
29 0.4521196365356445 0.8241649389266967 0.029737854003906272 0.12261548042297366
28 0.5278305053710937 0.6912326812744141 0.02167167663574221 0.07496109008789054
29 0.6123608589172364 0.8250865936279297 0.03217315673828125 0.12051429748535147
29 0.48346652984619143 0.8254813909530639 0.032076072692871105 0.12085080146789551
29 0.5804080486297607 0.8256847143173218 0.029339027404785223 0.1201469898223877
32 0.4595840186403508 0.6883052357456139 0.023129111842105254 0.07624040570175439
32 0.43688322368421045 0.6883052357456139 0.015419407894736836 0.07966694078947378
29 0.5166506924675507 0.8245332720210251 0.03207607269287116 0.12085080146789551
29 0.5498348550889098 0.8302219856132581 0.03207607269287116 0.12085080146789551
