0 0.6127938270568847 0.09341089725494385 0.06387844085693362 0.1868217945098877
19 0.3358385801315308 0.2884399890899658 0.03797144889831544 0.07426786422729492
16 0.37498998641967773 0.2925055980682373 0.03824901580810547 0.07373995780944825
16 0.4142292976379395 0.2947964668273926 0.037593460083007846 0.0729310035705566
17 0.2952318668365479 0.28705878257751466 0.040737438201904286 0.07380971908569334
25 0.49267110824584964 0.3003484725952148 0.036252403259277366 0.0723865509033203
25 0.4542966842651367 0.29769158363342285 0.03758640289306642 0.07402658462524414
29 0.49284019470214846 0.875859546661377 0.06255474090576169 0.19223651885986326
2 0.5480392456054688 0.09185125231742859 0.06349239349365232 0.18370250463485718
28 0.5595764160156249 0.8927257537841797 0.0429044723510742 0.13381385803222656
