36 0.263638545221843 0.47078311646757676 0.10332231228668942 0.07099242747440271
36 0.3662942619453925 0.47444939206484643 0.10198912116040953 0.06765944965870319
36 0.46495040529010234 0.47528263651877134 0.09665635665529004 0.06665955631399317
36 0.5629399530716723 0.4787822632252561 0.09865614334470996 0.06432647184300366
36 0.6699285409556313 0.4786156143344711 0.09665635665528993 0.0666595563139935
36 0.27108618385548844 0.7102232457027945 0.10719996134885218 0.07528000432090676
36 0.37937591500211487 0.7145589655621919 0.10687549453414424 0.0724512462260436
36 0.48880156487011756 0.7202335739458446 0.10496230829395292 0.07445673031343891
36 0.5957232083278639 0.7173499783954669 0.10395956625025526 0.07020789577316877
36 0.7020929163567282 0.7193960564434381 0.10573003267115899 0.07696643412167092
