28 0.3623206967213115 0.9202420594262295 0.03201844262295084 0.12167008196721318
28 0.39994236680327866 0.9194415983606558 0.033619364754098324 0.11046362704918034
29 0.44156634221311475 0.9026319159836065 0.04642674180327866 0.1728995901639344
26 0.2296875 0.21015625 0.029687500000000006 0.0875
26 0.284765625 0.22421875000000002 0.03515625 0.06875
26 0.31796875 0.226171875 0.029687500000000033 0.06796874999999997
25 0.34882812500000004 0.22812500000000002 0.03046874999999999 0.06875
25 0.378515625 0.230078125 0.03046874999999999 0.06796874999999997
17 0.409765625 0.23046875 0.03046874999999999 0.07499999999999998
14 0.44062500000000004 0.23125 0.02656249999999999 0.0765625
14 0.473046875 0.23046875 0.03359375000000003 0.078125
16 0.508203125 0.23359375 0.03515625 0.08125000000000002
16 0.5414062500000001 0.234765625 0.03281250000000002 0.07734374999999999
