52 0.4886425971984863 0.5908232688903808 0.03141078948974607 0.07608442306518559
8 0.3365589141845703 0.4461701512336731 0.05881748199462894 0.16748368740081787
54 0.5535910606384278 0.5905951499938965 0.03236408233642585 0.07535457611083984
52 0.4555340766906738 0.5912048816680908 0.032402801513671864 0.0756775856018066
17 0.2603085994720459 0.1452972650527954 0.052762794494628895 0.0914747953414917
2 0.5124007225036622 0.44873909950256347 0.055633926391601585 0.1647394180297851
2 0.5707592964172363 0.4488363265991211 0.056943511962890714 0.16459283828735355
14 0.3114590167999267 0.14699316024780273 0.04868907928466798 0.09286880493164062
19 0.6435499668121338 0.153057861328125 0.047626495361328125 0.08962435722351074
14 0.3597087383270264 0.14819579124450682 0.045400142669677734 0.09274168014526367
26 0.5829532623291016 0.6943224906921387 0.030623245239257746 0.04812412261962895
14 0.4061423301696777 0.1501344084739685 0.04418210983276366 0.09148752689361572
45 0.5636987686157227 0.8448405265808105 0.07135581970214844 0.08332977294921884
19 0.5957595825195312 0.15299458503723146 0.045477771759033225 0.08935852050781248
51 0.5211628913879395 0.5904566764831543 0.031004905700683594 0.07504701614379883
25 0.5368792533874511 0.2944159030914307 0.04079513549804681 0.08308792114257812
25 0.5791954517364502 0.2954264163970947 0.04225759506225579 0.08109655380249026
16 0.4520895481109619 0.15163800716400147 0.045653915405273415 0.09042911529541016
26 0.6142977714538574 0.694188117980957 0.031373023986816406 0.047870635986328125
5 0.45493049621582027 0.4476481914520264 0.055725765228271495 0.1641910552978516
25 0.4957014083862305 0.2930136680603027 0.03904333114624026 0.08471918106079102
16 0.4992950916290283 0.15232709646224976 0.04619121551513672 0.09057872295379639
26 0.5205206871032715 0.6935997962951661 0.030188560485839844 0.04874267578125002
25 0.6638638496398925 0.2962087631225586 0.039834785461425715 0.07956399917602536
25 0.622233533859253 0.29546427726745605 0.042852592468261674 0.08100128173828125
16 0.547686243057251 0.1526866912841797 0.04814910888671875 0.09076557159423827
25 0.41450196504592896 0.29074573516845703 0.04101560115814207 0.08587856292724608
26 0.5514357566833497 0.6947164535522461 0.031045055389404275 0.047818756103515714
29 0.46986970901489256 0.838666558265686 0.05222129821777344 0.14219584465026847
19 0.2799633502960205 0.2907315969467163 0.04528551101684569 0.07879519462585449
25 0.4557200908660889 0.29240126609802247 0.039843368530273426 0.08508749008178709
26 0.3654478549957275 0.6922867298126221 0.030880355834960904 0.04829282760620113
26 0.3333695888519287 0.6921608448028564 0.032334136962890614 0.048120880126953036
26 0.45884027481079104 0.6928652763366699 0.030770587921142567 0.04960842132568355
19 0.32593321800231934 0.2908312797546386 0.04395799636840825 0.08111209869384767
26 0.39677779674530034 0.6925646305084228 0.031300973892211925 0.048164749145507835
26 0.48981809616088867 0.6934381484985351 0.030169296264648482 0.04990940093994145
2 0.6302753448486328 0.44834079742431643 0.06009454727172847 0.16353826522827153
26 0.4279536247253418 0.6929038047790528 0.030213356018066406 0.04865665435791022
28 0.5125224113464355 0.8502592086791992 0.03192310333251952 0.09964179992675781
19 0.3703913688659668 0.29141530990600584 0.04329204559326172 0.08161945343017579
59 0.3215051412582397 0.5913599967956542 0.03602294921874999 0.07448396682739256
0 0.3973764181137085 0.4477983951568604 0.05618367195129392 0.16613454818725587
42 0.4144022107124329 0.8575767517089844 0.04719197750091553 0.03638954162597652
47 0.6228217124938965 0.5916672706604005 0.033582878112792924 0.07000074386596677
42 0.412885856628418 0.815761399269104 0.04745330810546877 0.04590830802917478
56 0.5888106346130371 0.5923696517944337 0.03174381256103509 0.07005062103271487
41 0.35719375610351567 0.8918746948242187 0.04844207763671876 0.03570899963378904
41 0.3540935576908173 0.8538972642686633 0.04844207763671876 0.03570899963378904
41 0.3492050413101439 0.812549989185636 0.06131930881076397 0.04244868868873242
42 0.41198645092192154 0.8920837235829187 0.04892329866923989 0.030998723469083278
45 0.5659178779238747 0.7716740055689736 0.07156789870489211 0.053254171401735384
