46 0.4354552268981934 0.6346787452697753 0.05977993011474608 0.05883655548095701
46 0.42952709197998046 0.7293112754821778 0.05417633056640625 0.04042758941650393
41 0.46832666397094724 0.8281225204467774 0.03867454528808595 0.04467849731445317
54 0.5477983474731445 0.5139612197875977 0.023365497589111328 0.07819480895996095
17 0.42427453994750974 0.46099166870117186 0.024532890319824252 0.05889606475830078
14 0.4754606246948242 0.5229156970977783 0.024462509155273426 0.057445526123046875
41 0.5934488773345947 0.8631862640380858 0.03237905502319327 0.04220924377441404
41 0.5568044185638428 0.8253541946411133 0.037009239196777344 0.044420051574707076
46 0.5431580543518066 0.6388366222381592 0.05772838592529306 0.05370883941650395
46 0.4826910972595215 0.724498987197876 0.049307632446288996 0.03925962448120113
25 0.49973239898681643 0.4644287109375 0.023891639709472667 0.05595884323120115
41 0.5550447463989258 0.870150089263916 0.03837842941284175 0.04206905364990243
41 0.5957391262054443 0.8201206207275391 0.03285923004150382 0.03858814239501951
41 0.5117694854736328 0.8734971046447754 0.04064350128173827 0.043025970458984375
41 0.4666608810424805 0.8751422882080078 0.03941116333007816 0.04329376220703118
41 0.513405179977417 0.8273736000061035 0.038466072082519565 0.045198249816894576
17 0.42366023063659664 0.5216746807098389 0.026296424865722645 0.05962772369384767
41 0.4205639362335205 0.8761382102966309 0.03879480361938481 0.04461956024169922
15 0.4498302936553955 0.462021017074585 0.02459154129028318 0.05871706008911132
16 0.47507305145263673 0.4634963035583496 0.024083709716796853 0.05764026641845704
2 0.6256189823150635 0.34615178108215333 0.038353919982910156 0.13196945190429688
46 0.5348134994506836 0.7207643508911132 0.05233840942382817 0.03989601135253906
41 0.42237377166748047 0.8268732070922852 0.03830642700195308 0.0490570068359375
15 0.4499362945556641 0.5219377517700194 0.024265480041503917 0.05797634124755857
2 0.5517881393432618 0.3443346738815308 0.03806877136230469 0.13382496833801272
25 0.5010185241699219 0.5233603477478027 0.024097633361816362 0.056470680236816395
2 0.5886106014251709 0.3462382316589355 0.03433780670166009 0.13374061584472657
59 0.5718569755554199 0.5082676410675049 0.02283611297607413 0.08952646255493169
13 0.6078397274017334 0.5068385124206543 0.044219684600830034 0.09426345825195315
6 0.5138498142626158 0.34108065063431414 0.035226249694824185 0.13360414505004886
46 0.5905072212219238 0.7169375419616699 0.05883846282958982 0.03838481903076163
6 0.47744541337504176 0.3416584982674502 0.03522624969482424 0.13360414505004886
6 0.4410410124874678 0.33761356483549754 0.03522624969482424 0.13360414505004886
