45 0.6431122734433128 0.7166027591342017 0.06698322296142578 0.07066040039062493
45 0.33496589660644527 0.7283694267272949 0.06877498626708983 0.073141860961914
45 0.4037529468536377 0.7230723381042481 0.06734762191772464 0.0840223312377929
45 0.526591444015503 0.7274794101715087 0.05663299560546875 0.08008852005004885
41 0.6472662925720215 0.15246787071228027 0.05861377716064453 0.07034475803375244
41 0.49193649291992186 0.45061321258544923 0.04883222579956048 0.046607589721679665
41 0.5250238895416259 0.22250161170959473 0.05521316528320319 0.07172427177429203
41 0.6594738960266113 0.39368338584899903 0.05189323425292969 0.06321916580200193
41 0.6610871315002441 0.3291792869567871 0.04888277053833012 0.06431713104248049
41 0.45323138236999516 0.08108182102441788 0.054297733306884755 0.07506999671459198
41 0.6041675567626953 0.3278956890106201 0.05189990997314453 0.06680002212524416
41 0.4907961845397949 0.39754714965820315 0.050960159301757846 0.05841169357299808
41 0.5459574222564697 0.32975306510925295 0.05127525329589844 0.06761341094970702
41 0.32034535408020015 0.39844436645507814 0.054169464111328114 0.06352291107177732
41 0.5852688312530518 0.22167344093322755 0.055063819885253884 0.06955590248107912
45 0.5812164306640625 0.7229290008544922 0.050840568542480424 0.06508369445800777
41 0.6019596099853515 0.39606552124023436 0.05330648422241213 0.06200885772705078
45 0.46877450942993165 0.7317378044128418 0.057530784606933616 0.0803652763366699
41 0.4299441337585449 0.3309105396270752 0.049755096435546875 0.06730384826660157
41 0.601158857345581 0.4498131275177002 0.04950532913208017 0.046490478515625044
41 0.3810869216918945 0.4508009910583496 0.05168867111206055 0.047128868103027355
41 0.4541779518127441 0.2224936246871948 0.05476398468017579 0.07115101814270017
41 0.5465776920318604 0.4499060153961182 0.051160335540771484 0.04674634933471683
41 0.5458928108215332 0.395650315284729 0.050906372070312456 0.05958542823791502
41 0.37889842987060546 0.3975336790084839 0.052230453491210915 0.061083269119262706
41 0.4891944885253906 0.33160445690155027 0.05060558319091796 0.0679469108581543
41 0.4367469310760498 0.4526224136352539 0.05255250930786132 0.043844413757324174
41 0.4512911796569824 0.15305211544036865 0.055890178680419955 0.06584336757659913
41 0.6455243110656739 0.22101979851722717 0.05498971939086916 0.06938256025314332
41 0.5845544338226318 0.1518080711364746 0.055713653564453125 0.06600670814514162
41 0.6561996459960937 0.4490696907043457 0.05187091827392576 0.04842700958251955
41 0.39115166664123535 0.15520999431610108 0.05494394302368166 0.0691065788269043
41 0.3914296150207519 0.22361335158348083 0.05438594818115233 0.07011634111404419
41 0.31639742851257324 0.3328458786010742 0.054868125915527366 0.06799573898315431
41 0.32618260383605957 0.4538116455078125 0.05098423957824705 0.050226020812988326
41 0.4346307754516602 0.3978722095489502 0.05101242065429684 0.06428470611572268
41 0.5228923320770263 0.15330272912979126 0.056293106079101596 0.06356046199798583
41 0.5862258911132812 0.07928980737924576 0.059748268127441384 0.07785498797893524
41 0.6495655059814454 0.07922313064336776 0.05552520751953127 0.07416673004627228
41 0.5226336479187011 0.08072133064270019 0.055545425415039096 0.07532787322998047
41 0.39249143600463865 0.08411775231361389 0.053822135925293 0.07116867303848268
41 0.3764451503753662 0.33346545696258545 0.05141334533691405 0.06502156257629399
43 0.31971824169158936 0.09411402940750122 0.05783858299255373 0.050638866424560544
44 0.3208880662918091 0.19122064113616943 0.05235166549682618 0.04455547332763671
44 0.3190166711807251 0.14417134523391723 0.05906796455383301 0.05341975688934328
44 0.31623776867276154 0.24004876613616943 0.05235166549682618 0.04455547332763668
