46 0.5362279891967774 0.5185865879058837 0.059334754943847656 0.050115680694580056
41 0.4265422344207763 0.8186769485473633 0.05185298919677733 0.05424652099609384
41 0.5437960624694824 0.9309926986694337 0.050400066375732466 0.0499900817871094
41 0.6024723052978516 0.817568874359131 0.05242595672607431 0.05347385406494143
41 0.4304016590118408 0.9344657897949219 0.050797176361083995 0.05368251800537105
41 0.3678431510925293 0.8216751098632813 0.05368561744689937 0.05681610107421875
41 0.48655104637145996 0.9296585083007812 0.05072832107543945 0.04453163146972661
41 0.6006770133972168 0.9265266418457032 0.0518604278564454 0.05207672119140627
41 0.6617855072021485 0.9285309791564942 0.05328655242919922 0.05437526702880857
41 0.6044388771057129 0.7567816734313966 0.05053997039794922 0.05891475677490232
41 0.36943874359130857 0.8790521621704102 0.05083923339843749 0.054199600219726474
41 0.42797307968139653 0.8776058197021485 0.05287532806396483 0.055088043212890625
46 0.462652007918552 0.5200349947985481 0.07688772624434387 0.0520185190088609
41 0.5433309555053711 0.8186606407165528 0.04983100891113279 0.05476856231689453
41 0.6649228096008301 0.8188091278076172 0.05119733810424809 0.0515081405639648
41 0.4861844539642334 0.8793768882751465 0.049818611145019565 0.05185375213623056
41 0.5435514450073242 0.8766008377075196 0.05175457000732431 0.05523738861083982
41 0.6017383575439453 0.871122169494629 0.05143814086914067 0.05424060821533205
41 0.37190752029418944 0.9336925506591797 0.05111503601074219 0.050876617431640625
41 0.48554830551147465 0.8240400314331054 0.0519170761108399 0.052268028259277344
41 0.4265117645263672 0.7600693702697754 0.051077747344970725 0.0574396133422852
41 0.36873981181732907 0.7620386826064058 0.05487999916076658 0.062201499938964844
41 0.5444952487945557 0.7573994159698486 0.04997520446777348 0.059754371643066406
41 0.662545108795166 0.8722339630126954 0.052380371093750044 0.05444679260253904
41 0.665860939025879 0.7587617874145508 0.05341072082519538 0.05776691436767578
46 0.3789150876696833 0.5236294670881729 0.08351597850678733 0.0618587644930878
42 0.4717146992204658 0.20368132418896778 0.06049253931007231 0.04742288934179098
46 0.6088101387023925 0.5215646266937256 0.07572402954101565 0.06061840057373047
41 0.4865056037902832 0.7674205780029297 0.05217227935791019 0.05598249435424807
46 0.6501835823059082 0.4998472213745117 0.09199285507202148 0.058836746215820246
61 0.34393257196986476 0.160598563832536 0.05956206489561189 0.08423710928271913
61 0.34292639307228917 0.23703407379518077 0.05765248493975905 0.06314319779116465
42 0.47574284384781773 0.1497940725168381 0.06600627002495268 0.05401139871014682
42 0.4086188504016064 0.1505553463855422 0.058044678714859466 0.05020080321285139
42 0.4066578815261044 0.20271711847389562 0.058044678714859466 0.05020080321285139
42 0.40803055973895586 0.2501725652610442 0.058436872489959824 0.043141315261044144
42 0.47548788905622474 0.250956952811245 0.058436872489959546 0.043141315261044144
44 0.5405939590162119 0.1470815765359231 0.05765629152639962 0.04930446741008153
44 0.5390232806224899 0.2019327309236948 0.05294615963855431 0.05647590361445781
44 0.5374545055220883 0.2476233057228916 0.054514934738955856 0.03412085843373494
45 0.6442307692307692 0.4118589743589744 0.0836338141025641 0.05859375
45 0.5678585737179487 0.41110777243589747 0.07111378205128194 0.05909455128205132
45 0.42262620192307687 0.4106069711538462 0.07111378205128199 0.05909455128205132
45 0.3515124198717948 0.4106069711538462 0.07111378205128199 0.05909455128205132
36 0.6043430944458075 0.20701669410921303 0.0643236195025455 0.03988877143010486
36 0.6048507535997976 0.24524986773906646 0.0661595785668283 0.0376138594123781
36 0.670873818277311 0.2468077074579832 0.06400997899159666 0.03733915441176475
36 0.6721702509699135 0.20396025654787464 0.0663409581442066 0.0458938251395449
