47 0.4128423690795898 0.7731443881988525 0.02710247039794922 0.06739721298217771
19 0.3640415668487549 0.3682098865509033 0.030518722534179643 0.07348546981811521
47 0.3838169097900391 0.7724299430847168 0.0270968437194824 0.06805152893066402
59 0.45064697265625 0.6818218231201172 0.025971794128417935 0.07777748107910165
17 0.2305604934692383 0.26319684982299807 0.03361577987670897 0.06718893051147462
47 0.35492990016937254 0.7715174674987793 0.026660776138305697 0.06744956970214844
55 0.4498892784118652 0.591017770767212 0.026078605651855435 0.08440294265747073
19 0.39556407928466797 0.3695516586303711 0.030111598968505904 0.07480602264404301
59 0.4232033729553223 0.6810020923614502 0.026356887817382824 0.07749519348144529
26 0.23286421298980714 0.6842153549194336 0.02676329612731934 0.059310531616210915
26 0.26032989025115966 0.6854887485504151 0.02647771835327148 0.05811233520507819
26 0.2874897480010986 0.685614824295044 0.026919031143188443 0.059957122802734464
59 0.39602165222167973 0.6806073665618897 0.02515096664428712 0.07703723907470705
41 0.7782642364501953 0.7534236431121826 0.048029518127441384 0.053895759582519465
59 0.36900715827941893 0.6795807838439941 0.025257921218872048 0.07533531188964848
18 0.21454257369041443 0.4867153644561768 0.030296337604522716 0.06784296035766607
26 0.3145297527313232 0.6857616424560546 0.027184295654296864 0.060741424560546875
17 0.19685513973236085 0.2637216091156006 0.03303747177124025 0.07084894180297854
41 0.7195940494537354 0.8069953680038452 0.04854936599731452 0.04734539985656738
41 0.6665693283081054 0.8031206130981445 0.04717950820922856 0.049070549011230424
16 0.3322465181350708 0.3660425186157227 0.03098492622375487 0.07058897018432614
17 0.16299154758453369 0.26530942916870115 0.035340118408203114 0.07560653686523439
41 0.6137763977050781 0.8057375907897949 0.04717197418212893 0.05155544281005864
15 0.36056942939758296 0.2704449653625488 0.03301877975463868 0.0802206993103027
16 0.23489465713500976 0.3638742208480835 0.03155212402343749 0.06994681358337401
54 0.39472332000732424 0.5901048660278321 0.026814937591552734 0.0865552902221679
16 0.20278589725494384 0.36325364112854003 0.030826854705810564 0.07117223739624023
28 0.29154319763183595 0.8961108207702637 0.031513547897338845 0.09014854431152342
41 0.6671231269836426 0.7507435798645019 0.04690713882446296 0.05311222076416022
41 0.7163295745849609 0.8564806938171386 0.048354148864746094 0.04732990264892578
34 0.22552943229675293 0.5987812519073485 0.02699270248413088 0.06255588531494138
43 0.7653872489929199 0.3414897918701172 0.0565721511840821 0.043122386932373025
26 0.20558056235313416 0.6827999114990234 0.026097691059112527 0.059176635742187456
41 0.6138151168823243 0.7539884567260742 0.04603862762451172 0.05299158096313483
41 0.5602662563323975 0.8058736801147461 0.045787715911865146 0.046171951293945246
59 0.34188158512115474 0.6792694091796875 0.024854707717895497 0.0741567611694336
55 0.4229081153869629 0.590090847015381 0.026846313476562522 0.08700046539306638
41 0.5595695495605468 0.8546384811401367 0.046595096588134766 0.04952888488769536
18 0.18430421352386472 0.48612298965454104 0.029074048995971685 0.06781578063964844
15 0.3271294593811035 0.26789455413818364 0.030356502532959018 0.07377357482910157
41 0.6112434387207031 0.8553146362304688 0.04659643173217776 0.04599494934082027
41 0.6084107875823974 0.9013092041015625 0.0464810371398926 0.04440879821777344
41 0.6632824420928956 0.85258207321167 0.04656448364257815 0.0465578079223633
41 0.5579351902008056 0.9357110977172851 0.044332599639892556 0.03307628631591797
43 0.7675806999206543 0.29578161239624023 0.05444746017456048 0.04356503486633301
41 0.7216372489929199 0.7549523830413818 0.04884347915649423 0.05394887924194336
15 0.29607696533203126 0.26731719970703127 0.029748582839965843 0.0745036602020264
41 0.5596796035766601 0.7555837631225586 0.046298980712890625 0.05113086700439462
46 0.640378189086914 0.596127700805664 0.06835918426513665 0.06262969970703125
15 0.2642524242401123 0.2649144172668457 0.031203556060791032 0.07023515701293942
41 0.6603760719299316 0.9005767822265625 0.04536037445068364 0.04526443481445319
25 0.37092759609222414 0.49062328338623046 0.0286881446838379 0.06832494735717776
16 0.17232317924499513 0.3636587381362915 0.028167724609375 0.07299170494079588
61 0.594275951385498 0.3282932758331299 0.05584020614624019 0.06789669990539549
19 0.42568626403808596 0.370191764831543 0.029163169860839833 0.07503356933593752
41 0.558439064025879 0.8995879173278809 0.04530200958251951 0.04098815917968757
16 0.2996026039123535 0.3639915943145752 0.030943965911865268 0.06751890182495118
41 0.7676278591156006 0.8539175033569335 0.046140193939208984 0.04667129516601565
23 0.2774349212646484 0.4887104511260986 0.03130455017089845 0.069003963470459
31 0.424836540222168 0.9060791015625 0.02749671936035153 0.07904167175292975
25 0.3090085744857788 0.4891797065734863 0.02953033447265624 0.06773395538330074
56 0.2970746040344239 0.771265411376953 0.02608947753906249 0.0642362594604492
52 0.36645369529724126 0.5880973815917969 0.025966358184814464 0.08802394866943353
16 0.2669282197952271 0.36353068351745604 0.030181121826171886 0.06866025924682617
41 0.7732294082641602 0.805790114402771 0.04439258575439453 0.04841237068176263
43 0.7077797889709473 0.339415168762207 0.05428819656372075 0.0431099891662598
41 0.6064282417297363 0.9385665893554688 0.04553699493408203 0.030628967285156294
31 0.4531644344329834 0.9082405090332031 0.027078247070312533 0.07428817749023431
14 0.45469036102294924 0.271416711807251 0.02638692855834962 0.08141059875488282
19 0.4550004005432129 0.3703612565994263 0.0265710830688477 0.07518677711486815
18 0.24506559371948242 0.4871002197265625 0.030291032791137706 0.06763153076171874
28 0.25792865753173827 0.8954524993896484 0.030849456787109375 0.08826045989990239
41 0.7117726325988769 0.902515983581543 0.045885562896728516 0.04310035705566406
41 0.6575437545776367 0.9395349502563477 0.04761619567871089 0.03213081359863279
28 0.325597596168518 0.8964427947998046 0.03139309883117675 0.0897706985473633
28 0.35806903839111326 0.8966850280761719 0.03052749633789059 0.0903778076171875
43 0.6507112979888916 0.3385854005813599 0.053655147552490234 0.04292621612548825
25 0.34024701118469236 0.49013576507568357 0.029850387573242154 0.06833744049072266
28 0.391286039352417 0.8995653152465821 0.03253087997436527 0.08798561096191404
46 0.785589075088501 0.5940131187438965 0.06568002700805664 0.059275817871093706
43 0.7105119705200196 0.29226207733154297 0.05425834655761719 0.04677209854125974
43 0.655125904083252 0.24508700370788575 0.05585155487060545 0.050241661071777355
24 0.4317055225372315 0.4927724838256836 0.029073524475097645 0.0670831680297852
46 0.7119972229003906 0.5998350143432617 0.07029972076416013 0.060330200195312544
14 0.39443483352661135 0.2705526351928711 0.03231239318847656 0.0802119731903076
23 0.24582910537719727 0.4877819061279297 0.029401016235351546 0.0685489654541016
24 0.40132808685302734 0.49174928665161133 0.028659725189209007 0.06685247421264645
46 0.5669246673583985 0.5906375885009765 0.07500514984130857 0.08062782287597658
51 0.3390636920928955 0.5874567985534669 0.02538928985595701 0.08627662658691404
61 0.594275951385498 0.2571926727629545 0.05584020614624019 0.06789669990539549
36 0.834361293859649 0.25399191337719296 0.05996436403508765 0.04197505482456143
36 0.8283648574561402 0.2985368695175438 0.05996436403508765 0.04197505482456143
36 0.8283648574561402 0.34393845942982454 0.05996436403508765 0.04197505482456143
43 0.7718638687803034 0.2426703185365911 0.05444746017456048 0.04356503486633301
43 0.7161826736048649 0.24352695230852095 0.05444746017456048 0.04356503486633301
34 0.25722488185815645 0.6013511532231381 0.02699270248413091 0.06255588531494138
28 0.22195003911068567 0.8920259643019292 0.03084945678710943 0.08826045989990239
41 0.6080562232905984 0.4110743856837607 0.037560096153846145 0.047576121794871806
41 0.6931924412393162 0.41274372329059833 0.037560096153846145 0.047576121794871806
33 0.19648881392045456 0.5992542613636365 0.022194602272727293 0.059925426136363646
