15 0.4063189387321472 0.33549885749816893 0.029964089393615723 0.06762313842773438
54 0.5915599346160889 0.5766433715820313 0.027047157287597656 0.07705831527709961
19 0.6786914348602295 0.40308775901794436 0.028310203552246116 0.06949405670166015
15 0.4360828399658203 0.33569457530975344 0.028141212463378862 0.06906628608703613
17 0.3488280296325683 0.3351361274719238 0.02708096504211427 0.06863899230957032
14 0.616471242904663 0.39653317928314213 0.02992954254150393 0.05239300727844237
17 0.37658665180206297 0.3359798908233642 0.027380323410034213 0.06835432052612306
16 0.4950555324554443 0.3352275371551514 0.029127120971679688 0.06929512023925782
16 0.4667104721069336 0.3982781171798706 0.02721939086914066 0.04984316825866697
24 0.5638216018676758 0.48514299392700194 0.030452728271484375 0.05126037597656252
24 0.5340953350067139 0.48546528816223145 0.02802410125732424 0.05048837661743161
19 0.6188236236572267 0.33427133560180666 0.02919063568115232 0.06927576065063473
29 0.4031332850456238 0.8506701469421387 0.04906008243560789 0.18832912445068362
17 0.3493244171142578 0.39686899185180663 0.027064800262451172 0.051337814331054665
17 0.3777888774871826 0.39721279144287114 0.02806320190429684 0.05041761398315431
19 0.650367021560669 0.3326622247695923 0.03122634887695308 0.07031884193420412
26 0.6518186569213867 0.4853506088256836 0.027960014343261674 0.05078525543212886
15 0.4077345848083496 0.39775309562683103 0.029952049255371094 0.051032352447509755
26 0.5939348220825196 0.4855823993682861 0.028613948822021507 0.04970178604125974
26 0.6228517532348633 0.4852649688720703 0.028089523315429688 0.04978809356689451
16 0.49565649032592773 0.3981569051742554 0.02877883911132817 0.05065789222717282
14 0.5860696315765381 0.39744589328765867 0.02926836013793943 0.05085473060607909
59 0.6788696765899658 0.5750031471252441 0.027628517150878884 0.08076877593994136
15 0.46511583328247075 0.33537564277648924 0.028666305541992176 0.06874051094055172
25 0.41782464981079104 0.4850175857543945 0.02751407623291019 0.051118659973144465
25 0.3606864929199219 0.4843585014343261 0.02897586822509768 0.050865173339843694
25 0.4758454322814941 0.48489866256713865 0.02816047668457028 0.04880161285400386
29 0.5514761924743652 0.8540165901184082 0.0531541824340821 0.18563270568847656
17 0.32056632041931155 0.4008376955986023 0.028642940521240223 0.061558938026428256
25 0.5048370361328125 0.4849517822265625 0.028015995025634732 0.05011978149414065
17 0.31941747665405273 0.3337049961090088 0.02968664169311519 0.06905984878540039
25 0.38926689624786376 0.4848499298095703 0.028320169448852517 0.05122299194335933
29 0.45327110290527345 0.8491507293724337 0.049332714080810525 0.19106745719909668
15 0.43779630661010743 0.3979196548461914 0.029028320312500022 0.05050239562988279
29 0.5019983291625976 0.8493575096130371 0.0464912414550781 0.18451519012451167
14 0.5562642097473145 0.3356026887893677 0.02892436981201174 0.06888370513916015
29 0.6035450935363769 0.8533467292785644 0.049435997009277366 0.18517074584960935
26 0.6799162864685059 0.49192023277282715 0.026135253906250044 0.0675860404968262
2 0.4774897575378418 0.1903659462928772 0.04549541473388674 0.14692361354827882
25 0.44660701751708987 0.48472003936767577 0.028583717346191417 0.05073623657226556
2 0.5235838413238525 0.18904621601104737 0.04497747421264642 0.14727020263671875
47 0.3641366481781006 0.5833637237548828 0.027526378631591797 0.060391807556152366
19 0.6480818748474121 0.39563324451446535 0.02997655868530269 0.052306413650512695
25 0.33200378417968746 0.48391408920288087 0.02834482192993165 0.05314083099365241
14 0.5558316230773925 0.397747540473938 0.02797908782958991 0.05015873908996582
54 0.6206923007965088 0.5768633842468263 0.02814483642578125 0.07806644439697263
54 0.650047206878662 0.576566743850708 0.028140449523925803 0.07849798202514646
14 0.525706434249878 0.3974388837814331 0.029675960540771484 0.05143351554870601
28 0.6191049575805664 0.6891341209411621 0.03512363433837895 0.10063056945800786
14 0.525731372833252 0.33528752326965333 0.02897930145263672 0.06881275177001955
29 0.6511382579803466 0.8490842819213867 0.04300689697265625 0.18823509216308598
28 0.583915615081787 0.6890856266021728 0.03372611999511721 0.10059318542480467
19 0.6813520431518555 0.3314298391342163 0.028401184082031294 0.07073044776916504
54 0.48238277435302734 0.5763505935668946 0.025432777404785112 0.0770046234130859
28 0.6598717212677002 0.6887342929840088 0.03826761245727539 0.10226526260375968
1 0.4296727180480957 0.19146575927734374 0.04635562896728518 0.14570026397705077
8 0.3816382285276073 0.18902175996932513 0.04313650306748468 0.15397335122699385
3 0.33251054447852757 0.18812308282208587 0.05152415644171776 0.14977952453987725
5 0.5685630751533741 0.18752396472392635 0.04074003067484655 0.14738305214723924
5 0.6081048696319018 0.18692484662576694 0.04074003067484655 0.1473830521472394
0 0.6584307898773005 0.1899204371165644 0.047929447852760654 0.14259010736196315
14 0.5867358967773897 0.33523556002996924 0.02892436981201174 0.06888370513916015
54 0.5084489162703204 0.5763505935668946 0.02543277740478489 0.0770046234130859
56 0.334241365131579 0.5840724859022557 0.027534656954887216 0.06314614661654139
31 0.3332621583601286 0.6929574457395498 0.027318629421221874 0.08164188102893888
31 0.3621508239549839 0.6935854602090032 0.027318629421221874 0.08164188102893888
31 0.39198151125401925 0.69389946744373 0.027318629421221874 0.08164188102893888
31 0.4228964206763895 0.6947903508268258 0.026975015790078105 0.08530769120349102
31 0.4507982063906752 0.6975805293982544 0.026975015790078105 0.08530769120349102
31 0.4842803492478181 0.6968829847553973 0.03311340864722101 0.08391260191777672
31 0.5188785635335325 0.6988361097553973 0.03311340864722123 0.08391260191777672
31 0.5511997767857144 0.6975805293982544 0.03041294642857162 0.08419161977491962
