23 0.6420568466186524 0.39344186782836915 0.028251838684081987 0.0645581245422363
47 0.7718765771024612 0.29281472056193125 0.029183959960937478 0.07718687057495116
18 0.6133041858673096 0.39255483150482173 0.028028488159179688 0.06242032051086427
23 0.7015639305114747 0.39411265850067134 0.028550720214843728 0.06475348472595216
47 0.7104543244474318 0.29175394861979254 0.02902507781982422 0.07531728744506833
47 0.7407637631528762 0.29236160605234873 0.028582668304443448 0.07508554458618161
15 0.3111833333969116 0.2736966609954834 0.029286241531372048 0.06760253906250002
18 0.5841028213500976 0.39135127067565917 0.02873725891113288 0.06220951080322268
47 0.8038493430250075 0.2926896700171925 0.03219799995422368 0.07877936363220212
52 0.3948077201843262 0.45680952072143555 0.024878978729248047 0.08014783859252927
19 0.3992134094238281 0.3660691261291504 0.026621627807617176 0.06677761077880862
15 0.3400063991546631 0.274371600151062 0.02799568176269529 0.06823487281799318
19 0.34136366844177246 0.36596150398254396 0.027520370483398393 0.06735696792602541
23 0.6716724395751954 0.3937886476516724 0.029614067077636697 0.06483101844787598
15 0.28135654926300047 0.2726598262786865 0.029461050033569303 0.06689538955688476
15 0.3695005655288697 0.27647738456726073 0.029970359802246105 0.070745849609375
14 0.39967823028564453 0.2771695852279663 0.027966213226318315 0.07080340385437012
26 0.22072453498840333 0.61839017868042 0.02347536087036131 0.05652675628662107
14 0.4294611930847168 0.27806797027587893 0.030238533020019553 0.07201032638549804
41 0.7323338985443115 0.7550129413604736 0.04283628463745126 0.04625501632690432
16 0.25388588905334475 0.36268324851989747 0.029275512695312506 0.06815996170043948
18 0.5558569431304932 0.3908826828002929 0.026845359802246005 0.06319074630737304
61 0.544828462600708 0.751280403137207 0.0398180007934571 0.040553283691406206
17 0.2505861759185791 0.2717460632324219 0.031082344055175792 0.06515541076660153
41 0.5894007682800293 0.8564565658569336 0.039762687683105424 0.03775100708007806
25 0.7306066036224366 0.39335479736328127 0.027392864227294922 0.06701602935791012
41 0.7326503753662109 0.817441463470459 0.04236335754394527 0.044088554382324174
26 0.24544663429260255 0.6184573173522949 0.0242642402648926 0.053918647766113326
41 0.5903464317321778 0.7511625289916992 0.042455101013183616 0.04250774383544931
19 0.4261914253234863 0.3666845083236694 0.026521301269531283 0.06647510528564454
26 0.29421286582946776 0.6197158813476562 0.024203395843505837 0.053810501098632835
59 0.3939459562301636 0.5422214508056641 0.023836565017700206 0.06912307739257817
45 0.2506213330460739 0.8155130150932737 0.051964612945495314 0.07931282434118803
16 0.22486870288848876 0.3622109889984131 0.02780661582946778 0.06848897933959963
19 0.45182313919067385 0.367888069152832 0.02412385940551759 0.06708936691284179
17 0.22026896476745605 0.2709134578704834 0.02974524497985842 0.06550903320312501
26 0.4440910816192627 0.6231856346130371 0.025627994537353538 0.05322418212890634
26 0.3189884662628174 0.6205521106719971 0.02421798706054684 0.05501556396484375
41 0.6845855712890625 0.8145381927490234 0.041554164886474565 0.04333953857421868
41 0.6847851753234864 0.7533949851989745 0.04322605133056634 0.04206695556640627
41 0.5871642589569092 0.8868541717529297 0.040843296051025435 0.026972198486328036
16 0.28314824104309083 0.3639549732208252 0.02792158126831057 0.06735334396362302
56 0.6805370330810547 0.29029240608215334 0.027905273437499933 0.07433719635009767
16 0.19558448791503907 0.3609116554260254 0.028939247131347656 0.06833400726318362
52 0.368559455871582 0.45645713806152344 0.026044178009033192 0.08043174743652348
26 0.2163475751876831 0.5477952003479003 0.024456882476806663 0.048678016662597634
41 0.6811566352844238 0.8560543060302734 0.043023109436035156 0.03768730163574219
34 0.23575568199157715 0.46412591934204106 0.030083656311035156 0.06635494232177735
26 0.2699347019195557 0.6189453125 0.02306933403015138 0.05328636169433587
26 0.41832971572875977 0.6222355842590332 0.024919509887695312 0.05298748016357424
41 0.634786319732666 0.8552236557006836 0.04094295501708978 0.036361312866211026
41 0.5433841705322265 0.8116986274719238 0.03672142028808589 0.03951683044433596
41 0.5412571907043457 0.8835252761840819 0.03943233489990228 0.030617141723632835
41 0.5907358169555663 0.7070298671722413 0.0413087844848633 0.045011711120605535
29 0.5422827720642089 0.5899495124816894 0.042959403991699285 0.15385732650756834
28 0.7210426330566406 0.623092269897461 0.031967544555663974 0.09952125549316404
26 0.24197142124176024 0.5485118865966797 0.02507815361022947 0.048911094665527344
41 0.5912533760070801 0.8150768041610718 0.03998346328735347 0.04172062873840332
16 0.3122850894927979 0.36493897438049316 0.028772211074829135 0.06741142272949219
26 0.34381439685821535 0.5508100509643554 0.024761676788330078 0.05205736160278318
26 0.29185671806335445 0.5496973037719726 0.024279069900512706 0.04979839324951174
26 0.31768059730529785 0.5499590873718262 0.025936889648437544 0.05143451690673828
51 0.34070539474487305 0.4551280975341797 0.024948406219482466 0.08171577453613282
41 0.729086971282959 0.8587759017944336 0.04324455261230464 0.03921775817871087
17 0.187364368505746 0.2725489639374147 0.0338430501371024 0.07133656007697783
59 0.41912307739257815 0.5421996116638184 0.024991989135742188 0.06854553222656246
26 0.2666890144348144 0.5493528366088867 0.02429647445678712 0.04851589202880857
46 0.3796968698501587 0.6928097604395269 0.06152119636535641 0.05013847351074219
26 0.34375045299530027 0.621227216720581 0.024276161193847623 0.05553064346313474
41 0.637408971786499 0.7523669719696044 0.043211936950683594 0.04236249923706048
26 0.3682723045349121 0.6214037895202636 0.023888874053955123 0.05426235198974605
26 0.39298338890075685 0.621608829498291 0.024361610412597656 0.05297069549560551
41 0.6360201926126968 0.8156528598200666 0.041828155517578125 0.04293537139892578
59 0.44533634185791016 0.5424374103546143 0.024298381805419877 0.067447566986084
18 0.5320604324340821 0.39075911045074463 0.02032461166381838 0.06492152214050295
41 0.5429160594940186 0.8497496604919434 0.03657712936401358 0.03485717773437502
54 0.42189803123474123 0.4563155174255371 0.025855255126953136 0.0815299987792969
24 0.7601103049698876 0.39528482886901595 0.029061412811279275 0.06957998275756838
29 0.5857485771179199 0.5904453277587891 0.04224805831909184 0.1553150177001953
26 0.3690889358520508 0.5505250453948974 0.024443912506103505 0.05360126495361328
41 0.6777368545532226 0.8882514953613281 0.04142494201660152 0.02818164825439451
61 0.5438887596130371 0.7057428359985352 0.04016237258911126 0.04842700958251944
19 0.3708844661712647 0.3661114454269409 0.029941844940185536 0.06668081283569338
41 0.6394384860992433 0.7075938701629638 0.04247198104858396 0.04774951934814453
41 0.6864800453186035 0.7082041740417481 0.04308900833129892 0.047489833831787065
41 0.6327642440795898 0.8877424240112305 0.04281082153320315 0.027454376220703125
41 0.7337630271911622 0.7087396621704101 0.04316921234130866 0.04750051498413088
32 0.6542144775390625 0.6193201065063476 0.03295822143554683 0.10303249359130862
46 0.4375751201923077 0.6951300652472527 0.051510989010988995 0.05312070741758235
28 0.7571804046630859 0.6249792575836182 0.03832035064697259 0.10083971023559579
45 0.43543782234191897 0.8183295249938964 0.05262022018432616 0.09390544891357422
41 0.7244921684265138 0.8909116744995117 0.04285087585449221 0.027577590942382768
24 0.7903809547424316 0.39482254981994624 0.03169364929199214 0.07135896682739257
28 0.688015365600586 0.622932243347168 0.03284521102905269 0.09755573272705076
45 0.3838023662567138 0.8207666397094726 0.048812198638916005 0.08366641998291013
33 0.2053759515285492 0.46472940444946287 0.0280274510383606 0.06664133071899414
56 0.6511869907379151 0.28947269916534424 0.02858724594116213 0.07444572448730469
55 0.4493999481201172 0.4570940017700195 0.02559661865234375 0.08324756622314455
45 0.3360723972320557 0.8232079505920411 0.04674243927001953 0.0842109680175781
45 0.2954734046380598 0.8198897188836402 0.036130531803592214 0.08693774820684075
32 0.6224933316093344 0.6190846195387527 0.02921844049312139 0.10341441266921925
51 0.31433820724487305 0.4551280975341797 0.024948406219482466 0.08171577453613282
46 0.3181734323501587 0.6932497501373291 0.06152119636535641 0.05013847351074219
46 0.2524303754170736 0.6926555871963501 0.06414966583251949 0.05132679939270024
