0 0.2714099407196045 0.11357755661010742 0.07700347900390625 0.22715511322021484
0 0.19185891151428222 0.11267722845077514 0.07883958816528319 0.2253544569015503
9 0.704781436920166 0.11576961278915406 0.07673454284667969 0.2315392255783081
9 0.6268014430999755 0.11530885696411133 0.07441463470458987 0.23061771392822267
15 0.6980161190032959 0.42885241508483884 0.04090270996093748 0.07222089767456058
16 0.6146906852722167 0.3132148027420044 0.043073081970214866 0.08460030555725101
19 0.26408572196960445 0.563612699508667 0.04049139022827147 0.07351160049438477
17 0.31329247951507566 0.3196430206298828 0.04495224952697757 0.09143486022949221
17 0.22059711813926697 0.3225339412689209 0.05104123353958129 0.09223008155822754
14 0.6592097282409668 0.3126298904418945 0.04277782440185551 0.08316297531127931
54 0.6840468406677247 0.5362123489379883 0.03871002197265627 0.08893527984619137
15 0.6556027412414551 0.4290060520172119 0.042447471618652366 0.07386169433593748
52 0.49318671226501465 0.5438797950744629 0.03426113128662106 0.0904975891113281
55 0.6482303619384766 0.5377096176147461 0.032227706909179754 0.08915309906005864
14 0.7075337886810302 0.31206259727478025 0.04696779251098626 0.08154592514038089
17 0.5725038528442383 0.3140538692474365 0.03942241668701174 0.08552865982055663
17 0.4019562602043152 0.3178067207336426 0.042240929603576616 0.09079227447509763
42 0.4266899108886719 0.7087419509887696 0.05030517578124999 0.032035446166992165
17 0.2682275533676147 0.3216813564300537 0.04332275390625001 0.09200572967529297
59 0.611577033996582 0.5389166831970215 0.03678951263427743 0.08913898468017578
14 0.41725850105285645 0.5588114738464356 0.036306571960449174 0.06788768768310549
41 0.3687345027923584 0.7348104476928711 0.05310525894165036 0.04632358551025395
15 0.5701587677001954 0.430296516418457 0.03764953613281252 0.0774270057678223
17 0.3582045555114746 0.3193215370178223 0.04349231719970703 0.09019002914428714
2 0.49472608566284176 0.11618940830230713 0.06877098083496092 0.23237881660461426
17 0.4889101028442383 0.31630592346191405 0.04148406982421876 0.08745827674865725
25 0.32680258750915525 0.43767032623291013 0.04181213378906251 0.07507247924804689
25 0.28464183807373045 0.4388909339904785 0.04035243988037113 0.07518997192382815
17 0.5315245628356933 0.3154487609863281 0.04091320037841795 0.08823947906494145
27 0.5687052106600246 0.7030684511616545 0.07575010713541286 0.07523470734650228
14 0.4549733638763428 0.5578242301940918 0.03807401657104492 0.06669025421142583
25 0.4509133338928223 0.4339474558830261 0.039203643798828125 0.07778685092926024
17 0.445646858215332 0.318087100982666 0.042821693420410145 0.08897485733032229
14 0.34081258773803713 0.5603605270385742 0.03646426200866698 0.07098312377929683
14 0.37902884483337407 0.5601674079895019 0.03789834976196288 0.06773252487182613
27 0.6408200740814209 0.6834295068468366 0.06679639816284177 0.07538428987775536
25 0.36897265911102295 0.4358471393585205 0.04076552391052246 0.0754096031188965
25 0.24256162643432616 0.43847112655639653 0.04257211685180662 0.07658119201660157
29 0.6367251396179199 0.8225893020629883 0.050085830688476496 0.1341821670532226
25 0.5305773735046386 0.4316213130950928 0.03966445922851569 0.07642211914062502
25 0.41045894622802737 0.4349291801452637 0.04045925140380863 0.07625274658203124
42 0.4279151916503906 0.6764338493347168 0.050846481323242154 0.0378648757934571
2 0.35109672546386717 0.11476562023162842 0.07639908790588379 0.22953124046325685
25 0.4898860931396484 0.43247237205505373 0.03829460144042962 0.07739171981811527
15 0.6110690116882325 0.4294745922088623 0.04284362792968743 0.07664470672607426
41 0.36692657470703127 0.6832137107849121 0.05501041412353519 0.05551853179931632
14 0.3033005237579346 0.5615921974182129 0.03685503005981444 0.07364082336425781
29 0.5862410545349122 0.824044132232666 0.048225021362304665 0.12956924438476558
8 0.5589044094085693 0.11537680625915528 0.057159423828125 0.23075361251831056
2 0.4242986798286438 0.11468183994293213 0.06721665859222409 0.22936367988586426
28 0.45937361717224123 0.8650600433349609 0.038640880584716764 0.09589309692382819
42 0.4251345157623291 0.7396706581115723 0.052669906616210904 0.030585765838623047
42 0.4858245849609375 0.6701202392578125 0.04743461608886723 0.033628082275390714
42 0.4851050381589993 0.7016716799712532 0.0486351013183593 0.029708003997802712
51 0.5272664070129395 0.5406760215759278 0.03230648040771489 0.09214725494384762
61 0.29815673828125 0.684814453125 0.0653076171875 0.052490234375
61 0.301513671875 0.73699951171875 0.06103515625 0.0482177734375
42 0.4846239728880633 0.7334219878530266 0.04863510131835935 0.029708003997802712
56 0.3861424180327868 0.8769851434426228 0.02497438524590162 0.04994877049180324
28 0.5410782776731353 0.8401490355337131 0.03761596679687507 0.09027252197265623
