47 0.3491554737091065 0.5923781871795655 0.030288028717041005 0.06678457260131843
23 0.49356889724731445 0.4545316219329834 0.029992389678955123 0.04626073837280276
23 0.5249377727508544 0.45516891479492183 0.029883289337158225 0.04564971923828126
23 0.5560704231262207 0.4547817230224609 0.030320358276367143 0.04646606445312501
54 0.6420280456542968 0.5869900703430175 0.03118400573730462 0.07992916107177728
23 0.5879749298095702 0.45450658798217775 0.03092536926269529 0.04657135009765623
23 0.6198771953582765 0.4542862415313721 0.03040447235107424 0.050577926635742176
23 0.4625406265258789 0.45457983016967773 0.030039405822753884 0.04632358551025395
19 0.6467804431915283 0.363733696937561 0.031468677520751887 0.061057090759277344
18 0.3369512796401978 0.45327558517456057 0.03125891685485843 0.04962482452392575
19 0.4043735504150391 0.3606677293777466 0.02825050354003905 0.052371931076049816
18 0.3687341690063477 0.4542638778686523 0.030543994903564464 0.04716033935546876
18 0.399944543838501 0.45447797775268556 0.03064031600952144 0.04713926315307615
55 0.47786483764648435 0.5857771396636963 0.02978820800781251 0.07858543395996098
19 0.46438999176025386 0.36115627288818364 0.028694915771484364 0.05192928314208983
18 0.4312970161437988 0.4546335220336914 0.030521202087402333 0.047989273071289085
19 0.4937598705291748 0.36124658584594727 0.02895832061767578 0.05147542953491213
54 0.6102461814880371 0.5867006301879882 0.030827331542968794 0.07894344329833991
54 0.5777497291564941 0.5860893249511718 0.031040763854980558 0.08024024963378906
55 0.5099888801574707 0.586269235610962 0.03132057189941406 0.07837972640991209
19 0.5844006538391113 0.361531925201416 0.029352569580078036 0.051613903045654275
19 0.5531399726867676 0.36207559108734133 0.030959129333496094 0.05058779716491696
16 0.3827830791473389 0.26516046524047854 0.027597951889038075 0.04191732406616214
19 0.61477632522583 0.36137757301330564 0.030832672119140647 0.05348629951477052
16 0.411774206161499 0.265116548538208 0.02903184890747068 0.04081258773803714
19 0.374587345123291 0.36020941734313966 0.029773235321044922 0.05410194396972656
19 0.3429839849472046 0.35981326103210454 0.03134899139404296 0.057416152954101574
9 0.6656461715698243 0.7952574729919433 0.054045581817626975 0.21213111877441404
55 0.4474021911621094 0.5858989238739014 0.029710388183593728 0.07785301208496087
16 0.6128635883331299 0.26172990798950196 0.028396320343017645 0.04166660308837891
16 0.3548490524291992 0.26953649520874023 0.027625846862792958 0.052807998657226546
16 0.5837122917175293 0.2624091863632202 0.028722763061523438 0.040598344802856456
16 0.46975178718566896 0.26439676284790037 0.02886209487915037 0.038960361480712885
19 0.5226916313171386 0.361865758895874 0.028531646728515603 0.05075063705444338
16 0.5547696113586426 0.2633629560470581 0.027813148498535112 0.039589357376098616
2 0.6111990928649902 0.7941283226013184 0.05385799407958991 0.211815071105957
16 0.44106988906860356 0.2655752658843994 0.027507972717285167 0.03987998962402345
16 0.5264435291290284 0.26362197399139403 0.02736787796020501 0.038956975936889626
54 0.544498872756958 0.5863888263702393 0.03157167434692376 0.07846460342407235
41 0.3206195831298828 0.6961819648742675 0.062062072753906294 0.07621345520019529
16 0.6432987213134765 0.2627373933792114 0.029301357269287065 0.049978876113891624
19 0.43424463272094727 0.3607879638671875 0.029762458801269487 0.051804351806640614
16 0.4984617233276367 0.264298152923584 0.026935386657714888 0.038132095336914085
23 0.6521182060241699 0.46124668121337886 0.03200111389160165 0.06653671264648436
17 0.38842087098393574 0.12035642570281127 0.02313943273092367 0.04549447791164657
17 0.4119524974899598 0.12035642570281121 0.02313943273092367 0.04549447791164646
17 0.4390138679718876 0.11996423192771087 0.025492595381526095 0.04471009036144577
17 0.4656830446787149 0.11917984437751007 0.025492595381526095 0.04471009036144577
17 0.46643714699531724 0.16404893221534791 0.025492595381526095 0.0447100903614458
17 0.439666514755935 0.16593418800685372 0.025492595381526095 0.0447100903614458
17 0.4121417801999504 0.16744239264005834 0.025492595381526095 0.0447100903614458
17 0.38537114796056815 0.16744239264005834 0.025492595381526095 0.0447100903614458
15 0.49393701737451734 0.1202793194980695 0.024885376447876417 0.04298383204633205
15 0.49431406853281856 0.16514840733590735 0.024885376447876473 0.04298383204633205
14 0.5216502775096525 0.1212219473938224 0.02601652992277992 0.04411498552123552
14 0.522781430984556 0.16571398407335908 0.02601652992277992 0.04411498552123552
14 0.5499291143822395 0.1204678450772201 0.02601652992277992 0.04411498552123552
14 0.5506832166988418 0.1664680863899614 0.02601652992277992 0.04411498552123552
14 0.5774538489382239 0.12084489623552125 0.02601652992277992 0.044114985521235495
14 0.5789620535714286 0.16609103523166024 0.02601652992277992 0.044114985521235495
14 0.6058813006823975 0.11875956176530691 0.025742406378722604 0.050825235800862525
14 0.6060173121726482 0.16105913523327348 0.025470383398221164 0.03205565014626641
14 0.6333556217130382 0.11549528599929024 0.025742406378722604 0.05082523580086258
14 0.6341716906545424 0.15915497436976375 0.025742406378722604 0.033143742068271975
28 0.5640540994623655 0.8168577788978494 0.043577788978494625 0.1753612231182795
29 0.5065629200268817 0.7748550907258065 0.06930443548387089 0.2530661962365591
61 0.4527469758064516 0.696362567204301 0.05197832661290325 0.08138020833333326
61 0.4519594254032258 0.7740675403225806 0.05355342741935487 0.07823000672043001
61 0.44880922379032256 0.8559727822580645 0.05355342741935487 0.07823000672043001
41 0.3175796998614003 0.7717990611777696 0.062062072753906294 0.07621345520019529
41 0.31035997709875435 0.8504560407497541 0.062062072753906294 0.07621345520019529
51 0.38165231036324787 0.5867721688034189 0.02295339209401709 0.07845886752136755
17 0.3612676697644236 0.11940368180037222 0.02313943273092367 0.045494477911646555
17 0.35917069064349505 0.16648964873761932 0.025492595381526095 0.0447100903614458
