18 0.5779232501983642 0.6210370063781738 0.030723190307617165 0.055440330505371005
18 0.5468952178955078 0.6198035717010498 0.030189895629882835 0.05522699356079097
19 0.5933557987213134 0.37393875122070314 0.03175268173217771 0.06872663497924802
18 0.5157735824584961 0.6167989730834962 0.031153869628906317 0.05479774475097654
54 0.36806693077087405 0.7229071617126466 0.027066850662231412 0.0848421096801758
1 0.44085917472839353 0.19062578678131104 0.05084705352783203 0.17223863601684572
15 0.4944284915924072 0.366515064239502 0.03343353271484378 0.0702470779418945
16 0.31326999664306643 0.4819962978363037 0.03443822860717777 0.06952753067016598
19 0.5612604141235351 0.3722070217132568 0.03160009384155271 0.06902132034301761
19 0.6270574569702148 0.37657194137573247 0.033101463317871116 0.06884641647338868
26 0.4238440036773682 0.6104898929595948 0.029172420501708984 0.05653533935546873
18 0.4846034049987793 0.6150699615478515 0.031077957153320346 0.054989624023437544
14 0.5109689712524415 0.4991295337677002 0.031243324279785212 0.06408910751342778
14 0.4449308395385742 0.4922396659851074 0.032073593139648415 0.06589393615722655
0 0.5454764366149902 0.2006746530532837 0.05057878494262691 0.1663358211517334
59 0.3414417266845703 0.7181884765625 0.025487565994262662 0.08967018127441406
23 0.6074288368225098 0.5057329177856446 0.03137884140014646 0.06429471969604489
14 0.5432945728302002 0.5015000343322754 0.03168773651123047 0.0644281387329102
18 0.6091683387756348 0.6233908653259277 0.030581665039062567 0.05660400390624998
26 0.453703784942627 0.6125002861022949 0.029785346984863292 0.05546646118164067
15 0.4608271598815918 0.3633662223815918 0.0325798034667969 0.06931390762329098
26 0.3937253475189209 0.6081759452819824 0.029750823974609375 0.05660877227783201
2 0.3390073299407959 0.18982834815979002 0.05523767471313479 0.15439777374267577
17 0.32531940937042236 0.3507890224456787 0.03352761268615723 0.07124137878417969
16 0.34815459251403813 0.48494815826416016 0.032521438598632824 0.06788520812988286
26 0.301375675201416 0.6028996467590333 0.030977153778076194 0.061400985717773415
15 0.3938316345214844 0.3568435192108154 0.0350635528564453 0.07103347778320312
16 0.4127530217170715 0.48971767425537105 0.030270552635192904 0.06723289489746093
26 0.3328125 0.6038396835327149 0.02969369888305662 0.056863021850586004
16 0.3808125495910645 0.4869531631469727 0.03136138916015624 0.06777114868164064
15 0.35915935039520264 0.3535349845886231 0.03224263191223142 0.07066650390625001
2 0.39107351303100585 0.18760995864868163 0.04933319091796873 0.16688647270202636
59 0.31294760704040525 0.7180433750152588 0.029776954650878873 0.09012889862060547
26 0.36303863525390623 0.6058226108551026 0.02993040084838866 0.05748395919799798
15 0.42802767753601073 0.3601054668426514 0.031950950622558594 0.06869354248046877
14 0.47816781997680663 0.4967132568359375 0.03185081481933594 0.0654994964599609
19 0.6609780788421631 0.383598256111145 0.03317556381225595 0.07989535331726072
52 0.42534327507019043 0.7281830787658692 0.027961444854736284 0.08283100128173826
19 0.5284850120544433 0.3695014238357544 0.03285160064697268 0.07015051841735842
23 0.6406068325042724 0.5103161334991455 0.03328285217285154 0.0697729110717773
55 0.5407923221588135 0.7357594490051269 0.027859210968017578 0.08162364959716795
52 0.39676096439361574 0.7260822296142578 0.02754664421081543 0.08348579406738277
23 0.5757121562957763 0.503689956665039 0.030907821655273504 0.06468734741210935
5 0.596808910369873 0.20551707744598388 0.05078954696655269 0.16994256973266603
51 0.483465576171875 0.7314611434936523 0.027350425720214844 0.08221368789672856
4 0.4930245535714286 0.19918387276785718 0.04534040178571419 0.16392299107142855
55 0.508556278469493 0.7357594490051269 0.027859210968017578 0.08162364959716795
51 0.45502200821071 0.7362017381538465 0.027350425720214844 0.08221368789672856
