0 0.45093574523925783 0.6092926025390626 0.06851158142089847 0.15979614257812502
9 0.3779919195518219 0.6066644361550859 0.06882506377405401 0.15948444784974036
26 0.5601448059082031 0.4528356075286865 0.05379199981689453 0.0856818199157715
14 0.36409673690795896 0.1015676498413086 0.07747335433959962 0.1414865016937256
16 0.5235463142395019 0.1084088683128357 0.07575683593749999 0.1360278367996216
26 0.3352464437484741 0.44733457565307616 0.05610985755920406 0.09329738616943362
14 0.4437387466430664 0.10414355993270874 0.07593879699707029 0.14116990566253662
16 0.6006640434265137 0.11186452209949493 0.07250137329101558 0.1351221978664398
26 0.4489011764526367 0.45006256103515624 0.05474739074707036 0.0868247985839844
26 0.615528917312622 0.45336103439331055 0.05350475311279301 0.0861576080322266
16 0.6769777297973633 0.11435386836528778 0.0730789184570313 0.1379697859287262
16 0.7523021697998047 0.11524884998798371 0.06846141815185547 0.14093312621116638
26 0.6718369960784912 0.4536740779876709 0.05071687698364258 0.08768310546875002
2 0.5199657440185548 0.6105532646179199 0.06639232635498049 0.1585901260375977
26 0.39247498512268064 0.4479118824005127 0.05369253158569337 0.08926858901977536
17 0.20435888767242433 0.09590004682540894 0.08363418579101564 0.15360395908355715
2 0.5888552665710449 0.6126139640808106 0.07143249511718741 0.16150932312011712
26 0.5048030853271485 0.4511775016784668 0.052730274200439464 0.08627548217773434
26 0.2754241466522217 0.45184993743896484 0.06057720184326171 0.10381422042846683
25 0.6893099308013916 0.30302369594573975 0.061465549468994185 0.10645213127136233
3 0.3024235725402832 0.606862449645996 0.07706155776977536 0.1621070861816406
25 0.6265114784240723 0.3006902694702148 0.06178169250488286 0.10716991424560546
25 0.5003153800964355 0.2946938037872314 0.0589424133300781 0.11007075309753417
25 0.4383420944213867 0.292992091178894 0.06057586669921877 0.10867028236389159
25 0.5626419067382813 0.2981732368469238 0.06190223693847663 0.10785951614379882
25 0.3124100923538208 0.2879647970199585 0.06191616058349608 0.10922846794128421
26 0.7259412288665772 0.45467653274536135 0.05449104309082031 0.08763961791992186
25 0.37587618827819824 0.29086573123931886 0.06090459823608396 0.10819802284240723
28 0.3194733142852783 0.7671291351318359 0.044681549072265625 0.10815486907958982
2 0.6671869579836618 0.6149182997161535 0.08339811640677686 0.1619409159790698
25 0.24685819149017335 0.28922529220581056 0.06494250297546389 0.11693563461303713
29 0.4666909217834473 0.9032192230224609 0.05734710693359374 0.11337394714355464
29 0.34694433212280273 0.8997543334960938 0.05448074340820308 0.11262054443359382
19 0.8247777549482936 0.11756086941245648 0.07566037178039542 0.13995697498321533
28 0.47289390563964845 0.7688568115234375 0.04735908508300779 0.10376815795898431
29 0.4058462977409363 0.9025793075561523 0.05777628421783443 0.11162033081054679
31 0.5329313278198242 0.9355130195617676 0.0444493293762207 0.09350147247314444
28 0.522584867477417 0.7697492599487306 0.04797906875610358 0.10376701354980467
28 0.3692617654800415 0.7664533615112304 0.04938912391662598 0.10484714508056636
24 0.7495946884155273 0.30394120216369624 0.05917091369628902 0.10760478973388671
15 0.28274352550506593 0.09718775749206543 0.06993088722229004 0.14376006126403806
31 0.5785979195464429 0.9312976418639258 0.0444493293762207 0.09350147247314444
31 0.6235619483234214 0.9334053307128467 0.0444493293762207 0.09350147247314444
28 0.423011936215188 0.7688568115234375 0.04735908508300779 0.10376815795898431
28 0.5724668369018775 0.7697492599487306 0.04797906875610358 0.10376701354980467
28 0.6413277924489631 0.7733388653762049 0.06064477481430386 0.10080318039269764
