29 0.500654935836792 0.6454246520996094 0.05170869827270508 0.18844356536865237
29 0.3421163082122803 0.46221237182617186 0.048205995559692405 0.15431156158447268
29 0.4673139572143555 0.45941414833068844 0.04835948944091795 0.1604724884033203
28 0.3589294910430908 0.6700130939483643 0.034501457214355435 0.10933713912963872
29 0.5521730422973632 0.6477935314178467 0.048926925659179665 0.19583101272583003
28 0.3916340351104737 0.6722515106201172 0.03121213912963866 0.11077156066894533
29 0.44260516166687014 0.29363031387329097 0.0416886329650879 0.14215641021728515
29 0.602714443206787 0.6459756374359131 0.0509828567504883 0.19146852493286126
29 0.4227094173431396 0.46070367097854614 0.0448166847229004 0.15819985866546626
29 0.3821341276168823 0.4624353289604187 0.039850378036499046 0.1541076898574829
29 0.48378696441650393 0.2898969888687134 0.03879070281982422 0.1423751354217529
29 0.5100946426391602 0.45911132097244267 0.040713500976562456 0.16069447994232183
29 0.364186776311774 0.2984677661929214 0.042596842113294064 0.13634297638608697
28 0.4561359405517578 0.6746581077575684 0.0318275451660156 0.11334199905395514
29 0.6146306037902832 0.2708681046962738 0.0461273193359375 0.15065051317214964
28 0.4233371734619141 0.6733421325683594 0.03200950622558596 0.11288337707519536
29 0.5553019523620606 0.4559160351753235 0.04587211608886721 0.16555306911468504
29 0.56769924247474 0.27209639664281876 0.03890725687930474 0.15139382952137995
29 0.524010920106319 0.2780928330463275 0.03890725687930474 0.15139382952137995
29 0.4047647610045316 0.29630894911916633 0.03341932464064218 0.14066061053359713
29 0.60669997867785 0.4550594014033936 0.04587211608886721 0.16555306911468498
