47 0.6948498725891112 0.28272476196289065 0.028281307220458962 0.07425260543823245
52 0.3423993349075317 0.49843311309814453 0.02392129898071288 0.07413673400878906
18 0.4002326011657715 0.4260839581489563 0.027280807495117188 0.060556387901306186
18 0.37253499031066895 0.42556023597717285 0.027202749252319358 0.059169006347656206
51 0.29161901473999025 0.49579734802246095 0.023739337921142578 0.07393493652343752
47 0.7261223793029785 0.2826768636703491 0.030510997772216886 0.07410731315612792
47 0.6647912979125976 0.28312475681304927 0.027133369445800803 0.07237653732299804
26 0.40738377571105955 0.7062227249145507 0.02259855270385741 0.04912424087524414
0 0.3790976762771606 0.6747677803039551 0.03185324668884276 0.10516195297241204
56 0.6043549537658691 0.2827266216278076 0.027796268463134766 0.07282638549804685
59 0.4486201763153076 0.582565689086914 0.021403980255126964 0.0685554504394531
26 0.3264769077301025 0.5873888969421387 0.023726844787597623 0.05043811798095699
17 0.36127851009368894 0.262963604927063 0.02957005500793458 0.06417574882507326
15 0.4210773468017578 0.2634829044342041 0.029303932189941373 0.06713466644287108
34 0.3020460128784179 0.5849085330963135 0.02342052459716798 0.054861259460449285
52 0.3166044235229492 0.49644103050231936 0.02444171905517578 0.07380313873291017
24 0.6010279655456543 0.45172762870788574 0.026278305053710982 0.058877658843994096
33 0.2773613929748535 0.5857658386230469 0.023924493789672874 0.05455760955810551
16 0.4475553512573242 0.34606912136077883 0.027571678161621094 0.06464180946350101
26 0.406627893447876 0.6546815872192383 0.02275028228759768 0.050105285644531206
41 0.4580021858215332 0.7746650695800781 0.03530902862548829 0.039708614349365234
15 0.4495070934295654 0.263040018081665 0.028557300567626953 0.0670001983642578
15 0.39112620353698735 0.2628906011581421 0.02903289794921876 0.06491379737854003
54 0.3936086893081665 0.5005624771118165 0.024572420120239302 0.07300662994384771
24 0.6283685684204101 0.45207891464233396 0.02725009918212884 0.059621620178222645
16 0.39134790897369387 0.34602179527282717 0.027643823623657193 0.06589536666870116
26 0.4243488311767578 0.5914629936218262 0.024196052551269553 0.05172252655029297
16 0.41940002441406254 0.3459243535995483 0.02771644592285155 0.06636962890625003
41 0.27801194190979006 0.7674729824066162 0.03711061477661132 0.0387462615966796
26 0.40029298067092894 0.5907810211181641 0.02286031246185305 0.051143646240234375
26 0.37654538154602046 0.5887504577636719 0.02342815399169923 0.05081157684326176
16 0.2547112464904785 0.3432247161865234 0.027073764801025385 0.06286401748657228
41 0.45642776489257814 0.8145166397094726 0.03354701995849607 0.03712959289550777
16 0.28232970237731936 0.34435443878173827 0.028359699249267567 0.0644956588745117
14 0.29168291091918946 0.4217430233955384 0.026106929779052712 0.058835577964782726
24 0.5735377311706543 0.45118069648742676 0.027606773376464888 0.058515071868896484
1 0.31002454757690434 0.6721034526824952 0.034975481033325206 0.10226583480834961
59 0.47068147659301757 0.5824834823608398 0.020944595336914062 0.0671049118041992
25 0.7207768440246582 0.3695374488830566 0.028537940979003973 0.06564207077026368
54 0.3682446241378784 0.5000781059265137 0.024118041992187533 0.07355709075927735
16 0.36356368064880373 0.34583120346069335 0.027449703216552768 0.06597385406494138
17 0.27649545669555664 0.26150999069213865 0.0281219482421875 0.06467800140380858
17 0.24786679744720458 0.26175034046173096 0.028634643554687478 0.06529798507690432
16 0.3104881763458252 0.344614577293396 0.026873683929443337 0.0639518737792969
26 0.3513941049575806 0.5878385543823242 0.024587345123291027 0.050810050964355424
24 0.6608902931213378 0.37009854316711427 0.02881488800048826 0.06853904724121096
16 0.3367711067199707 0.3448832035064697 0.0251924991607666 0.06568136215209963
14 0.23704450130462645 0.418536651134491 0.024753189086914068 0.05927603244781493
41 0.36711173057556157 0.7757452964782715 0.03769497871398925 0.036678314208984375
17 0.30514893531799314 0.2617357254028321 0.02862467765808102 0.06525917053222657
41 0.41417781114578245 0.77357759475708 0.037522482872009266 0.039105796813964866
51 0.26711316108703614 0.49597368240356443 0.024112606048584007 0.07511234283447266
46 0.658039665222168 0.7136182308197021 0.05874271392822261 0.05086212158203118
16 0.22778167724609377 0.3428350925445557 0.02572431564331054 0.061915206909179676
26 0.4297611713409424 0.6556034564971924 0.02247819900512693 0.05039138793945319
25 0.7807467460632325 0.3700020790100098 0.029083061218261652 0.06641597747802735
24 0.6562827110290528 0.4519659042358398 0.026309299468994074 0.05894155502319337
2 0.3456260204315186 0.6732146263122558 0.033395957946777355 0.104941177368164
17 0.33334290981292725 0.26267569065093993 0.02715973854064946 0.06561999320983888
24 0.6025868892669678 0.3689558982849121 0.027924823760986373 0.0682868003845215
56 0.6361184120178223 0.28313117027282714 0.027157974243164018 0.0739664077758789
25 0.7506394863128663 0.3697976589202881 0.029094028472900324 0.06622447967529299
29 0.5804949283599854 0.5610978126525878 0.04221973419189451 0.1485967636108398
25 0.8096675634384155 0.3697602272033691 0.02662892341613765 0.06604318618774413
24 0.6906638622283936 0.3696857213973999 0.029491996765136697 0.06776461601257322
26 0.45360679626464845 0.6568551063537598 0.02346935272216799 0.050721931457519576
26 0.4304838180541992 0.7068954467773438 0.022657585144042924 0.04995288848876955
16 0.4720916271209717 0.34573211669921877 0.0205410957336426 0.06418561935424805
24 0.5743869781494141 0.3682048797607422 0.0274255752563477 0.06740465164184573
28 0.6822730541229247 0.5913427352905274 0.03273859024047854 0.09923458099365234
24 0.631571388244629 0.3691243648529053 0.02790412902832029 0.06927547454833982
61 0.550189208984375 0.7838618755340576 0.03479270935058587 0.03735761642456059
46 0.6863858699798584 0.8468534469604492 0.05140361785888681 0.05018043518066406
56 0.5757575511932373 0.282441520690918 0.02728004455566413 0.07363319396972659
26 0.45420131683349607 0.7073056697845459 0.02292747497558595 0.048861694335937456
41 0.413904869556427 0.8128076553344727 0.0367065191268921 0.03606567382812498
17 0.21878480911254883 0.2632519006729126 0.029531002044677734 0.0656260013580322
46 0.7364883422851562 0.848602294921875 0.046170806884765714 0.05266857147216797
46 0.7277122497558594 0.7959579467773438 0.048032283782958984 0.050411224365234375
46 0.6306175231933593 0.846646739463129 0.05645618438720701 0.049912643432617254
28 0.7143032550811768 0.5920761108398438 0.030683803558349654 0.1034619331359864
14 0.26405284404754636 0.42048492431640627 0.02661871910095215 0.059303188323974576
46 0.5519186019897461 0.6910162448883057 0.04019641876220703 0.07122240066528318
31 0.7794942855834961 0.6069317817687988 0.031373786926269576 0.08605604171752934
23 0.45569887161254885 0.42652692794799807 0.026455116271972667 0.06051788330078128
41 0.3216524124145508 0.7742125511169433 0.03927459716796877 0.037156867980956965
46 0.5998725414276123 0.7076966762542725 0.054715633392333984 0.04436216354370126
24 0.6841365337371826 0.4513704299926758 0.02707452774047847 0.05864524841308594
28 0.6491926193237305 0.5894055366516113 0.03200378417968752 0.09990978240966797
41 0.5487732887268066 0.8210447311401368 0.03345012664794922 0.03490219116210935
24 0.549595308303833 0.3679617404937744 0.021269702911376975 0.06635417938232419
24 0.548005723953247 0.4509609222412109 0.022504234313964866 0.05876216888427732
15 0.47287797927856445 0.261897349357605 0.019014358520507812 0.065598201751709
33 0.25280592441558836 0.5867481231689453 0.024497556686401356 0.05408477783203125
46 0.7113937377929687 0.7171369552612304 0.042808914184570335 0.050366115570068315
19 0.3187096118927002 0.42281546592712405 0.026586532592773438 0.058748435974121105
28 0.7474273204803468 0.594202995300293 0.03310785293579099 0.10574665069580069
54 0.46764053254437865 0.5011556952662721 0.020224667159763288 0.0699195636094675
32 0.6190868692660549 0.587729357798165 0.021502293577981724 0.09317660550458717
6 0.2719144208715596 0.6688109231651376 0.03314936926605505 0.10482368119266061
