56 0.5141333580017089 0.3294238567352295 0.026977920532226585 0.057654380798339844
24 0.5476330757141114 0.22889397144317628 0.02887802124023442 0.051477956771850575
14 0.539848518371582 0.15405697822570802 0.028595924377441406 0.06325297355651856
16 0.48191213607788086 0.14751887321472168 0.027868652343750022 0.04655919075012206
15 0.4240124702453614 0.14806644916534423 0.02784137725830077 0.04739580154418946
26 0.41782207489013673 0.4421100616455078 0.027636909484863303 0.04868335723876949
15 0.45278615951538087 0.14821805953979492 0.028350830078125 0.04705853462219238
19 0.31456937789916994 0.2329615831375122 0.027305173873901356 0.05022969245910644
26 0.3892354965209961 0.442714786529541 0.028180599212646484 0.048407745361328136
47 0.4843338012695313 0.33016180992126465 0.02926330566406249 0.05942144393920901
19 0.2860943078994751 0.23337781429290771 0.0284828662872314 0.05075607299804685
34 0.3348769426345825 0.44440569877624514 0.027131700515747093 0.04797544479370114
47 0.45374283790588377 0.33039107322692873 0.02779102325439453 0.057990360260009755
19 0.3434067249298096 0.23196227550506593 0.02848367691040038 0.05066680908203125
24 0.5777894973754882 0.2304427146911621 0.028790378570556663 0.05970482826232909
29 0.34520964622497563 0.7122142314910889 0.04795808792114259 0.1649285316467286
16 0.5103843688964844 0.14687243700027466 0.026453399658203147 0.04617843627929687
17 0.3385568618774414 0.14822816848754883 0.028540611267089844 0.0468310832977295
52 0.5246729850769043 0.42841529846191406 0.025567817687988326 0.07159481048583982
29 0.5289708137512207 0.7069556236267089 0.04400758743286137 0.16669158935546868
29 0.48390202522277836 0.7080992221832276 0.04437990188598634 0.165406608581543
29 0.3926395416259766 0.710335636138916 0.04553184509277347 0.16537303924560542
17 0.39590015411376955 0.14818023443222045 0.02751407623291019 0.04697628021240234
28 0.539088773727417 0.5480877876281738 0.030853748321533203 0.10808734893798827
33 0.3061532974243164 0.4438907623291016 0.02691607475280766 0.048378372192382835
59 0.5790054798126221 0.42592353820800777 0.027679634094238237 0.07538967132568358
14 0.6012685775756836 0.14879817962646485 0.02826480865478509 0.057983636856079115
18 0.4031376719474793 0.23536198139190675 0.02861006259918214 0.05586667060852052
56 0.5436350345611571 0.3287519931793213 0.025868320465087913 0.05672478675842285
29 0.4385649681091308 0.7092018604278565 0.04697246551513673 0.1680523872375489
17 0.310038423538208 0.14841241836547853 0.027017879486083973 0.047175788879394526
28 0.5055439949035645 0.5493465900421143 0.03535175323486334 0.10717897415161137
24 0.5187839508056641 0.2300797462463379 0.025678634643554688 0.04987077713012694
47 0.4248398780822754 0.3308622121810913 0.02630844116210934 0.05703029632568357
28 0.609109354019165 0.5473010063171386 0.037416362762451194 0.1101564407348633
17 0.3678300380706787 0.14796233177185059 0.027518367767333962 0.04744586944580077
47 0.39623479843139653 0.331109094619751 0.026745128631591786 0.05657310485839845
17 0.2808993339538574 0.14784811735153197 0.03060736656188967 0.04857387542724609
54 0.5512544155120849 0.42731003761291503 0.025158786773681663 0.0724496841430664
31 0.4716340065002441 0.5584051132202148 0.02969188690185548 0.09349651336669929
14 0.5707949638366699 0.15183831453323365 0.03022546768188472 0.06184988021850586
31 0.44074621200561526 0.5588932037353516 0.029267120361328114 0.0908346176147461
28 0.5723718643188476 0.546837329864502 0.03403339385986326 0.10909957885742183
34 0.36156249046325684 0.44556751251220705 0.024848461151123047 0.04407749176025394
51 0.4978206157684326 0.4288661956787109 0.025734806060790982 0.07103967666625977
47 0.5716311454772949 0.3282164096832275 0.026357269287109353 0.056639862060546886
33 0.27844648361206054 0.44400787353515625 0.027169799804687478 0.050289154052734375
31 0.4106628894805908 0.5590043067932129 0.02890777587890625 0.09080591201782218
29 0.29777140617370607 0.7212701797485352 0.04468345642089844 0.18730106353759768
23 0.46229052543640137 0.23048553466796876 0.028543949127197266 0.04980449676513671
18 0.37308359146118164 0.23717665672302246 0.028738117218017556 0.06091747283935545
56 0.6020609855651855 0.3280262231826782 0.028555679321288996 0.05985913276672361
56 0.5717370986938477 0.3282237768173218 0.026288318634033137 0.05688586235046389
25 0.6068638392857142 0.22825210813492064 0.024801587301587324 0.0519283234126984
31 0.38132440476190477 0.5630735367063493 0.031001984126984128 0.08448040674603174
23 0.4304460960885753 0.23331615060999775 0.028543949127197266 0.04980449676513671
23 0.4898890308711839 0.22977788068246147 0.028543949127197155 0.04980449676513665
