41 0.37138028144836427 0.6039569854736329 0.041614532470703125 0.048525428771972634
41 0.5571147918701171 0.6033514499664306 0.041819190979003884 0.04682140350341801
41 0.3714916706085205 0.6509676933288574 0.04128675460815434 0.04348106384277339
41 0.4196188449859619 0.6044094085693359 0.04343566894531248 0.04921722412109375
43 0.5671684265136718 0.3165666580200195 0.038763236999511785 0.03621764183044435
41 0.4194808483123779 0.6512393951416016 0.04434394836425781 0.04184799194335942
41 0.5228431701660157 0.32324500083923335 0.04595279693603521 0.05329771041870118
41 0.5117016792297364 0.6511450290679932 0.03983440399169924 0.03916521072387702
41 0.528897476196289 0.266326904296875 0.04658870697021478 0.057549476623535156
41 0.3752153396606445 0.3716933488845825 0.04672660827636721 0.05284423828125001
41 0.4736732006072998 0.3749208688735962 0.04531755447387692 0.051215791702270475
41 0.42545223236083984 0.26187658309936523 0.04530963897705076 0.060178852081298806
41 0.46630697250366215 0.6054914951324463 0.04298381805419921 0.050045680999755815
41 0.3716829538345337 0.5531528949737549 0.043015146255493186 0.05078668594360347
41 0.4735867977142334 0.32198927402496336 0.04571552276611324 0.05304884910583496
41 0.37340316772460935 0.2592400074005127 0.04854125976562501 0.058548069000244174
41 0.602296257019043 0.6015043258666992 0.0404260635375977 0.04599571228027344
41 0.47781763076782224 0.2654147148132324 0.04653196334838866 0.05782914161682129
41 0.5563504219055175 0.6498745918273925 0.04178562164306643 0.043770217895507835
41 0.4674656867980957 0.6514455795288085 0.041280269622802734 0.03902072906494147
41 0.4241361618041992 0.37366175651550293 0.0455474853515625 0.04987602233886723
41 0.37407793998718264 0.31777958869934086 0.04753441810607911 0.05422525405883788
41 0.4241415977478027 0.3194546699523926 0.04508037567138673 0.053411006927490234
41 0.5123571395874024 0.6054805755615235 0.04004936218261723 0.04727869033813481
41 0.5597211360931396 0.5536283493041992 0.04290781021118162 0.05089569091796875
41 0.4673173427581787 0.5562487602233886 0.04152812957763674 0.047120094299316406
46 0.5893630981445312 0.8907026290893555 0.05036907196044926 0.062252807617187544
41 0.4202460169792175 0.5553329467773438 0.04290907382965087 0.04717197418212893
41 0.5219924926757813 0.37861003875732424 0.043694496154785156 0.05302658081054684
41 0.6012022495269775 0.6494511604309082 0.04089069366455078 0.04709606170654301
46 0.5384300231933594 0.8915422439575196 0.048918533325195246 0.06653823852539065
46 0.4862128257751465 0.8896117210388184 0.05162754058837893 0.06731815338134761
41 0.5137813568115235 0.5563100814819335 0.040488052368163996 0.049016380310058616
41 0.606421947479248 0.5537066459655762 0.04001474380493164 0.04929237365722661
46 0.3763200998306274 0.8896265983581543 0.05752844810485841 0.06876296997070308
46 0.4317924499511719 0.8893266677856445 0.052567481994628906 0.06801681518554692
46 0.37652204036712644 0.8899178504943848 0.05812125205993651 0.06856708526611333
44 0.6121024408284024 0.31711122411242604 0.04218287721893488 0.03120377218934911
44 0.615569526627219 0.3471593010355029 0.04218287721893488 0.03120377218934911
44 0.6097910502958581 0.3824080066568047 0.04218287721893488 0.03120377218934911
44 0.5681860207100593 0.35235992973372776 0.04218287721893488 0.03120377218934911
44 0.5676081730769231 0.384141549556213 0.037560096153846034 0.030048076923076872
36 0.36750725940265483 0.49584312776548667 0.047963910398230114 0.023765901548672586
36 0.41547116980088494 0.49389864491150437 0.04709969579646017 0.023333794247787587
36 0.4638671874999999 0.49389864491150437 0.04709969579646017 0.023333794247787587
36 0.512263205199115 0.49476285951327437 0.04709969579646006 0.023333794247787754
36 0.55979500829646 0.4951949668141594 0.04709969579646012 0.023333794247787865
36 0.60862313329646 0.49605918141592936 0.04709969579646012 0.02333379424778792
