12 0.3425271511077881 0.9446217536926269 0.06365699768066402 0.1052324295043946
4 0.6558601379394531 0.6422965049743652 0.05193138122558594 0.15097999572753906
34 0.3852705001831055 0.3507954597473144 0.03623380661010739 0.0712726593017578
0 0.5530418395996094 0.6431042671203613 0.04739570617675781 0.1475440979003907
9 0.34997546672821045 0.6407407760620116 0.04898185729980464 0.14885749816894533
15 0.49621324539184575 0.05390919595956802 0.043884277343750056 0.08022334277629851
54 0.4914709568023682 0.49082441329956056 0.0331534385681152 0.09717864990234382
15 0.45216941833496094 0.05417013168334961 0.04116210937499998 0.08042776584625244
1 0.45237460136413576 0.6424514293670655 0.05057888031005858 0.14938640594482422
19 0.29469666481018064 0.1929431200027466 0.03854961395263673 0.07387771606445312
19 0.38162188529968266 0.19283537864685057 0.03985004425048827 0.07459635734558104
18 0.4680872917175293 0.1929858684539795 0.04273395538330077 0.07470459938049318
26 0.4586048126220703 0.35237717628479004 0.03723926544189449 0.0685235023498535
15 0.41049866676330565 0.054052126407623295 0.04116392135620117 0.08002429008483887
47 0.6092289924621582 0.3443816900253296 0.03730754852294926 0.07929773330688472
14 0.6241559028625487 0.05403333902359009 0.042147254943847634 0.08079352378845214
15 0.5808788776397705 0.05375557541847229 0.04047126770019527 0.07946492433547973
26 0.4957595348358154 0.3527059078216553 0.036601352691650324 0.06811819076538084
19 0.33916411399841306 0.19422737360000608 0.04190597534179691 0.07378723621368408
18 0.42507305145263674 0.19285874366760253 0.043802452087402355 0.0749103546142578
5 0.603948450088501 0.6428900718688966 0.04846763610839844 0.14616641998291013
14 0.6683039665222168 0.05650690644979477 0.04155254364013672 0.08817375004291535
28 0.5806750297546386 0.8579752922058106 0.03619947433471682 0.11321945190429694
15 0.5392597198486329 0.05385543256998063 0.0407136917114258 0.07972030341625214
2 0.5034056663513183 0.6421455860137939 0.04930286407470702 0.149171257019043
17 0.32490494251251223 0.05428416132926941 0.0422659397125244 0.07930947542190551
17 0.27960186004638676 0.05275027751922608 0.04642362594604493 0.08038651943206787
34 0.42107753753662114 0.3501895904541016 0.03294820785522462 0.07126207351684571
23 0.5503281593322754 0.19293155670166015 0.04127902984619136 0.07285647392272948
26 0.5332399368286133 0.3521185159683228 0.03684377670288086 0.06813364028930663
3 0.4006691339539319 0.6442413074214284 0.0484804153442383 0.15137653350830083
14 0.7124394416809082 0.06927256584167481 0.04242706298828125 0.11489732265472412
24 0.34426369667053225 0.35041961669921873 0.04005212783813478 0.07051410675048825
52 0.45764451026916503 0.49121170043945317 0.031708145141601585 0.0965185165405274
17 0.36797447204589845 0.054033230245113376 0.044662857055664085 0.07923837006092072
28 0.5424952507019043 0.8578425407409668 0.03788280487060547 0.11266422271728516
25 0.6766815185546875 0.19192183017730713 0.04009027481079097 0.07772316932678225
25 0.5917119979858398 0.19272761344909667 0.038701629638671964 0.07432870864868166
41 0.4169384121894837 0.85045166015625 0.048694777488708485 0.049526214599609375
52 0.4225468635559082 0.4924675941467285 0.0351594924926758 0.0942355155944824
25 0.6335740089416504 0.19213671684265138 0.04197349548339835 0.07611503601074218
29 0.4726436614990234 0.8309057474136352 0.05436840057373049 0.16931529045104987
23 0.5095309257507324 0.19263256788253785 0.03860740661621098 0.07397005558013917
24 0.3033421754837036 0.34992055892944335 0.04011249542236328 0.07111120223999023
41 0.412324047088623 0.7948429107666015 0.045790958404541005 0.05505447387695306
41 0.40945005416870117 0.9690679550170899 0.054387569427490234 0.05921249389648442
31 0.6165609359741211 0.8636215209960938 0.03441734313964839 0.10042858123779297
59 0.35355582237243655 0.49234724044799805 0.03285026550292969 0.09459972381591797
59 0.3187435150146484 0.49474039077758786 0.032871246337890625 0.09452018737792967
56 0.6506972789764405 0.3445489168167114 0.0364384651184082 0.0806695461273193
55 0.5941966056823731 0.49165935516357423 0.03408870697021482 0.09500637054443362
41 0.4189555168151855 0.8947023391723633 0.04863996505737306 0.04076671600341797
51 0.3863376524390244 0.4889958079268293 0.03525152439024387 0.09860899390243899
31 0.6522888323155845 0.8626687770936547 0.03441734313964839 0.10042858123779297
