59 0.760904598236084 0.09098615050315857 0.07913246154785158 0.18197230100631714
54 0.6172345161437989 0.08693574666976929 0.06574382781982424 0.17387149333953858
16 0.3411677837371826 0.0920884668827057 0.06966333389282225 0.1455022692680359
26 0.5663355827331542 0.6255126953125 0.04578247070312502 0.07888221740722656
16 0.41228137016296384 0.09383012652397155 0.06829576492309569 0.14522713422775269
15 0.2592932224273682 0.4803238391876221 0.050935173034667935 0.10011930465698243
14 0.2667907476425171 0.09129114151000976 0.07457966804504393 0.14511969089508056
25 0.2941259860992432 0.3128882884979248 0.06135425567626951 0.1229569435119629
15 0.5239639282226562 0.48514666557312014 0.05100307464599613 0.09661712646484372
25 0.22818437218666077 0.311431360244751 0.06375111341476439 0.12359132766723635
26 0.3785221099853516 0.6228571891784669 0.04550848007202146 0.07922992706298826
25 0.5309771060943603 0.31986322402954104 0.056056213378906206 0.11850204467773434
13 0.6253588199615479 0.7679091930389405 0.0706125259399415 0.10242013931274419
26 0.5185089588165284 0.6262834072113037 0.044999599456787165 0.0783298492431641
25 0.5928382873535156 0.3206511020660401 0.05814313888549805 0.11897773742675782
25 0.6581104278564454 0.32291412353515625 0.06138057708740241 0.11697397232055662
25 0.41057515144348145 0.315485668182373 0.05609216690063479 0.1211231231689453
15 0.3115737915039063 0.4845266342163086 0.051674652099609364 0.09521589279174808
25 0.47156448364257814 0.31787590980529784 0.056981468200683616 0.11917200088500979
26 0.6575792312622071 0.6269943714141846 0.042973899841308616 0.07807264328002939
25 0.3539015769958496 0.3119039058685303 0.0542172431945801 0.12697877883911135
15 0.6287958145141601 0.4921555519104004 0.05191192626953123 0.0880289077758789
26 0.6127402782440186 0.6258313655853271 0.0431111335754395 0.07888860702514644
25 0.7306815147399903 0.32439494132995605 0.06688394546508791 0.11601448059082031
25 0.3888615369796753 0.7930720329284668 0.03724513053894041 0.05583534240722654
26 0.4714653015136719 0.6249554634094239 0.0444668769836426 0.0783090591430664
15 0.36519904136657716 0.4849618911743164 0.05281496047973633 0.09495792388916013
15 0.5759105682373047 0.48486394882202144 0.05019397735595699 0.09829168319702147
25 0.4274620056152344 0.7915754318237305 0.036011505126953114 0.05673980712890625
26 0.33150444030761717 0.6223915100097657 0.04525909423828128 0.07867469787597658
26 0.28302369117736814 0.622908067703247 0.047629547119140636 0.08002614974975586
17 0.18748977184295657 0.08877636194229126 0.07983317375183105 0.14549174308776855
25 0.34929642677307127 0.7935596466064454 0.038324832916259766 0.05491294860839846
0 0.4392354488372803 0.9204219818115233 0.05230417251586916 0.1394306182861328
15 0.4692885398864746 0.4853805065155029 0.051733970642089844 0.09622926712036128
26 0.4252607345581054 0.6222900867462158 0.043741989135742176 0.08252506256103509
25 0.3872791290283203 0.715808629989624 0.03761119842529298 0.051549434661865234
13 0.5538923263549804 0.7619271278381348 0.0678243637084961 0.10752391815185547
25 0.3101678371429443 0.7911944389343262 0.035787677764892556 0.055278015136718706
15 0.681965446472168 0.49355545043945315 0.05272798538208012 0.08682556152343751
15 0.41766567230224605 0.4838178634643555 0.048464012145996105 0.09677619934082032
25 0.3042666435241699 0.7137434482574463 0.039902734756469715 0.052977561950683594
25 0.42457504272460933 0.7165191650390625 0.035346317291259755 0.052149391174316384
25 0.34603075981140136 0.715671157836914 0.03915700912475584 0.053351402282714844
13 0.4828657150268555 0.7615838050842285 0.06913127899169919 0.09441757202148438
52 0.6857441902160645 0.08863850831985473 0.06712150573730469 0.17727701663970946
51 0.5494164156626506 0.08878482680722893 0.06000564759036142 0.17060429216867468
1 0.6009818412162162 0.9272065033783783 0.048036317567567544 0.11982685810810811
2 0.5518897804054055 0.9293179898648648 0.05014780405405406 0.11877111486486491
5 0.3845294568574156 0.9282013836119554 0.056376067970150434 0.1216557434143869
