0 0.38629975318908694 0.8992044448852539 0.04568328857421872 0.16240310668945312
14 0.4339637756347656 0.25412654876708984 0.03254966735839848 0.05670509338378904
59 0.5545479774475097 0.5985019683837891 0.029374313354492254 0.08843631744384772
19 0.6060153007507324 0.25284638404846194 0.032647132873535156 0.060345077514648404
59 0.46283912658691406 0.5968973636627197 0.027791595458984353 0.0858256340026855
14 0.4675695419311523 0.25396156311035156 0.03263111114501954 0.05649652481079104
59 0.5231142520904541 0.5989108085632324 0.03015336990356443 0.08923149108886719
24 0.6396676063537597 0.3671102046966553 0.03598709106445308 0.06265935897827146
47 0.6324262142181396 0.1419324040412903 0.03213167190551758 0.0655076026916504
17 0.36482675075531007 0.2538125514984131 0.031876564025878906 0.056625175476074235
26 0.3041831493377686 0.6094930648803711 0.03175525665283202 0.05697822570800781
19 0.5721641540527344 0.2526606321334839 0.032505035400390625 0.05909562110900879
26 0.36855549812316896 0.6102517127990723 0.030399894714355447 0.05657892227172845
5 0.43411979675292967 0.898723030090332 0.045514869689941395 0.161376953125
26 0.4316393852233887 0.6103595733642578 0.031186676025390603 0.058122444152832076
59 0.6497537612915039 0.6033966064453125 0.028524780273437522 0.09803924560546873
16 0.36423545067126933 0.37033887826479395 0.03586272826561565 0.06611310885502736
26 0.2725866317749024 0.608841848373413 0.029595088958740245 0.055998039245605535
18 0.49979665829585146 0.3740545951403105 0.035050047360933756 0.07370571356553296
59 0.6179452419281006 0.5975665092468261 0.028926753997802757 0.09094944000244143
59 0.5868918418884277 0.598058032989502 0.028896331787109375 0.08911399841308587
54 0.5893636178778836 0.48047135824180504 0.03003768920898431 0.08647918701171864
17 0.3305294752120972 0.2533190011978149 0.033725357055664096 0.05653090476989747
26 0.3368818044662476 0.6097115516662598 0.03146929740905763 0.05707149505615239
16 0.33089385216052714 0.3705233390514667 0.030820468755868746 0.06724659112783576
16 0.2975118637084961 0.3720710277557373 0.032468318939208984 0.07102708816528325
59 0.4919983863830566 0.5988023757934571 0.028375625610351507 0.08877496719360345
54 0.5567752838134765 0.48122501373291016 0.030393218994140603 0.08995189666748044
17 0.29690279960632326 0.25359301567077636 0.029654884338378873 0.05568246841430666
26 0.3997627019882202 0.6106916904449463 0.030785226821899436 0.05697698593139644
16 0.4011589270371657 0.37000332795656643 0.030082277151254555 0.06678420947148245
17 0.2643782138824463 0.254072904586792 0.033524656295776334 0.05773220062255857
19 0.641390609741211 0.2532101154327393 0.034440231323242254 0.05889387130737306
25 0.6034184932708739 0.3671616554260254 0.03257188796997068 0.06143951416015625
18 0.5344640254974365 0.3742139064348661 0.03377180099487309 0.07338709097642165
25 0.5698224544525147 0.3719482898712158 0.03286809921264644 0.06949615478515625
2 0.28532509803771977 0.8947420120239258 0.05028362274169923 0.16182670593261728
14 0.502085628854223 0.25582118795578734 0.03240920951567494 0.06008202167878668
16 0.2644242763519287 0.3677542686462402 0.0313420295715332 0.0629605293273926
23 0.46536959134615385 0.3729607417033269 0.029296875 0.07138620890103853
47 0.5595643997192383 0.14233238697052003 0.0355400085449219 0.06819610595703125
47 0.5223615169525146 0.1419716715812683 0.03607091903686532 0.06913478374481201
47 0.5958379745483398 0.14213240146636963 0.033548927307128884 0.06662204265594483
14 0.3989680528640747 0.2541660308837891 0.03454995155334473 0.05714621543884274
52 0.5239904403686524 0.48403387069702153 0.030519104003906228 0.09336013793945314
23 0.4333776859136728 0.37019692751077504 0.03292123721196105 0.06489460651691142
32 0.3193605184555054 0.7272724151611327 0.03867478370666505 0.12078323364257815
47 0.45025925636291503 0.14279234409332275 0.0341056823730469 0.07295517921447753
33 0.27066267520662335 0.48955202102661133 0.02836710990421354 0.059958457946777344
47 0.48590431213378904 0.14134267568588257 0.03401718139648441 0.07135419845581055
56 0.41587601900100707 0.14241957664489746 0.032771086692810036 0.0711646556854248
28 0.553165340423584 0.9160415649414062 0.03775978088378906 0.12174949645996092
52 0.492403793334961 0.48153533935546877 0.02850170135498048 0.0881511688232422
19 0.5374870777130127 0.2548918962478638 0.035099697113037176 0.06177372932434083
51 0.4611083984375 0.47740020751953127 0.028744602203369163 0.08112621307373047
28 0.36138887405395503 0.7287189483642578 0.04132504463195802 0.12171039581298826
2 0.3374469757080078 0.8962237358093261 0.0480924606323242 0.15896339416503913
56 0.3801863854668705 0.14359615797019865 0.032771086692810036 0.0711646556854248
56 0.344496751932734 0.14320396419509823 0.032771086692810036 0.0711646556854248
56 0.3088071183985975 0.14241957664489743 0.032771086692810036 0.0711646556854248
56 0.27233309731426014 0.14281177041999782 0.032771086692810036 0.0711646556854248
55 0.6200112951807228 0.47705666415662656 0.026669176706827336 0.08196849899598402
55 0.6486414407630523 0.47823324548192775 0.026669176706827336 0.08196849899598402
34 0.3034474206349206 0.48806423611111116 0.03534226190476192 0.058593750000000056
32 0.27909873117480366 0.7272724151611327 0.03867478370666505 0.12078323364257815
28 0.40250729510658667 0.7270056808203982 0.04132504463195802 0.12171039581298826
31 0.44036281761882384 0.7376365893808181 0.031064862211331867 0.1050962017208199
31 0.4746110223726383 0.7400357018598178 0.03445710505229416 0.10972094825404866
28 0.5934850163693387 0.9153876414560104 0.03929802265222215 0.12024304227801497
28 0.5151285745331656 0.9160415649414062 0.03775978088378906 0.12174949645996092
28 0.4767457006146317 0.917187501912621 0.03801848397481833 0.12339764413136434
28 0.6352533157689427 0.9152469263983735 0.040957705637906905 0.12165019285438383
51 0.4305172839796687 0.4781845950697323 0.028744602203369163 0.08112621307373097
