14 0.2500166416168213 0.21845154762268065 0.030022335052490218 0.06907262802124023
16 0.2787865161895752 0.2861774444580078 0.028952789306640636 0.06052341461181643
23 0.40259690284729 0.22923052310943604 0.02733440399169923 0.06706171035766603
52 0.6267408814541129 0.4859126948042961 0.02286271383596017 0.07312833811357566
16 0.3426753759384155 0.22518792152404785 0.02952089309692385 0.06803007125854493
14 0.2193289041519165 0.21564271450042727 0.02875828742980957 0.06927809715270997
26 0.2603912353515625 0.40172581672668456 0.025238895416259788 0.05992546081542971
26 0.2881451606750488 0.402506160736084 0.02758932113647461 0.06056785583496094
16 0.281385850906372 0.22083253860473634 0.030436229705810558 0.0675898551940918
23 0.4002348899841308 0.29646968841552734 0.027860450744628895 0.06463632583618162
25 0.4294224739074707 0.23188109397888185 0.024056816101074185 0.06733822822570801
47 0.3728682518005371 0.4918646812438965 0.024600887298584007 0.058360671997070346
26 0.2337310791015625 0.40101022720336915 0.026245021820068354 0.05950489044189455
16 0.33949737548828124 0.29062299728393554 0.0304234981536865 0.05982747077941897
26 0.3163227319717407 0.40225507020950313 0.028031110763549805 0.06026761531829833
16 0.3086104393005371 0.2891810417175293 0.02889451980590818 0.06021261215209961
25 0.42842526435852046 0.2984668970108032 0.026128482818603527 0.06437935829162594
59 0.3720846176147461 0.39154906272888185 0.0252532958984375 0.08272418975830076
16 0.31240468025207524 0.22279441356658936 0.029061126708984364 0.06843547821044924
56 0.34618244171142576 0.4920429706573486 0.026347064971923795 0.05713176727294916
54 0.7212000370025635 0.4837118148803711 0.023848438262939475 0.07510414123535158
47 0.3988775730133057 0.4913496971130371 0.025544166564941406 0.059700965881347656
26 0.205803781747818 0.4007707715034485 0.02742489576339724 0.06208798885345457
18 0.370693302154541 0.29504895210266113 0.0287325382232666 0.0656791210174561
54 0.6970198631286622 0.4839757442474365 0.02213764190673828 0.07351188659667968
51 0.60220331733805 0.4856205360437944 0.02409621108806026 0.07124626311748922
18 0.37349393367767336 0.22743208408355714 0.02909855842590331 0.06827759742736816
28 0.35916357563763135 0.7868077371178603 0.028624068236932587 0.07209108399181818
59 0.3457228660583496 0.3910082817077637 0.026724815368652344 0.08118009567260742
15 0.18861099481582644 0.2826737403869629 0.02867505550384522 0.06701040267944339
31 0.4383254051208496 0.7908476829528808 0.0229214668273926 0.0636869430541992
59 0.4230660438537598 0.3926880359649658 0.024907398223876942 0.08166818618774419
52 0.6502426359740603 0.4853123568221184 0.023227352636597032 0.0719276621492202
56 0.319452166557312 0.491529655456543 0.025134229660034202 0.05814094543457038
59 0.39750492572784424 0.3921243190765381 0.024419832229614302 0.08257703781127929
15 0.18626971244812013 0.21262059211730955 0.032109165191650385 0.06846132278442382
14 0.2183732032775879 0.2843199491500854 0.027995014190673823 0.06590585708618163
51 0.6737690448760987 0.48456268310546874 0.02282152175903318 0.07237091064453127
14 0.24922393531334114 0.2867145294096412 0.028808546066284246 0.06297960281372073
59 0.44336490631103515 0.3931267261505127 0.015903949737548828 0.08074951171875
28 0.32823388576507573 0.7864132881164552 0.030389976501464855 0.07272777557373045
33 0.4261147103658537 0.49590320121951226 0.02429496951219512 0.0533536585365853
32 0.29654153963414637 0.7860137195121952 0.027153201219512146 0.07907774390243905
32 0.2689119664634147 0.7874428353658537 0.027153201219512146 0.07907774390243905
32 0.23937690548780496 0.7879192073170732 0.027153201219512202 0.07907774390243905
31 0.41486444415988866 0.7905544209408688 0.0229214668273926 0.0636869430541992
31 0.3887641250908196 0.7911409449648927 0.0229214668273926 0.0636869430541992
