25 0.3799308401639344 0.6745005122950819 0.028816598360655643 0.07204149590163933
25 0.4087474385245901 0.6712986680327868 0.028816598360655754 0.06563780737704927
25 0.4351626536885246 0.667296362704918 0.027215676229508157 0.06403688524590168
25 0.4623783299180328 0.6616931352459017 0.027215676229508268 0.06563780737704927
26 0.48719262295081966 0.6576908299180327 0.019211065573770503 0.06403688524590168
54 0.5094545077433628 0.643839878318584 0.02160536504424776 0.08814988938053103
52 0.5310598727876106 0.6386545907079646 0.021605365044247815 0.0898783185840707
52 0.5505047013274336 0.6356298396017699 0.017284292035398163 0.08728567477876104
25 0.3798223174778761 0.34093266039823006 0.02851908185840707 0.07172981194690264
25 0.3819828539823008 0.4770464601769911 0.029383296460176955 0.07086559734513276
25 0.40920561393805305 0.4757501382743362 0.026790652654867242 0.06827295353982299
25 0.43426783738938046 0.47531803097345127 0.025062223451327414 0.06913716814159288
25 0.4597621681415929 0.47661435287610615 0.024198008849557473 0.06308766592920356
25 0.48396017699115035 0.4787748893805309 0.020741150442477874 0.0639518805309735
25 0.5059976493362832 0.4787748893805309 0.02506222345132747 0.0639518805309735
25 0.5297635508849557 0.4800712112831858 0.0224695796460177 0.06135923672566379
25 0.5509368086283185 0.4796391039823008 0.021605365044247815 0.058766592920353966
25 0.40790929203539816 0.34611794800884954 0.027654867256637183 0.07000138274336282
25 0.4355641592920353 0.35130323561946897 0.027654867256637183 0.07000138274336282
25 0.4610584900442477 0.3560564159292035 0.02506222345132747 0.06568030973451322
25 0.4843922842920353 0.3586490597345132 0.02506222345132747 0.06568030973451322
25 0.5081581858407078 0.3638343473451327 0.022469579646017868 0.06395188053097345
25 0.5301956581858407 0.3659948838495575 0.023333794247787698 0.06308766592920356
25 0.5518010232300885 0.3685875276548672 0.023333794247787698 0.06308766592920356
25 0.380686532079646 0.22296736725663713 0.030247511061946897 0.06740873893805308
25 0.410069828539823 0.23160951327433627 0.030247511061946897 0.06740873893805302
25 0.4377246957964602 0.2372269081858407 0.028519081858407014 0.06481609513274333
25 0.4645153484513274 0.24500483960176989 0.02506222345132736 0.06135923672566368
25 0.4891454646017699 0.2519185564159292 0.024198008849557473 0.05963080752212385
25 0.5116150442477876 0.2584001659292035 0.020741150442477707 0.05703816371681414
25 0.5323561946902654 0.2661780973451327 0.020741150442477707 0.05703816371681414
25 0.45500898783185845 0.15166966261061948 0.02679065265486713 0.06135923672566368
25 0.48007121128318586 0.1603118086283186 0.02679065265486713 0.057902378318584025
25 0.5047013274336283 0.16852184734513276 0.024198008849557362 0.05876659292035391
25 0.528899336283186 0.17802820796460178 0.024198008849557362 0.05876659292035391
25 0.5500725940265487 0.18537403207964603 0.01987693584070771 0.05444551991150437
14 0.3759333517699115 0.12444690265486724 0.027654867256637183 0.06568030973451328
16 0.4031561117256637 0.13222483407079644 0.026790652654867242 0.06395188053097343
19 0.42908254977876104 0.14173119469026546 0.023333794247787643 0.05530973451327434
28 0.572479248046875 0.826263427734375 0.0274658203125 0.13580322265625
25 0.5567702571902654 0.2661780973451327 0.020741150442477707 0.05703816371681414
