25 0.4536402225494385 0.39148921966552735 0.09525299072265625 0.21535167694091795
25 0.2699834585189819 0.36745548248291016 0.07884650230407717 0.21672992706298833
25 0.28065748214721675 0.14089330434799194 0.09001808166503905 0.23646357059478756
25 0.359514045715332 0.38003125190734866 0.0833300590515137 0.21383209228515626
25 0.47791185379028317 0.16091840267181395 0.1076322555541992 0.24731945991516113
25 0.18381909132003785 0.12288345098495483 0.09266173839569092 0.24576690196990966
16 0.1818943381309509 0.35529651641845705 0.09300181865692139 0.21350879669189454
25 0.3739291191101074 0.15108067989349364 0.08943376541137699 0.24059672355651854
28 0.562469094508403 0.7854722229210107 0.08884981773995071 0.3171995575363572
28 0.4685881656738975 0.7759671108142749 0.0944959659495021 0.3362097817498285
28 0.6571271263066486 0.800833750155482 0.09484625414345937 0.3102307260403874
