18 0.7372073173522948 0.3201775074005127 0.03584156036376951 0.07426180839538576
18 0.5659354209899903 0.43119649887084965 0.03287563323974607 0.067305850982666
18 0.7725914478302002 0.3211658000946045 0.033867835998535156 0.07561821937561031
18 0.6951711654663086 0.43627371788024905 0.0309378623962403 0.0658520698547363
18 0.6322986602783203 0.43462376594543456 0.032181835174560525 0.06580553054809568
18 0.7024528503417968 0.3195567846298218 0.033168792724609375 0.07662954330444338
18 0.7271856307983398 0.4371997356414795 0.03268966674804685 0.06618652343750003
18 0.5703728675842286 0.31830027103424074 0.03278484344482424 0.07608928680419919
18 0.6031695365905761 0.3187626838684082 0.031345367431640625 0.07589406967163087
18 0.791746997833252 0.44022626876831056 0.03156394958496089 0.06794548034667969
18 0.5987689971923829 0.4334722518920898 0.03276119232177732 0.06571121215820314
18 0.759668731689453 0.4392289161682129 0.0314659118652344 0.06648616790771483
18 0.663886547088623 0.4350766181945801 0.030873012542724565 0.06622562408447269
54 0.4184854507446289 0.40113139152526855 0.02879390716552732 0.08820238113403323
18 0.5345745086669922 0.4306121349334717 0.029666709899902388 0.06810398101806642
18 0.6358822822570801 0.31938843727111815 0.0328271865844727 0.07681427001953123
17 0.25746521949768064 0.20118939876556396 0.03335227966308593 0.07398676872253418
18 0.6689939498901367 0.31937313079833984 0.032726287841796875 0.0766090869903564
56 0.7982304573059082 0.19598453044891356 0.035189247131347634 0.090108585357666
52 0.30530705451965334 0.5026228904724122 0.027610683441162076 0.08701267242431643
23 0.658081340789795 0.2014571189880371 0.033035659790039085 0.07915844917297363
18 0.8084552764892579 0.32167420387268064 0.03540935516357424 0.07660455703735353
41 0.32984652519226076 0.7958425521850585 0.040965747833251964 0.04338512420654295
16 0.1694912314414978 0.30076069831848146 0.0331639528274536 0.0750880241394043
17 0.22361342906951903 0.19915356636047363 0.033237457275390625 0.07371048927307128
19 0.20305030345916747 0.30141749382019045 0.0319314479827881 0.07291603088378906
19 0.27003493309021 0.3045672416687012 0.03243694305419925 0.07464780807495114
19 0.33301739692687987 0.30655994415283205 0.030182933807373025 0.07591876983642581
19 0.3636378288269043 0.3067904233932495 0.029485607147216764 0.07547268867492674
19 0.42560410499572754 0.30773980617523194 0.030287456512451127 0.07569489479064939
14 0.4231392860412597 0.20919837951660158 0.03132266998291017 0.0800100326538086
54 0.39263825416564946 0.5035307884216309 0.02614002227783202 0.08261632919311529
19 0.3018410682678223 0.3051809310913086 0.029457283020019542 0.07475786209106444
19 0.3945480823516846 0.3072741746902466 0.030847644805908236 0.07613744735717776
52 0.36036701202392574 0.4024403691291809 0.027701568603515636 0.08743207454681401
14 0.3241231441497803 0.20489637851715087 0.03197102546691899 0.07850022315979002
41 0.3814910650253296 0.7960927963256836 0.03946986198425295 0.0449546813964844
41 0.22934815883636472 0.8296123504638672 0.045456075668334955 0.03364448547363286
41 0.43141717910766597 0.835255241394043 0.042923736572265614 0.030353546142578125
41 0.4305859565734863 0.7968926906585694 0.03871765136718747 0.04518518447875974
14 0.35639152526855467 0.20568337440490722 0.031012821197509755 0.07911343574523927
17 0.15371580123901368 0.20053598880767823 0.03917551040649414 0.07700295448303224
54 0.38910250663757323 0.40196019411087036 0.02732858657836912 0.08739545345306399
41 0.27971251010894777 0.8315597534179687 0.04442586898803713 0.03288764953613277
14 0.3894979953765869 0.20707674622535704 0.03311138153076176 0.079183566570282
41 0.2779721260070801 0.7921271324157715 0.042186450958251964 0.04336872100830069
41 0.6889776229858398 0.8004123926162721 0.04633674621582029 0.05517687797546389
54 0.41985993385314946 0.5046628952026367 0.026613426208496105 0.08179130554199215
41 0.38150815963745116 0.834912109375 0.04161272048950193 0.029416656494140603
17 0.1905768275260925 0.19904543161392213 0.03371717929840087 0.07500407695770264
24 0.6923283576965332 0.20188846588134768 0.0333709716796875 0.08313927650451661
56 0.8355794906616211 0.19607900381088256 0.034205627441406206 0.08984754085540772
61 0.6549693584442139 0.6711544036865233 0.045660209655761674 0.05288896560668943
28 0.6663640022277832 0.5689469814300536 0.038339424133300715 0.11347970962524412
34 0.21902191638946533 0.5111400127410888 0.030188798904418945 0.0678072929382324
41 0.22580938339233397 0.7898594856262207 0.04461669921875 0.043936729431152344
41 0.7418716430664063 0.8005056619644164 0.04807510375976565 0.051564359664917014
34 0.21780836582183838 0.4125423550605774 0.030688095092773426 0.07107160091400144
28 0.7397329807281494 0.5732030868530273 0.03365345001220699 0.11406192779541025
52 0.3347557067871094 0.5029529094696045 0.0291459083557129 0.08730649948120117
41 0.7382420539855956 0.84580078125 0.04773483276367185 0.03664588928222656
14 0.2914270877838135 0.20363116264343262 0.03276634216308594 0.07801122665405275
19 0.23595781326293946 0.3023910999298096 0.03232851028442385 0.07353215217590331
23 0.5906989097595214 0.20055160522460935 0.032815742492675715 0.07805671691894531
61 0.6500447273254395 0.7212993621826171 0.04684104919433596 0.04467992782592767
41 0.33074221611022947 0.8339986801147461 0.04413766860961915 0.029094696044921875
52 0.3320076942443848 0.4021147727966309 0.027193737030029308 0.08736572265625003
54 0.445682430267334 0.5076671600341798 0.02265415191650394 0.08157196044921877
27 0.5422733306884766 0.5811967372894287 0.053408336639404363 0.05606555938720703
28 0.7048174381256104 0.5715010643005372 0.03674430847167964 0.11462020874023438
54 0.3645299434661865 0.5035941123962402 0.02824878692626953 0.0859618186950683
33 0.18825201988220214 0.5123696804046631 0.028755903244018555 0.06648616790771478
41 0.536195945739746 0.8357950210571289 0.04061203002929681 0.03901863098144531
41 0.685695743560791 0.8438661575317383 0.044791221618652344 0.033829116821289085
23 0.6241958618164063 0.20097895264625548 0.033260345458984375 0.07844284772872925
23 0.5558695793151855 0.20058961510658263 0.035269737243652344 0.07824715375900268
61 0.7048117637634277 0.6726997375488282 0.04429779052734373 0.05518550872802741
28 0.7768086433410645 0.5742578506469727 0.03880119323730469 0.11844139099121098
61 0.7004711627960205 0.7226445198059082 0.04648094177246098 0.044314670562744074
41 0.5843921661376953 0.8388042449951172 0.04567699432373051 0.037257385253906206
61 0.5978543281555175 0.7182992935180664 0.045370864868163996 0.048707771301269576
44 0.7523073196411133 0.732236099243164 0.0473230361938477 0.03644161224365228
61 0.5472983360290528 0.7139395713806153 0.04431171417236324 0.05320663452148433
46 0.43806762695312496 0.6869841575622558 0.0382526397705078 0.053510856628417924
44 0.7548690795898437 0.6954926967620849 0.045848083496093706 0.038609218597412176
46 0.386011528968811 0.6877372741699219 0.0635715961456299 0.05165729522705076
33 0.1870583653450012 0.4129034519195557 0.03008339405059815 0.06986799240112301
45 0.3854291677474976 0.6883448600769043 0.06354985237121585 0.05047798156738281
19 0.4492068290710449 0.3071922302246094 0.016700553894043013 0.07515535354614261
54 0.44438776744187936 0.4000561045471733 0.02281377724641881 0.0872075024441149
27 0.23361224112426032 0.5826322115384616 0.06876386834319523 0.04680565828402372
27 0.305265347633136 0.5843657544378699 0.06876386834319526 0.04680565828402372
27 0.38211908284023666 0.5817654400887573 0.0768537352071007 0.04853920118343191
27 0.604718521642967 0.5764285066424037 0.07081905878507189 0.050577982219718653
41 0.6358129349430051 0.840532674198657 0.04567699432373051 0.037257385253906206
23 0.5342216421230673 0.3170074106730851 0.035269737243652344 0.07824715375900271
58 0.27254971590909094 0.723544034090909 0.05089962121212116 0.03314393939393934
36 0.21824692234848483 0.723248106060606 0.05474668560606061 0.030776515151515138
36 0.3247810132575758 0.7247277462121211 0.05474668560606066 0.030776515151515138
