23 0.3899277925491333 0.2533987045288086 0.025661802291870095 0.04610137939453127
23 0.36443715095520024 0.25437097549438475 0.024092960357666005 0.046397018432617204
54 0.4871774673461914 0.3420670509338379 0.02359256744384769 0.06671295166015623
15 0.32789061069488523 0.17495341300964357 0.024074268341064464 0.04931535720825195
14 0.4034489631652832 0.1702508807182312 0.02484169006347653 0.04817485809326172
15 0.35326485633850097 0.17306417226791382 0.025909805297851585 0.047900938987731956
41 0.445676040649414 0.7207715511322021 0.04205493927001952 0.05348539352416992
41 0.3524901866912842 0.7186242103576661 0.04284858703613281 0.04830322265624998
24 0.5511894226074219 0.24737050533294677 0.02558135986328125 0.05065922737121581
15 0.37846851348876953 0.17154126167297362 0.023793792724609353 0.046801376342773454
59 0.419528865814209 0.4832771301269531 0.02235126495361328 0.07450942993164056
47 0.5923196792602539 0.3451499462127685 0.025639343261718683 0.05714292526245118
14 0.428602409362793 0.16894389390945436 0.024595642089843772 0.048900890350341814
28 0.5102419376373291 0.4690116882324219 0.03029356002807615 0.10436153411865234
41 0.35594649314880367 0.7678497314453125 0.040444087982177745 0.04672441482543943
16 0.5084067344665528 0.16374338865280152 0.025932693481445335 0.05006821155548094
55 0.38952908515930174 0.34360442161560056 0.02289724349975586 0.06595697402954098
16 0.5366082191467285 0.1622765302658081 0.026781845092773482 0.05050034523010255
41 0.4021785736083985 0.8174122810363769 0.04269771575927733 0.0455345153808594
47 0.5654295444488526 0.3460385322570801 0.02324810028076174 0.05598044395446777
41 0.44705877304077146 0.8202050209045411 0.040864372253417935 0.04482326507568357
25 0.4693605899810791 0.2505333423614502 0.02544622421264653 0.05004072189331055
41 0.3577944755554199 0.8156290054321289 0.040584850311279286 0.045753097534179776
59 0.39607028961181645 0.4829910755157471 0.02217416763305663 0.07528486251831057
31 0.5737597465515136 0.47389678955078124 0.028059959411621094 0.09260025024414065
41 0.4008124232292175 0.7687729358673097 0.041527581214904796 0.04645242691040041
14 0.45458478927612306 0.16726310253143312 0.025453472137451194 0.049594306945800776
16 0.5646176338195801 0.16092153787612917 0.025968170166015714 0.050182795524597174
41 0.39985210895538326 0.7188426971435546 0.04047684669494628 0.048707771301269465
41 0.4463699340820313 0.7725258350372315 0.04142112731933595 0.04557371139526367
25 0.416845703125 0.2527946472167969 0.02504272460937501 0.047065639495849576
25 0.4432029724121094 0.2523502349853516 0.025151824951171853 0.04850616455078122
28 0.5424242973327638 0.46821947097778316 0.03316078186035154 0.10221958160400385
59 0.3494406461715698 0.4840675830841064 0.023161602020263683 0.07691488265991209
52 0.4382779121398926 0.3434263229370117 0.023169612884521462 0.06579446792602539
14 0.4815530776977539 0.16539442539215088 0.027193832397460982 0.05044445991516111
24 0.5236618518829346 0.24780580997467042 0.026898002624511808 0.05100998878479007
42 0.5924049377441406 0.76628737449646 0.04161434173583989 0.031911277770996116
59 0.3730256795883179 0.4833361148834229 0.021981620788574185 0.07627506256103517
25 0.49619870185852055 0.24907183647155762 0.02726984024047857 0.0511937141418457
42 0.5919537544250488 0.7986545562744141 0.04155292510986319 0.03229598999023442
52 0.46252098083496096 0.3430166244506836 0.0225982666015625 0.0665620803833008
42 0.5916098594665528 0.7278919219970703 0.043196010589599654 0.03968944549560538
56 0.5401604652404786 0.34675800800323486 0.024417209625244074 0.05658268928527832
51 0.41363615989685054 0.3426666259765625 0.023343753814697277 0.06556777954101567
23 0.3390976905822754 0.2556894779205322 0.024767065048217796 0.048307466506958
32 0.4788940906524658 0.46919803619384765 0.031882476806640636 0.10367164611816404
42 0.5918279647827148 0.8311969757080078 0.04296112060546875 0.03162651062011712
56 0.5134270191192627 0.3478271484375 0.02457580566406259 0.05575952529907224
51 0.38953185081481934 0.3428346633911133 0.023355388641357444 0.06482372283935545
32 0.446701355918823 0.4684383221898213 0.029727308242675277 0.10316680502221293
16 0.5912868105264074 0.16092153787612917 0.025968170166015714 0.050182795524597174
33 0.5786348519076305 0.245074046184739 0.028630145582329347 0.05098519076305222
31 0.6019976983587426 0.47742653352668485 0.028059959411621094 0.0926002502441407
46 0.3786160266064257 0.5696143950803214 0.06157442269076302 0.033336470883534086
46 0.44038654618473894 0.5717714608433735 0.058044678714859466 0.03451305220883527
46 0.5015687751004015 0.5643197791164659 0.058044678714859355 0.03451305220883527
46 0.5721636546184738 0.5749090110441768 0.05804467871485941 0.03451305220883527
44 0.5476515436746988 0.6382483057228916 0.03647402108433728 0.042749121485943675
44 0.5911850527108434 0.6409936621485943 0.03647402108433728 0.042749121485943675
36 0.501960968875502 0.6413858559236948 0.05020080321285153 0.03568963353413657
36 0.4535250376506025 0.6400131777108433 0.04745544678714875 0.03294427710843373
36 0.4086188504016065 0.638640499497992 0.04314131526104431 0.0333364708835342
36 0.3633328358478961 0.6392870892353197 0.046321264788885375 0.03111050621404543
