18 0.473900842666626 0.3278163433074951 0.04075641632080079 0.08930702209472657
0 0.4790631294250488 0.8686614990234375 0.045551586151123036 0.1258632659912109
18 0.4315485000610352 0.33041245937347413 0.041409587860107455 0.08969559669494631
24 0.540857696533203 0.7100582599639893 0.031850910186767556 0.05356302261352541
2 0.4338413715362549 0.8659255981445313 0.04208040237426758 0.1218284606933594
17 0.29472851753234863 0.20452404022216797 0.04106359481811528 0.09553947448730471
54 0.4563909530639648 0.4313627362251282 0.03311214447021488 0.0985646963119507
59 0.5601990699768067 0.43082275390625 0.035138511657714866 0.0996847152709961
24 0.5736433982849121 0.7095565795898438 0.032190799713134766 0.054671859741211026
56 0.5153815269470214 0.32169263362884526 0.037070846557617165 0.09530715942382811
19 0.309824275970459 0.3313734531402588 0.0382200241088867 0.08941268920898438
26 0.5706302642822265 0.7770426273345947 0.029845809936523415 0.04915952682495117
47 0.5564822196960449 0.3200176954269409 0.038418579101562544 0.09777379035949707
19 0.26940901279449464 0.332892107963562 0.04208970069885254 0.0898872375488281
16 0.5956689834594726 0.21073362827301023 0.04399871826171875 0.10168337821960446
59 0.5251779556274414 0.43079614639282227 0.03330516815185547 0.09900112152099605
15 0.46465396881103516 0.20600491166114807 0.0425437927246094 0.0976949572563171
26 0.39068031311035156 0.7762427806854248 0.02856922149658203 0.04731693267822268
16 0.5513430595397949 0.2107898473739624 0.040742683410644576 0.10067524909973144
26 0.36112363338470455 0.7772868156433106 0.02876896858215333 0.04596920013427741
1 0.38632543087005616 0.8643681526184082 0.04143977165222168 0.12433853149414065
26 0.5390837669372559 0.7770491600036621 0.03000221252441404 0.047909545898437544
26 0.5079442024230957 0.7773738384246827 0.029242992401123047 0.048979663848876975
16 0.5090935707092286 0.20969367623329163 0.040926933288574274 0.10063875913619996
29 0.45021519660949705 0.5814394950866699 0.05476779937744142 0.1807348251342773
25 0.5086935043334961 0.7103103637695313 0.029901123046874978 0.051931571960449174
14 0.33790812492370603 0.20728847980499265 0.04298028945922855 0.1008493900299072
51 0.34995665550231936 0.4317849278450012 0.03377470970153812 0.09601914882659912
26 0.41995716094970703 0.7764670848846436 0.028010177612304732 0.04872140884399423
26 0.449147891998291 0.7762868881225586 0.02751932144165037 0.04757957458496087
17 0.24948678016662598 0.20619468688964843 0.046820259094238315 0.0983281135559082
23 0.3889249563217163 0.3310819625854492 0.04108176231384275 0.08838968276977538
14 0.38180222511291506 0.20815546512603758 0.03988246917724608 0.09963660240173339
26 0.4779819488525391 0.7766522407531737 0.028679370880126953 0.04874286651611326
52 0.3860222101211548 0.43168091773986816 0.03556876182556157 0.09788208007812504
15 0.42183494567871094 0.20627527236938478 0.03934211730957027 0.09786195755004884
25 0.47833976745605467 0.709382963180542 0.02850484848022461 0.05356054306030267
54 0.42162036895751953 0.43123717308044435 0.03369979858398442 0.09849014282226565
28 0.4031339526176453 0.6068673133850098 0.037029099464416515 0.1260759353637695
29 0.5524107933044433 0.5827857971191406 0.05059471130371096 0.18391532897949225
29 0.5029231548309326 0.5806975364685059 0.04559173583984372 0.1794719696044922
26 0.3302743434906006 0.7801183223724365 0.029916477203369096 0.04576044082641606
28 0.36312934225552707 0.6060119145537076 0.04161374699579529 0.12442751061426449
25 0.35525834560394287 0.7077982902526856 0.0303830146789551 0.053816795349121094
25 0.32234165668487547 0.7096720218658448 0.03336691856384277 0.053584384918212824
25 0.44824848175048826 0.7090784549713135 0.028918647766113248 0.0540674209594727
25 0.38704934120178225 0.7080506801605224 0.030869483947753906 0.05454959869384768
25 0.41809535026550293 0.7075852394104004 0.029239749908447243 0.054812622070312456
59 0.5949041366577148 0.4300425052642822 0.03280277252197272 0.09939861297607422
5 0.523623039158246 0.8658658078608622 0.04631010011862258 0.12156642011103735
23 0.3483295440673828 0.3304373741149902 0.03852024078369143 0.08830337524414061
8 0.3401661396026611 0.8647184371948242 0.04442539215087893 0.12130508422851571
55 0.49087389380530966 0.43081097898230086 0.031111725663716783 0.09765625
11 0.5693284828244275 0.8628563334923665 0.043609852099236734 0.11778387404580148
