34 0.2524987459182739 0.6147568702697754 0.02592501640319822 0.05798282623291018
34 0.22502353191375732 0.615170955657959 0.027647686004638683 0.0577392578125
47 0.796013355255127 0.31347227096557617 0.030534744262695312 0.08115658760070799
47 0.763613224029541 0.31386945247650144 0.031069183349609286 0.0806020259857178
18 0.5767961502075196 0.46670236587524416 0.02886905670166018 0.06259574890136715
23 0.6359440326690674 0.4649345397949219 0.0294702529907227 0.06262741088867185
56 0.5686822891235351 0.32413496971130373 0.030010700225830078 0.08546142578124999
34 0.27953310012817384 0.613856029510498 0.026336526870727517 0.05877876281738281
52 0.38865232467651367 0.6010189056396484 0.025632286071777366 0.07633771896362296
56 0.6973962783813477 0.31693458557128906 0.0314123153686523 0.08150815963745117
47 0.7312252998352051 0.31469264030456545 0.030319404602050848 0.08034753799438477
56 0.6002590179443359 0.32254848480224607 0.0313720703125 0.08334684371948242
56 0.6338075160980224 0.32103848457336426 0.030892562866210893 0.08167619705200191
46 0.2790746927261353 0.8383209228515625 0.061330938339233365 0.06109085083007815
56 0.5386760711669922 0.3250077724456787 0.027087593078613303 0.08336234092712402
15 0.23671483993530273 0.3899468183517456 0.029786777496337874 0.06607851982116697
34 0.30755906105041503 0.6121911525726318 0.02794504165649414 0.06085491180419922
56 0.6659146308898926 0.3190033435821533 0.030118274688720748 0.08105735778808598
15 0.2663553237915039 0.3883985996246338 0.0290194511413574 0.065212345123291
61 0.6253097534179688 0.721108865737915 0.0443092346191406 0.04250898361206057
61 0.5769634246826172 0.7221384048461914 0.04254360198974605 0.04349327087402344
26 0.23068056106567383 0.7038575649261475 0.026311206817626942 0.052010536193847656
25 0.6662440299987793 0.4647559642791748 0.029141616821289018 0.06422567367553711
19 0.31819512844085696 0.522927713394165 0.02755699157714847 0.06057033538818357
26 0.3855319023132324 0.6959683418273925 0.02565908432006836 0.05213518142700202
18 0.5467454433441161 0.4678943634033203 0.029093170166015647 0.0634603500366211
15 0.35356388092041013 0.38462100028991697 0.030895233154296875 0.06639719009399414
16 0.2891715049743653 0.5230484008789062 0.028469276428222667 0.06040744781494145
26 0.35989637374877925 0.6973458290100097 0.025068950653076183 0.0512598037719727
26 0.3346575736999512 0.6987444877624511 0.0245819091796875 0.05199222564697259
25 0.7571334838867188 0.46168670654296873 0.0293634414672852 0.06744346618652347
26 0.3091713905334473 0.6999567031860352 0.025330066680908203 0.05231399536132819
61 0.5753155708312988 0.6718200683593749 0.04299716949462895 0.056073570251464866
54 0.4159447193145752 0.6000552177429199 0.025984382629394565 0.07699012756347656
25 0.7269728660583497 0.4627574920654297 0.03028316497802741 0.06589698791503906
26 0.4116897463798523 0.6948325157165527 0.025176072120666526 0.053175926208496094
19 0.43160362243652345 0.5203413486480712 0.027252578735351585 0.06179351806640632
41 0.5596259117126465 0.8189094543457032 0.039267539978027344 0.04857978820800779
19 0.34632441997528074 0.5220678329467774 0.02791481018066405 0.06107339859008787
61 0.6254393577575683 0.6714601516723633 0.04357452392578132 0.05464439392089848
26 0.2571787118911743 0.7023095130920409 0.02585005760192871 0.051625633239746116
26 0.28353712558746336 0.7012896537780762 0.024990272521972667 0.05147914886474614
41 0.6551612854003906 0.8545320510864258 0.04069995880126953 0.03990020751953127
16 0.23088436126708983 0.5237751007080078 0.02810134887695312 0.06164474487304683
59 0.4374382972717285 0.6856086730957032 0.02517757415771482 0.06845226287841799
44 0.7666192531585694 0.6917872905731202 0.04187612533569329 0.031626224517822266
55 0.44162306785583494 0.6008601188659668 0.023533153533935536 0.07480144500732422
14 0.41497039794921875 0.3838010311126709 0.030222320556640647 0.0708280563354492
41 0.7009922981262207 0.8114209175109863 0.041572952270507835 0.04303340911865239
15 0.2944448947906494 0.3868897438049317 0.028758811950683583 0.06406860351562499
41 0.7511778831481933 0.8107475280761719 0.04059677124023442 0.04035587310791011
41 0.6543459415435791 0.8118085861206055 0.039038658142089844 0.04256324768066411
16 0.25968132019042967 0.5234494209289551 0.02946243286132816 0.06194286346435551
16 0.20167303085327148 0.5251431941986084 0.030254554748535167 0.061973953247070335
17 0.17189781665802 0.39426145553588865 0.032812547683715804 0.06812267303466796
41 0.6092318534851074 0.8168354988098144 0.040995788574218706 0.046209526062011674
14 0.4449623107910156 0.3819642305374146 0.029058456420898438 0.06990551948547363
25 0.6961013317108153 0.4639989852905273 0.029575920104980447 0.06450672149658204
44 0.7646048069000244 0.7235270500183105 0.041936302185058505 0.029236793518066406
14 0.3843557357788086 0.3848488807678223 0.029256820678710938 0.06948261260986327
41 0.7004627227783203 0.8515295028686524 0.040715694427490234 0.037977409362792924
17 0.2052124559879303 0.39139366149902344 0.032825553417205805 0.0673042297363281
19 0.37460837364196775 0.5216803550720215 0.027716255187988315 0.06155643463134769
31 0.711232852935791 0.5748200416564941 0.03077278137207029 0.09489517211914067
15 0.3234338998794556 0.3859415531158447 0.028451776504516635 0.06527576446533201
28 0.6775481224060058 0.5709479331970215 0.03502283096313474 0.10471153259277344
24 0.7885024070739746 0.46066131591796877 0.030228042602539085 0.06871433258056642
23 0.6063038825988769 0.4656085014343262 0.028280448913574285 0.06234798431396488
55 0.46369166374206544 0.6028244972229004 0.0196533203125 0.0721815109252929
28 0.6072864532470703 0.5728651046752931 0.034708404541015536 0.10575447082519529
28 0.6419526100158691 0.5714963912963867 0.03333683013916011 0.10632133483886719
41 0.6089858531951904 0.8591760635375977 0.040589332580566406 0.03964729309082027
46 0.34245090484619145 0.836973762512207 0.059926795959472645 0.05864143371582031
41 0.6988182544708252 0.8854550361633301 0.041369152069091863 0.030313301086425826
51 0.3620136737823486 0.6015361309051515 0.02508506774902347 0.07503757476806638
41 0.7496988296508789 0.8513740539550781 0.0453413009643554 0.041540336608886674
19 0.45701942443847654 0.5187217235565186 0.023488235473632824 0.060114383697509766
31 0.7429473876953125 0.5747303009033203 0.030035400390625022 0.0937129974365234
46 0.4059881687164306 0.8365468978881836 0.06259326934814452 0.0593372344970704
59 0.46356563568115233 0.6833368301391602 0.025604629516601585 0.06830558776855467
41 0.7451857089996339 0.8861595153808594 0.04314222335815432 0.02926712036132817
44 0.7671395301818847 0.6575268745422364 0.03965835571289067 0.03695564270019536
19 0.40298914909362793 0.5212743282318115 0.02823419570922847 0.06079359054565425
44 0.7180755615234375 0.7234983444213867 0.0424781799316406 0.027664375305175737
41 0.653490161895752 0.8879766464233398 0.0400672912597656 0.027475738525390536
41 0.6073385238647462 0.891156005859375 0.04061756134033201 0.0270233154296875
32 0.5725310983009708 0.5711089199029127 0.032236043689320426 0.10713743932038844
31 0.7754285497572815 0.574901395631068 0.028443567961165095 0.08438258495145623
44 0.7187781244730778 0.692585574637214 0.0424781799316406 0.027664375305175737
44 0.7222909392212793 0.660970241903401 0.0424781799316406 0.027664375305175737
44 0.6773269104443007 0.6616728048530413 0.0424781799316406 0.027664375305175737
44 0.6759217845450203 0.6918830116875736 0.0424781799316406 0.027664375305175737
44 0.673111532746459 0.7213906555724657 0.0424781799316406 0.027664375305175737
58 0.26017350652610444 0.7894390060240963 0.045102284136546184 0.01882530120481929
36 0.3072367595381526 0.7898311997991969 0.045102284136546156 0.01882530120481929
36 0.3062562751004016 0.7508079191767069 0.04392570281124497 0.026276982931726867
58 0.26076179718875503 0.7545337600401607 0.04314131526104409 0.024316014056224966
