14 0.36873593330383303 0.5403474807739257 0.047158241271972656 0.10585460662841795
14 0.458891487121582 0.5225416660308838 0.042242622375488315 0.10210371017456055
16 0.21840968132019045 0.574277925491333 0.053578281402587885 0.1228512763977051
16 0.2868142366409302 0.6739661216735839 0.04773287773132323 0.1144178390502929
14 0.3804579257965088 0.6472670555114746 0.042963600158691384 0.10240287780761725
14 0.4150104999542236 0.5310507774353028 0.04227600097656248 0.10223140716552737
14 0.46558680534362795 0.6250847816467285 0.040153408050537076 0.0973861694335938
14 0.42411365509033205 0.6347589015960693 0.0405437469482422 0.10318212509155267
16 0.159133243560791 0.5882538795471192 0.06139645576477051 0.12735462188720703
16 0.18002766370773315 0.7127503871917724 0.06115305423736572 0.12617902755737298
16 0.33397617340087893 0.6588577270507812 0.04622182846069339 0.1091493606567383
17 0.5396832466125487 0.5973200798034668 0.03484668731689455 0.09742527008056645
16 0.23681488037109374 0.6899110794067382 0.05197925567626954 0.11709728240966799
17 0.503893518447876 0.604957675933838 0.035142326354980435 0.10129318237304685
17 0.5755502700805664 0.5859188556671142 0.033179283142089844 0.09522771835327148
18 0.6737478256225586 0.5577796936035155 0.031402587890625 0.09074535369873049
25 0.842556381225586 0.4284202098846436 0.025044250488281294 0.08223409652709962
25 0.8157557487487793 0.4311987400054932 0.027583312988281206 0.08402614593505858
17 0.6084673881530762 0.5763665199279785 0.031062889099121027 0.09413528442382812
18 0.7040040969848633 0.45723533630371094 0.03075532913208001 0.0891025543212891
16 0.2703655242919922 0.5597267150878906 0.04923543930053709 0.1178537368774415
18 0.7066051483154296 0.5484668731689453 0.031945323944091775 0.08869247436523431
16 0.31917414665222166 0.5497401237487793 0.04772920608520509 0.11297950744628904
18 0.7324792385101317 0.45067825317382815 0.025649166107177712 0.08418006896972657
17 0.6409309387207032 0.5680047512054444 0.0318525314331054 0.09184579849243169
18 0.7459442615509033 0.5327491760253906 0.045062351226806685 0.08106269836425778
24 0.7845409393310547 0.4371817111968994 0.028765964508056574 0.08399324417114262
25 0.8440313339233398 0.5071646690368652 0.022916030883789018 0.07939939498901366
17 0.49444291360916637 0.5057263251273861 0.035142326354980546 0.10129318237304646
17 0.5312827089781402 0.49756369539486445 0.03484668731689455 0.097425270080566
17 0.570299934059061 0.4866875048606625 0.033179283142089844 0.0952277183532712
17 0.605317186540173 0.4792353035301289 0.031062889099121027 0.09413528442382774
18 0.6714520136515301 0.46668594114242057 0.03075532913208001 0.08910255432128905
24 0.7575289818548386 0.44562366854759955 0.02205141129032251 0.09037648682953214
24 0.78979127535256 0.523812255551738 0.028765964508056574 0.08399324417114262
24 0.8186540390855521 0.5180783056443736 0.026693998870029323 0.08407608360372576
