0 0.5378393173217774 0.22790277004241943 0.0639657974243164 0.22705998420715334
14 0.32984180450439454 0.5018645286560058 0.039635086059570335 0.06757411956787113
19 0.6064554691314697 0.5791451454162597 0.03297300338745113 0.051946067810058616
14 0.5282403469085694 0.4037495493888855 0.039160728454589844 0.06557848453521725
14 0.4494365692138672 0.40222595930099486 0.039650917053222656 0.06669828891754148
14 0.6039658546447755 0.4048075795173645 0.03692016601562498 0.06574723720550535
14 0.48900041580200193 0.402571189403534 0.037372589111328125 0.06685049533843995
14 0.5665449142456054 0.4043601036071777 0.036124801635742165 0.06587553024291992
16 0.369441556930542 0.49773192405700684 0.03734912872314455 0.060941886901855424
19 0.5725666522979737 0.5781712532043457 0.03235511779785161 0.05384120941162118
25 0.3713654041290283 0.6543447017669677 0.03190860748291019 0.04653396606445315
26 0.43467082977294924 0.6534024715423584 0.030318737030029297 0.04341478347778316
29 0.3393775463104248 0.809774374961853 0.044986438751220714 0.13193440437316895
14 0.6424983024597168 0.4045802116394043 0.03944759368896478 0.0653693199157715
19 0.5077423095703125 0.57815523147583 0.03259925842285161 0.05345363616943366
16 0.4079496502876282 0.49746937751770015 0.036567091941833496 0.05953054428100585
16 0.48214545249938967 0.4978897094726562 0.03560466766357423 0.05585651397705077
19 0.5398272514343262 0.5782267093658447 0.030716133117675737 0.05354042053222652
2 0.40226140022277834 0.2195035398006439 0.06606025695800782 0.23118840456008913
13 0.6710471153259276 0.26990622878074644 0.08053550720214842 0.14481183290481567
16 0.5180437088012695 0.497927474975586 0.03450641632080076 0.05718345642089845
26 0.5472116947174073 0.7075647354125976 0.02711496353149412 0.039726638793945335
16 0.4452341079711914 0.4973615169525146 0.03601541519165041 0.058349704742431674
26 0.4609504699707031 0.7111752510070801 0.027932739257812533 0.04112644195556647
26 0.4034476757049561 0.654391384124756 0.030587005615234364 0.044294452667236306
19 0.3369652032852173 0.5792726516723633 0.03441734313964839 0.05238990783691411
26 0.37197904586791997 0.7149531364440918 0.029121208190917958 0.04095916748046868
19 0.4745923042297363 0.5780072212219238 0.03239383697509762 0.05230522155761719
19 0.40685381889343264 0.5783440113067627 0.033183670043945346 0.052334499359130815
19 0.3719703912734985 0.5782355308532715 0.03493185043334962 0.052519798278808594
26 0.5262803077697754 0.6506918907165528 0.028789710998535112 0.043399047851562456
16 0.5528279304504394 0.49751758575439453 0.03385143280029301 0.05757617950439453
16 0.5877229690551757 0.49743785858154294 0.03509864807128904 0.05758533477783201
19 0.44099407196044926 0.5782272338867187 0.03346614837646483 0.0521619796752929
26 0.49618005752563477 0.650949764251709 0.02999668121337895 0.04349822998046882
26 0.46553010940551753 0.6525896072387696 0.0296462059020996 0.04308776855468743
17 0.32696309089660647 0.40378990173339846 0.04038543701171876 0.07991647720336914
16 0.6241665363311768 0.49670953750610347 0.036120128631591863 0.05656528472900385
26 0.40213174819946285 0.7139794826507568 0.029143619537353505 0.04102745056152335
25 0.3376352787017822 0.655637264251709 0.03379421234130864 0.04803600311279288
17 0.4089139461517334 0.40125813484191897 0.03817415237426758 0.06666507720947262
26 0.5558350563049317 0.6504904747009277 0.02885704040527337 0.0435060501098633
2 0.4698688507080078 0.22384065985679627 0.06670436859130857 0.22575246095657348
26 0.4902209281921387 0.7099415779113769 0.028677749633789107 0.04056138992309577
0 0.599769401550293 0.23125051856040954 0.06005916595458982 0.22391606569290162
17 0.36862187385559086 0.4001045227050781 0.038858604431152355 0.0674863815307617
26 0.5192869186401368 0.7088650226593017 0.02781124114990241 0.04049463272094722
26 0.340607738494873 0.7162886619567871 0.03177032470703128 0.04243211746215825
8 0.331468152999878 0.21448025703430174 0.07269163131713868 0.24291458129882812
26 0.5859698295593261 0.6496801376342773 0.029102897644042947 0.041730308532714755
28 0.381944465637207 0.8266597509384155 0.03680896759033203 0.08978123664855964
26 0.43172283172607423 0.712770938873291 0.02846240997314453 0.041283035278320224
26 0.5769224166870117 0.706785774230957 0.03035736083984375 0.039505958557128906
