17 0.21263744212962965 0.34827112268518523 0.024594907407407413 0.060040509259259245
17 0.2368706597222222 0.34790943287037035 0.024594907407407357 0.060040509259259245
17 0.2621889467592593 0.34899450231481477 0.024594907407407385 0.060040509259259245
17 0.2866030092592593 0.34989872685185186 0.022786458333333315 0.058232060185185175
15 0.3110170717592593 0.3509837962962963 0.024594907407407385 0.06040219907407407
15 0.33669704861111116 0.3524305555555555 0.024594907407407385 0.06040219907407407
15 0.3594835069444444 0.35279224537037035 0.020254629629629595 0.06112557870370372
14 0.38263165509259256 0.3546006944444444 0.023871527777777735 0.06329571759259262
26 0.4072265625 0.3546006944444444 0.023871527777777735 0.06329571759259262
14 0.3619753147354259 0.4412245563619802 0.026275002298101313 0.05815332409914431
14 0.31641330099277976 0.4398056746389892 0.02291572653429602 0.05887578971119134
18 0.3870995036101083 0.43874802572202165 0.021152978339350148 0.05958088898916969
18 0.4086050315884477 0.439453125 0.021152978339350148 0.05958088898916969
16 0.29206175791556727 0.43867496701846964 0.024478479551451215 0.0584906827176781
16 0.2665526055408971 0.4384172988126649 0.024478479551451215 0.0584906827176781
16 0.24145013948438876 0.4357126415457344 0.02426117936455585 0.0556580502418646
16 0.2170803100263852 0.43519644624010556 0.02396314313984166 0.05411032321899739
19 0.5056976512738853 0.4424076930732484 0.02177050159235666 0.057536325636942665
19 0.5296452030254777 0.44287420382165604 0.023014530254777177 0.058469347133757954
25 0.5540592655254777 0.4438072253184713 0.023325537420382236 0.06095740445859871
25 0.57800681727707 0.4434962181528662 0.023325537420382236 0.06095740445859871
25 0.6016433618630574 0.4434962181528662 0.023325537420382236 0.06095740445859871
24 0.6476724223726115 0.4445847432324841 0.023947551751592355 0.06002438296178342
24 0.6245023885350318 0.44474024681528657 0.021770501592356606 0.06095740445859871
24 0.6722419884554139 0.4436517217356688 0.023947551751592355 0.06002438296178342
34 0.24644672439759036 0.5223550451807228 0.024708207831325296 0.05647590361445787
54 0.4031281375502008 0.5152955572289156 0.021178463855421714 0.07294804216867473
54 0.42273782630522083 0.5158838478915663 0.018825301204819345 0.07098707329317272
26 0.22311119477911648 0.603539156626506 0.025100401606425682 0.05569151606425704
26 0.27291980421686746 0.6047157379518073 0.023531626506024084 0.05333835341365467
26 0.24821159638554216 0.6051079317269078 0.023531626506024084 0.05333835341365467
26 0.29586314006024095 0.605500125502008 0.02000188253012053 0.05333835341365456
26 0.31664941014056225 0.6058923192771084 0.02000188253012053 0.05333835341365456
26 0.33939664909638556 0.6068728037148595 0.023923820281124553 0.05373054718875503
26 0.36233998493975905 0.606480609939759 0.022747238955823368 0.054514934738955856
59 0.38508722389558236 0.595695281124498 0.01960968875502006 0.067457329317269
59 0.40587349397590355 0.593734312248996 0.01960968875502006 0.067457329317269
59 0.4243066014056225 0.593734312248996 0.01960968875502006 0.067457329317269
26 0.22605264809236947 0.6643291917670684 0.01843310742971882 0.051769578313252906
26 0.2482115963855421 0.6647213855421688 0.023531626506024084 0.05333835341365467
26 0.2711549322289156 0.6655057730923695 0.02000188253012053 0.05333835341365456
26 0.29292168674698793 0.6657018699799198 0.02196285140562254 0.0529461596385542
26 0.31566892570281124 0.6672706450803213 0.02196285140562254 0.05294615963855431
26 0.3380239708835342 0.6664862575301205 0.02196285140562254 0.054514934738955856
26 0.36116340361445787 0.6672706450803212 0.02196285140562254 0.054514934738955856
26 0.3835184487951807 0.6680550326305221 0.02196285140562254 0.054514934738955856
26 0.4066578815261044 0.6684472264056225 0.02196285140562254 0.054514934738955856
46 0.23596643518518517 0.7263575424382716 0.03436053240740741 0.06269290123456794
46 0.2772593557098766 0.727563175154321 0.04822530864197533 0.059076003086419804
46 0.3233748070987654 0.7290702160493827 0.04400559413580246 0.05967881944444453
46 0.3679832175925926 0.7305772569444444 0.04279996141975306 0.059076003086419804
46 0.4104817708333333 0.7314814814814815 0.04099151234567899 0.05606192129629628
41 0.23932444814606274 0.7980211656969469 0.03866529289706369 0.047618907970470525
41 0.28063366100475473 0.7997725916020186 0.04050632663913911 0.04848240167250584
41 0.31864868940984203 0.8037735779824208 0.03455335875795573 0.05133112335614598
41 0.365816261274538 0.8037679616809486 0.03726790446955763 0.051319890753201314
41 0.41305954391891886 0.8030717892371537 0.03343186936936937 0.04012443433016333
41 0.41190914221513175 0.8472339527027026 0.0366124588129797 0.04574887387387383
41 0.4112230720303637 0.8931258732691025 0.03556616512345684 0.044608410493827244
41 0.3680501790853353 0.8946754371559059 0.03811135354104106 0.03884450857107091
41 0.3661747685185185 0.8535517939814816 0.03556616512345684 0.044608410493827244
41 0.32174429779302394 0.89216109228581 0.0347164119440726 0.04104961512717531
41 0.321264949845679 0.8505377121913581 0.036168981481481455 0.04099151234567899
41 0.2817804783950617 0.8927348572530867 0.03556616512345684 0.044608410493827244
41 0.2794832593009676 0.8482893700992662 0.03556616512345684 0.044608410493827244
41 0.2415058287454121 0.8450634879671342 0.03556616512345678 0.044608410493827244
41 0.24331427781948622 0.8904376381589925 0.03556616512345692 0.044608410493827244
61 0.529986813722177 0.7288678105569072 0.036771797839506015 0.054856288580246826
61 0.5290848272999277 0.7812077445830867 0.03892353233708157 0.04847274281580849
61 0.5703414087844686 0.729902938646143 0.03589837413828034 0.05278603240177504
61 0.569856295620438 0.7829892791970803 0.037779425182481785 0.04918453467153283
56 0.5190737612612613 0.3503747888513513 0.027273367117117142 0.0690632038288288
56 0.5461271818693694 0.3510346283783784 0.025073902027027084 0.0686233108108108
56 0.5729606559684683 0.3501548423423424 0.025073902027027084 0.0686233108108108
56 0.5993542370495495 0.3510346283783784 0.025073902027027084 0.0686233108108108
47 0.6250879786036035 0.3523543074324324 0.0202350788288288 0.06686373873873874
47 0.6490621480855856 0.3519144144144144 0.02331432995495486 0.06598395270270269
47 0.6725964245495495 0.35147452139639634 0.0202350788288288 0.06686373873873874
47 0.6970104870495495 0.3516944679054054 0.025073902027026973 0.06642384572072074
45 0.513575098536036 0.8639468112124362 0.050587697072072 0.061591174872424714
45 0.5674619932432432 0.8619703688063063 0.055426520270270174 0.06202491554054046
45 0.6239882460585586 0.8615304757882882 0.05674619932432445 0.06202491554054057
45 0.6797316123487999 0.8606506897522521 0.05210117514805024 0.06026534346846846
32 0.5062702783469946 0.5266820355191257 0.02214608948087432 0.09178620218579236
32 0.5328189036885247 0.5274824965846995 0.028816598360655754 0.0923198428961749
32 0.5624359631147542 0.526948855874317 0.028816598360655754 0.0923198428961749
32 0.5923198428961749 0.5266820355191256 0.028816598360655754 0.0923198428961749
32 0.5881841273907104 0.6332767674180328 0.02588157445355188 0.09045210040983609
32 0.5617689122267759 0.6326097165300546 0.02534793374316946 0.09018528005464488
32 0.5361541581284153 0.6310087943989071 0.02534793374316946 0.09018528005464488
32 0.5105394040300546 0.6323428961748634 0.02534793374316946 0.09018528005464488
42 0.6519214527027026 0.7869686092342342 0.036071227477477485 0.030792511261261257
42 0.6904120917792792 0.7889481278153152 0.03651112049549554 0.0294728322072072
42 0.6912918778153153 0.7594752956081081 0.03563133445945943 0.027713260135135198
42 0.6923916103603603 0.7280229448198199 0.036071227477477485 0.03079251126126137
42 0.6530211852477477 0.7563960444819819 0.03475154842342332 0.02947283220720731
42 0.6552206503378378 0.7264833192567567 0.03475154842342332 0.02947283220720731
42 0.612111134572072 0.7282428913288288 0.03475154842342332 0.02947283220720731
42 0.613210867117117 0.757495777027027 0.036071227477477485 0.02639358108108114
42 0.6140906531531531 0.7885082347972973 0.0378307995495496 0.032991976351351315
28 0.6182696368243243 0.6389446086711712 0.027713260135135198 0.08401956644144148
28 0.6486222550675675 0.6404842342342343 0.02859304617117131 0.08269988738738732
31 0.6763355152027026 0.6468626829954954 0.02243454391891886 0.07170256193693691
31 0.6996498451576576 0.6464227899774774 0.02243454391891886 0.07170256193693691
47 0.7227442286036034 0.3516944679054054 0.023754222972972916 0.06554405968468474
28 0.6213024396193554 0.529763708050053 0.027713260135135198 0.08401956644144148
28 0.6510484973035924 0.5300902124951039 0.02859304617117131 0.08269988738738732
31 0.6794571709228638 0.5324509899068324 0.026251613123216444 0.08249223602484468
31 0.7073589566371495 0.534270671583851 0.026251613123216444 0.08249223602484468
50 0.6980420225155279 0.4335816187888199 0.021836180124223614 0.08006599378881984
50 0.7192716420807453 0.4332783385093168 0.016983695652173836 0.08188567546583847
14 0.33869490628711474 0.4401326516096453 0.02162334532050736 0.06071394779285505
52 0.3804600042375981 0.5182819778608361 0.02395138499341498 0.07284267383298376
51 0.35721628289473684 0.5185270116396761 0.019373102226720673 0.07156186740890691
