0 0.5775200366973876 0.7372809886932372 0.04806957244873045 0.12942895889282224
18 0.5476486206054687 0.4435150623321533 0.03407411575317376 0.07595014572143555
26 0.6512717723846435 0.4424120903015137 0.03430995941162107 0.07474040985107422
0 0.5281091690063476 0.7352444648742675 0.04622917175292973 0.12771549224853518
15 0.5742033004760743 0.3360375881195068 0.034814071655273504 0.06081418991088866
19 0.5164982795715332 0.5099306106567383 0.031246948242187433 0.05210590362548828
14 0.6440762996673584 0.33663573265075686 0.03439111709594733 0.06082515716552733
26 0.6478618621826171 0.5125257492065429 0.031601333618164085 0.057652187347412176
5 0.6267147064208984 0.7405790328979492 0.04562520980834961 0.12902164459228516
56 0.4087099075317383 0.6132172584533692 0.0305922508239746 0.06426734924316402
14 0.3830420017242432 0.44017810821533204 0.028049659729003917 0.07401332855224607
2 0.48198299407958983 0.7328817844390869 0.04315242767333982 0.1256478309631348
29 0.4548648834228516 0.9197606086730957 0.048140716552734386 0.16047878265380855
17 0.43821768760681157 0.33479149341583253 0.03236932754516603 0.05957760810852053
47 0.3790755748748779 0.613584327697754 0.024754428863525413 0.06584243774414056
19 0.41768245697021483 0.5074273109436035 0.032419776916503884 0.05255527496337886
17 0.4718587398529053 0.33509173393249514 0.03348140716552739 0.060082149505615245
16 0.609417200088501 0.3363959789276123 0.03330411911010733 0.060158824920654275
54 0.613492202758789 0.609799861907959 0.028713893890380926 0.08728303909301749
17 0.40516018867492676 0.33490941524505613 0.03238792419433589 0.05884490013122562
29 0.5044687271118165 0.9209625244140625 0.048380470275878884 0.1570365905761718
25 0.582307243347168 0.44296054840087895 0.0322626113891602 0.07498760223388673
17 0.5395665645599366 0.3361499309539795 0.03243885040283201 0.059934139251708984
51 0.5535577774047852 0.6085865020751953 0.028310966491699174 0.0849632263183594
19 0.4512439727783203 0.5090315818786622 0.03168716430664059 0.05126447677612306
14 0.3849383115768433 0.5062414169311523 0.030988550186157204 0.052890396118164096
59 0.46568880081176756 0.6058758258819581 0.028166198730468717 0.08259878158569334
13 0.40473175048828125 0.9456229209899902 0.04939756393432615 0.1028640747070313
17 0.5061057090759278 0.3360015392303467 0.03265399932861329 0.06049327850341796
52 0.6425237655639648 0.6120772361755371 0.027754783630371094 0.0896554946899415
17 0.37189722061157227 0.3349070072174072 0.03320498466491695 0.060560035705566395
19 0.4838153839111328 0.5095871448516845 0.03212738037109375 0.05140361785888675
2 0.43822498321533204 0.732557201385498 0.042235374450683594 0.12329015731811521
19 0.4808650016784668 0.4435993194580078 0.032102012634277366 0.0746755599975586
24 0.582369327545166 0.5095861434936524 0.030597877502441362 0.0558134078979492
28 0.5530233205910718 0.9553539265129682 0.041625368904311566 0.0892921469740634
28 0.6296027120320873 0.9569186779538909 0.036498826656286565 0.08791876801152809
28 0.5928344374087771 0.9556353566282421 0.0357378254706302 0.08872928674351588
51 0.5831779479980468 0.6094025135040284 0.028541183471679665 0.08604850769042971
34 0.6149347305297852 0.5096941947937013 0.031796169281005926 0.057668113708496116
19 0.4143477439880371 0.4416941165924072 0.033275985717773404 0.07467956542968751
23 0.5492617249910065 0.5102172374725342 0.032872772216796964 0.053744602203369074
15 0.3945044279098511 0.7317804336547851 0.04162755012512209 0.12020454406738279
33 0.6154276170494699 0.44099215989399293 0.03416243374558303 0.07729681978798586
23 0.512789381013742 0.44439718108295134 0.03377415316686194 0.07807842935353188
19 0.4480828682862406 0.44256409419299014 0.032102012634277366 0.0746755599975586
