14 0.3864166736602783 0.45051422119140627 0.0217742919921875 0.04971828460693356
15 0.3361837745070815 0.3968729639196539 0.02185063362121581 0.05459794998168943
54 0.4503655910491943 0.5396949768066406 0.020449256896972634 0.06685676574707033
54 0.4293766975402832 0.5394792556762695 0.020495796203613248 0.06757383346557622
47 0.6285113334655762 0.3885013580322265 0.02099609375 0.05946655273437501
14 0.41019768714904786 0.4510979652404785 0.023546791076660134 0.04982986450195315
41 0.616126012802124 0.5436134338378906 0.038901138305663996 0.044488716125488326
15 0.35977849960327146 0.3965879440307617 0.023922538757324252 0.055088329315185536
41 0.7052437782287597 0.5423784255981445 0.03802032470703132 0.0473322868347168
47 0.6261889457702636 0.4470783233642578 0.02021656036376951 0.0566699981689453
29 0.5923427581787108 0.8508526086807251 0.033408069610595725 0.12332568168640146
41 0.6179363250732421 0.673250961303711 0.03768310546874998 0.042035484313964866
41 0.6603195190429687 0.6314277648925781 0.03888759613037107 0.041712284088134766
41 0.7010401725769043 0.6711883544921875 0.039004516601562456 0.041884994506836026
18 0.48377189636230467 0.4509000301361084 0.022713470458984364 0.05007791519165039
17 0.3114397764205933 0.39645953178405763 0.021502971649169922 0.05370054244995115
14 0.38478703498840333 0.39659700393676756 0.02341747283935547 0.05580053329467777
45 0.4750303268432617 0.8385335683822632 0.05048522949218748 0.07938885688781738
24 0.7436599731445312 0.45156359672546387 0.022984695434570268 0.05040416717529295
41 0.6613029479980469 0.5428709983825684 0.038137626647949174 0.04787597656250009
56 0.60238618850708 0.44658565521240234 0.023403358459472723 0.05445575714111328
56 0.6033655643463134 0.3885239601135254 0.024116897583007835 0.059732627868652355
55 0.47137517929077144 0.5397972106933594 0.02027435302734376 0.0670480728149414
16 0.4347551345825196 0.4514967441558838 0.023499298095703114 0.049313640594482455
52 0.38676676750183103 0.5398851871490479 0.021504497528076205 0.06869344711303715
24 0.7686821460723877 0.39663748741149907 0.021556377410888672 0.05364627838134767
41 0.6185521125793457 0.5873339653015137 0.03949813842773442 0.0424074172973633
41 0.6193634986877441 0.630132293701172 0.03804435729980471 0.04208984375000002
41 0.7044934272766112 0.5871101379394532 0.03614721298217771 0.042434310913085915
25 0.6988054275512695 0.3971549510955811 0.022262859344482466 0.05532302856445309
16 0.45867853164672856 0.4510251522064209 0.023509788513183583 0.04851503372192384
41 0.7024296760559082 0.6303866863250732 0.03770732879638672 0.041595458984375
24 0.746859359741211 0.39678499698638914 0.02218208312988279 0.05554461479187012
41 0.5780675888061524 0.6720297813415528 0.03314399719238281 0.042222213745117254
41 0.7415475845336914 0.6703732967376709 0.036141395568847656 0.041058349609375044
59 0.34628901481628416 0.6489762783050537 0.021559715270996094 0.0662906646728515
29 0.5633634567260741 0.851517128944397 0.023360157012939475 0.12419352531433103
16 0.4334375858306885 0.3983585357666016 0.024075031280517578 0.054093456268310525
41 0.6587623596191405 0.6722343444824219 0.0394721984863281 0.0414808273315429
29 0.627358865737915 0.8507528305053711 0.03481006622314453 0.12270183563232417
16 0.45830564498901366 0.39871473312377925 0.023938751220703103 0.05422525405883788
15 0.33839533808711053 0.451264138264699 0.02166576385498048 0.05042114257812502
41 0.6615044593811035 0.5879963397979736 0.03814716339111335 0.04237222671508789
55 0.4930743217468262 0.5394481658935546 0.021526336669921875 0.06809797286987307
14 0.4088947296142578 0.3981069326400757 0.023482227325439475 0.05479941368103025
59 0.3689763069152832 0.6491158962249757 0.021082496643066384 0.06651268005371092
41 0.5776287078857422 0.6306835651397705 0.03388404846191406 0.040281581878662154
51 0.40830159187316895 0.5397279262542725 0.020530414581298784 0.06790199279785147
41 0.7385529518127442 0.8659085273742676 0.03240985870361324 0.03691024780273433
18 0.4835640907287598 0.39901478290557857 0.02263221740722654 0.053917932510375965
25 0.6968605995178223 0.4518431663513184 0.022958660125732444 0.05063667297363278
25 0.7201255798339843 0.451630687713623 0.023073101043701194 0.05216236114501954
25 0.7224881649017334 0.3968214273452759 0.023878002166747958 0.05484004020690919
15 0.36349241497280366 0.4520443463826681 0.02373647689819336 0.049916458129882824
41 0.7417909622192382 0.6296364784240722 0.0367769241333008 0.04066247940063483
46 0.4274801254272461 0.8556243896484375 0.04308004379272462 0.05830841064453118
29 0.6627280235290527 0.8504831314086914 0.034079360961913996 0.12364921569824217
18 0.5036067485809326 0.4516799926757813 0.016331672668456976 0.049749183654785145
24 0.7638993263244629 0.4512800693511963 0.02028808593750009 0.04903841018676758
41 0.5769153594970704 0.5871095657348633 0.03419628143310549 0.043399047851562456
46 0.4291525840759277 0.811210823059082 0.042321014404296864 0.03426361083984375
28 0.42362194061279296 0.7421524047851562 0.02791728973388674 0.08967399597167969
46 0.3824519634246826 0.8113107442855836 0.04745502471923829 0.03246464729309084
28 0.39565887451171877 0.742684507369995 0.02750368118286134 0.08973751068115232
18 0.5035691261291504 0.39955635070800777 0.017171096801757768 0.05344409942626954
46 0.37720432281494143 0.8530838012695312 0.05448694229125978 0.05371704101562502
46 0.32477195262908937 0.8496227264404297 0.04787135124206543 0.04316596984863286
17 0.3143256664276123 0.44940934181213377 0.020847702026367154 0.048972129821777344
46 0.33142313957214353 0.8124923706054688 0.047634077072143566 0.03166351318359384
23 0.6736671531593406 0.3988077352335165 0.021999484890109833 0.055535285027472514
23 0.6728622939560439 0.45420887706043955 0.02253605769230771 0.0531207074175824
41 0.5779379380311016 0.5477402921746539 0.03419628143310549 0.043399047851562456
61 0.745003312720848 0.5410639355123674 0.03381735865724378 0.04969081272084808
61 0.7432779372791518 0.5876490724381624 0.03657795936395758 0.04347946113074197
41 0.7011958832056756 0.8663145824678227 0.03240985870361324 0.03691024780273433
28 0.36882680582162286 0.742372506571273 0.02750368118286134 0.08973751068115232
28 0.3145386668439871 0.742372506571273 0.02750368118286134 0.08973751068115232
28 0.3413707355340829 0.742684507369995 0.02750368118286134 0.08973751068115232
31 0.4970172723642173 0.7477099141373802 0.02371206070287546 0.08018420527156556
31 0.47343302594203485 0.7482340085023176 0.02371206070287546 0.08018420527156556
31 0.45002347764149814 0.7494568953538382 0.02371206070287546 0.08018420527156556
26 0.322265625 0.6605113636363635 0.023674242424242375 0.05208333333333337
36 0.3993334732942634 0.6409084581070135 0.0399074768915571 0.02559312166476091
36 0.401859098056032 0.6707981197589098 0.041407590051458 0.026000720649895115
36 0.44300984491137785 0.670388659591195 0.041407590051458 0.026000720649895115
58 0.4404842201496092 0.6404989979392987 0.0399074768915571 0.02559312166476091
36 0.48306807759195725 0.6396800776038689 0.03990747689155705 0.02559312166476091
36 0.4863102576472269 0.6691602790880503 0.04284070063846007 0.026819640985324966
34 0.3424826632724719 0.5520595593398876 0.023865431882022503 0.0518455933988764
33 0.3180686007724719 0.5523338746488764 0.0222195400280899 0.05294285463483139
44 0.7247027228860294 0.7774801815257352 0.03698012408088236 0.027645335477941124
44 0.7410386029411764 0.8078182444852939 0.03446691176470584 0.02513212316176483
44 0.7403205422794117 0.8333093979779411 0.03446691176470584 0.02513212316176483
44 0.7026223575367647 0.8351045496323528 0.03446691176470584 0.02513212316176483
44 0.7028018727022058 0.8069206686580881 0.03051757812499989 0.02477309283088258
41 0.6991921106585521 0.8992858873714631 0.03127455625642506 0.0274564881247209
41 0.7401215683791402 0.8996449177023453 0.03127455625642506 0.0274564881247209
