56 0.5571955680847168 0.3772281646728516 0.02302341461181645 0.05976543426513675
29 0.7163484573364258 0.8092872619628906 0.0320304870605469 0.114876937866211
47 0.6058463096618653 0.3773463010787964 0.024580669403076127 0.06064543724060062
59 0.38797197341918943 0.6257254600524902 0.02143034934997562 0.06433124542236335
46 0.46340169906616213 0.7059036254882813 0.05133304595947269 0.04105224609375002
18 0.5579424858093261 0.4832786560058594 0.022641372680664018 0.052219390869140625
24 0.7219358444213867 0.48308048248291013 0.02307052612304683 0.052874088287353516
46 0.6029858112335205 0.7081247329711914 0.05430583953857415 0.04183597564697261
56 0.5813240051269531 0.3773486614227295 0.022771072387695268 0.06031579971313472
23 0.604695701599121 0.4833247184753418 0.023705387115478538 0.05227680206298835
26 0.2985738039016724 0.6352086067199707 0.02300009727478025 0.04825515747070308
16 0.36454014778137206 0.4839353561401367 0.022620105743408225 0.05259552001953122
46 0.6582530975341797 0.7083860397338868 0.05451345443725586 0.03872814178466799
26 0.34232292175292967 0.6351367950439453 0.021391296386718717 0.04647521972656243
19 0.4340080738067627 0.4844326972961426 0.02316627502441404 0.05370807647705078
46 0.3542447566986084 0.7095074653625488 0.05099859237670901 0.04139232635498047
59 0.4757023811340332 0.6255729675292969 0.022655677795410167 0.06468410491943366
54 0.45494565963745115 0.5519495964050293 0.02229080200195316 0.06729011535644536
16 0.3164173126220703 0.4831827640533447 0.024543571472167958 0.05220756530761722
52 0.430954647064209 0.5513617515563964 0.022685432434082053 0.06512565612792975
26 0.3210261344909668 0.6352471351623535 0.020374870300292947 0.04682903289794926
19 0.456940746307373 0.48521080017089846 0.021697807312011708 0.05326728820800786
16 0.4543787956237793 0.3961806058883667 0.023836708068847634 0.05870137214660648
46 0.4095074653625488 0.7097214221954345 0.05409603118896483 0.04180765151977539
18 0.5398645877838135 0.4836674690246582 0.013863372802734308 0.05303382873535156
41 0.3368896961212158 0.8571206092834472 0.035617542266845714 0.02872543334960942
29 0.6823988914489746 0.809170699119568 0.035172462463378906 0.11502346992492674
16 0.3876323223114013 0.48456907272338867 0.02230377197265626 0.05317535400390622
61 0.4174636363983154 0.8211341857910157 0.03627347946166992 0.043500328063964866
15 0.3600138187408447 0.3973993301391602 0.02225637435913086 0.053301715850830045
14 0.4305733680725098 0.39756762981414795 0.023042869567871105 0.054255342483520486
59 0.4098002433776855 0.6255937099456788 0.019780921936035145 0.06470336914062502
59 0.4310907363891602 0.6251578330993652 0.020435333251953125 0.06437149047851554
41 0.29608817100524903 0.8223649978637695 0.035775184631347656 0.040389060974121094
29 0.6461640357971192 0.8097183465957642 0.03593292236328127 0.11447253227233889
16 0.34115447998046877 0.48354482650756836 0.02290449142456058 0.052783203124999956
41 0.29742431640625 0.8565378189086914 0.035974645614624046 0.02955474853515616
41 0.3363106489181519 0.8213478088378906 0.03473439216613766 0.03999118804931645
41 0.37617197036743166 0.8237733840942383 0.0340837478637695 0.03824882507324223
15 0.3362059831619263 0.39683964252471926 0.022968673706054654 0.05335650444030765
19 0.4107917308807373 0.48476171493530273 0.022130107879638705 0.053569793701171875
29 0.5769634246826172 0.8103609085083008 0.03348388671874991 0.11205558776855473
26 0.27724761962890626 0.6361147880554199 0.019713306427001975 0.04763507843017578
29 0.5470711708068847 0.809203052520752 0.02582759857177741 0.1143091201782227
14 0.40764508247375486 0.3982214450836181 0.022530937194824185 0.0536515235900879
29 0.6106366157531739 0.8094072580337525 0.03303861618041992 0.11364893913269047
16 0.2916825771331787 0.4828030586242676 0.023235893249511752 0.05252704620361326
25 0.6757763862609862 0.48383150100708006 0.02208652496337893 0.05113945007324222
26 0.3649649143218994 0.6350655555725098 0.021814727783203147 0.046868324279785156
59 0.4525302886962891 0.6253337383270263 0.02051315307617191 0.06357221603393548
14 0.38384313583374025 0.3977586507797241 0.023571872711181663 0.053238534927368186
17 0.28783957958221434 0.39610531330108645 0.023304080963134743 0.0532376766204834
17 0.26498780250549314 0.3966548442840576 0.02225675582885739 0.05391969680786135
33 0.29691781997680666 0.5588693141937255 0.022791099548339855 0.05264682769775397
25 0.6525405883789063 0.48376388549804683 0.022820663452148393 0.05208282470703124
25 0.6291004180908203 0.4833217620849609 0.022135925292968706 0.05192852020263672
61 0.4579319000244141 0.8199424743652344 0.034619808197021484 0.045092201232910245
16 0.476613712310791 0.3964148998260498 0.020341873168945312 0.05934591293334962
17 0.3121371269226074 0.39606034755706787 0.023501682281494185 0.05217490196228025
46 0.5542952060699463 0.7061838150024413 0.04349155426025386 0.03215637207031252
19 0.477393102645874 0.4846756935119629 0.018585968017578114 0.05279951095581048
25 0.6984382629394531 0.4835986137390137 0.0213678359985352 0.051431083679199185
34 0.3203583240509033 0.5584734916687012 0.021355724334716775 0.05258922576904301
33 0.27325198650360105 0.5603533744812011 0.021680641174316395 0.05332880020141606
41 0.3761548519134521 0.8574949264526367 0.035535621643066395 0.027258682250976607
56 0.6554977416992187 0.37663419246673585 0.022015380859374933 0.061599111557006814
16 0.26924901008605956 0.4829061031341553 0.020966434478759788 0.053528785705566406
46 0.7090685367584229 0.7076666831970215 0.05282249450683585 0.03836498260498045
56 0.6311306476593017 0.377695369720459 0.022406387329101496 0.06134119033813479
56 0.539141845703125 0.3771648406982422 0.013599395751953125 0.06007509231567387
61 0.418034827709198 0.8565898895263673 0.03640787601470946 0.02913246154785154
28 0.5674349784851074 0.5625600814819336 0.02613010406494143 0.08891448974609384
61 0.4582755088806152 0.8565099716186524 0.034910011291503895 0.027817153930664085
46 0.3025504589080811 0.7071188926696778 0.049675655364990245 0.03707008361816411
28 0.5954397678375244 0.5621492385864257 0.027520179748535156 0.08895025253295896
55 0.47659717085798814 0.5517173631656805 0.015024038461538436 0.058940458579881616
51 0.40841115014792895 0.548539201183432 0.02195821005917159 0.06298539201183428
34 0.3440500770094832 0.557317796402429 0.021355724334716775 0.05258922576904301
28 0.5427058676996175 0.5597575481121357 0.021270648121128444 0.08677650880531462
