14 0.387541389465332 0.47322907447814944 0.04093790054321289 0.06790485382080075
14 0.4289380073547363 0.4740180969238281 0.041152191162109386 0.06762123107910156
16 0.30126380920410156 0.47213220596313477 0.04300079345703123 0.06736888885498044
14 0.5092738151550293 0.4759697914123535 0.036796188354492165 0.0632717132568359
16 0.255479097366333 0.47071266174316406 0.04650745391845701 0.06899909973144536
14 0.4704322814941406 0.47512102127075195 0.03868865966796875 0.0646657943725586
16 0.34471173286437984 0.47279148101806645 0.04304103851318358 0.06703777313232423
19 0.581494140625 0.47543249130249027 0.03381786346435545 0.06302585601806643
16 0.20652132630348205 0.4758320808410645 0.04972780942916871 0.08247985839843752
26 0.5413389205932617 0.5905269145965577 0.037196350097656206 0.05726156234741209
26 0.5778845310211183 0.5904672145843506 0.03592453002929685 0.054584503173828125
29 0.21453375816345213 0.17992140054702757 0.08912401199340819 0.3357602834701538
28 0.28696637153625487 0.25349769592285154 0.05379762649536135 0.18737640380859374
31 0.3407390699591688 0.2707379770535295 0.05127975658703876 0.15629030222533846
28 0.48773789405822754 0.8083084106445313 0.0343683242797852 0.0936269760131836
14 0.5462352275848388 0.476298189163208 0.03565130233764646 0.06189088821411132
19 0.6201068878173828 0.4745003700256347 0.039314651489257835 0.07042198181152343
19 0.5462077140808106 0.47629766464233403 0.03556365966796882 0.06186790466308595
0 0.6291582661290323 0.26032216061827956 0.08243027553763438 0.22156418010752685
