14 0.56609206199646 0.21854524612426757 0.027713680267334007 0.05158748626708984
15 0.42692356109619145 0.22222900390625 0.026170921325683605 0.05484771728515625
14 0.6218243598937989 0.21691465377807617 0.027773284912109397 0.050398492813110374
15 0.40094833374023436 0.22430592179298403 0.025671005249023438 0.0587814211845398
47 0.4396554470062256 0.4611187934875488 0.024277973175048817 0.0537097930908203
15 0.45247392654418944 0.22148995399475097 0.02491474151611328 0.05315151214599609
15 0.4788564682006836 0.21934943199157714 0.026630401611328125 0.05168323516845705
52 0.4784195899963379 0.5537294387817383 0.02296581268310549 0.06448860168457027
14 0.5368136405944824 0.22032558917999268 0.02903823852539067 0.05448002815246583
0 0.6492399215698242 0.8328166007995605 0.03853492736816411 0.13293170928955078
26 0.45418138504028316 0.5623689651489259 0.024439048767089855 0.046101951599121116
19 0.6296135902404785 0.3081058502197266 0.025339698791503884 0.0611916542053223
16 0.39556963443756105 0.3081441402435303 0.025777673721313454 0.06541662216186522
47 0.4649356842041016 0.46121582984924314 0.023847961425781217 0.054414939880371105
19 0.5262433052062989 0.30789339542388916 0.025606727600097634 0.060274600982666016
19 0.5778367042541503 0.30898933410644536 0.024864006042480402 0.0625016212463379
16 0.4739378929138184 0.3077420711517334 0.025274848937988315 0.060774707794189475
19 0.6570341110229492 0.30686709880828855 0.02780561447143548 0.05980458259582516
19 0.5520944595336914 0.30903849601745603 0.02488641738891606 0.06263198852539059
29 0.45350494384765627 0.8042483329772949 0.044310188293457065 0.15923385620117192
16 0.42172174453735356 0.30736927986145024 0.024667930603027355 0.0615245819091797
28 0.6482781410217285 0.6615466117858886 0.032388496398925826 0.0965696334838867
14 0.6495027065277099 0.21685354709625243 0.027455234527587913 0.05062327384948731
14 0.5070346355438233 0.21987914443016054 0.028370761871337913 0.053673660755157476
14 0.5942957878112793 0.21741299629211425 0.027686595916748047 0.05007238388061522
26 0.4292586326599121 0.5658655166625977 0.02343330383300779 0.05446081161499028
19 0.6036502838134765 0.3087233304977417 0.024800777435302734 0.06210064888000488
16 0.4475046157836914 0.3074469089508056 0.02578487396240231 0.06166963577270507
54 0.5485683917999267 0.5548882484436035 0.023057842254638694 0.06478672027587895
19 0.5001111030578613 0.30863683223724364 0.02507553100585941 0.06142616271972656
28 0.6144408226013183 0.6580689907073974 0.03333511352539065 0.09257917404174809
29 0.40940971374511714 0.8001524209976196 0.04235191345214845 0.15842318534851074
23 0.6609961509704589 0.3895398139953613 0.027332878112792947 0.059694766998291016
47 0.4904664039611817 0.46151032447814944 0.02448654174804693 0.05526437759399411
14 0.6776870727539062 0.22622451186180115 0.027923202514648415 0.06828061342239378
1 0.6039444923400878 0.8269648551940918 0.03943471908569329 0.129951286315918
23 0.6334918975830077 0.38978500366210933 0.026049041748046897 0.05898923873901368
26 0.4043417811393738 0.5666547298431397 0.025581574440002475 0.057854843139648504
1 0.5642046928405762 0.8238640785217285 0.03615550994873051 0.125892448425293
51 0.5019544124603271 0.553653621673584 0.023132038116455034 0.06410503387451172
24 0.39850525856018065 0.3875140905380249 0.02501621246337893 0.06336827278137208
23 0.4502592086791992 0.38672471046447754 0.025211334228515625 0.057144546508789085
23 0.42425050735473635 0.38666410446166993 0.02521743774414059 0.05882253646850588
33 0.5722819328308105 0.5653768062591553 0.024216651916503906 0.04844999313354492
23 0.5802654266357422 0.3892041206359863 0.025535297393798784 0.057695484161376986
23 0.6069217681884765 0.38865389823913576 0.02669448852539058 0.058146286010742176
24 0.4683107376098633 0.6565737724304199 0.04470424652099608 0.08318958282470712
23 0.5540732383728028 0.3890644073486328 0.025340366363525435 0.058354854583740234
23 0.4763314247131347 0.3875444412231446 0.025543022155761708 0.05724792480468749
32 0.5810102939605712 0.6565460681915283 0.031416797637939475 0.09151296615600579
23 0.5026831112210712 0.38816448090568423 0.02554302215576154 0.05724792480468749
23 0.5290347977290077 0.38940456027076364 0.02554302215576154 0.05724792480468749
33 0.5980135796562074 0.5672369253067744 0.024216651916503906 0.04844999313354492
24 0.4233578606257363 0.6575038319542295 0.04470424652099608 0.08318958282470712
32 0.5487682304685078 0.6568560880327983 0.031416797637939475 0.09151296615600579
32 0.5168361868177143 0.6537558896200999 0.031416797637939475 0.09151296615600579
31 0.5327603112348178 0.8362063512145748 0.0233267965587044 0.09014423076923073
31 0.5078520369433197 0.839369306680162 0.0233267965587044 0.09014423076923073
31 0.48630440283400805 0.8298804402834007 0.019768471659919018 0.08935349190283404
