18 0.3555004596710205 0.6218536853790283 0.022453117370605513 0.043860435485839844
47 0.6965300559997558 0.41358327865600586 0.02444534301757806 0.06388616561889648
18 0.2875360012054443 0.6204587459564209 0.021719646453857433 0.04612016677856445
18 0.30989618301391597 0.6208531856536865 0.022219467163085926 0.045369625091552734
18 0.33296899795532225 0.6214916229248046 0.022307872772216797 0.0445991516113281
54 0.7359399795532227 0.48948144912719727 0.02261695861816415 0.07142162322998047
23 0.3980932474136353 0.552997636795044 0.02329850196838379 0.046807479858398504
47 0.6704829692840576 0.4135743618011475 0.023530197143554643 0.0629233360290527
17 0.24767231941223145 0.40326738357543945 0.026059865951538086 0.056328105926513716
0 0.5432065010070801 0.6977465152740479 0.030430030822753973 0.09721708297729492
29 0.35346188545227053 0.8367458343505859 0.036286735534667935 0.10698318481445312
17 0.3475907325744629 0.4043280124664307 0.02436542510986328 0.053318309783935536
29 0.31712985038757324 0.8384181022644044 0.034216785430908225 0.10395565032958987
5 0.6381438255310059 0.6957125663757324 0.030248832702636785 0.09531526565551762
17 0.32342190742492677 0.4039721369743347 0.023186588287353538 0.053655266761779785
26 0.4159176826477051 0.7482630729675293 0.02036113739013673 0.04087409973144529
17 0.27389400005340575 0.40311259031295776 0.02422928810119629 0.05533468723297119
4 0.6686020851135254 0.6944544792175293 0.029567527770996138 0.09519472122192385
26 0.45823187828063966 0.7487041473388671 0.02128400802612307 0.04407691955566406
29 0.524352741241455 0.8372304916381836 0.02605934143066413 0.10586605072021482
26 0.4371077537536621 0.7485058784484864 0.020895957946777344 0.04208106994628913
23 0.4216032028198242 0.5525571346282958 0.02266349792480471 0.04772386550903318
29 0.45338025093078616 0.8357563018798828 0.03075551986694336 0.1061151504516602
17 0.29880926609039304 0.4033682346343994 0.024517536163330078 0.05411195755004883
56 0.6211935997009277 0.41222981214523313 0.023063850402832098 0.06173155307769779
14 0.256682300567627 0.5544447898864746 0.023622798919677723 0.05137414932250972
26 0.35339975357055664 0.7474518299102784 0.02005105018615727 0.03900756835937502
55 0.6902986526489259 0.4865390777587891 0.022462749481201194 0.06578512191772468
29 0.42132720947265623 0.835496687889099 0.031330108642578125 0.10728344917297361
29 0.693093204498291 0.8398231506347656 0.03880500793457031 0.10767002105712886
26 0.44068279266357424 0.6937964916229248 0.020412826538085904 0.04502325057983403
29 0.38864390850067143 0.8361867904663086 0.0321974277496338 0.10652656555175777
16 0.4396815299987793 0.48381509780883786 0.023889923095703147 0.05124530792236326
14 0.3031874179840088 0.5526349067687988 0.023285293579101585 0.046155357360839866
29 0.28254094123840334 0.8352266073226928 0.03305482864379883 0.10956463813781736
26 0.2921989917755127 0.7467019081115722 0.021229171752929654 0.0413078308105469
14 0.3501018524169922 0.5531172752380371 0.02313823699951173 0.045819664001464755
26 0.37426998615264895 0.7476490020751954 0.02052025794982909 0.03927459716796877
18 0.2645680904388428 0.6209407329559327 0.023258209228515625 0.04707746505737298
16 0.36671063899993894 0.4824778079986572 0.02360844612121582 0.05019721984863279
52 0.666436767578125 0.4868597984313965 0.02243881225585942 0.06623992919921878
16 0.3906918048858643 0.48233394622802733 0.02360992431640624 0.0501681327819824
56 0.5964040279388427 0.41187485456466677 0.02351579666137693 0.061792969703674316
29 0.5885269165039062 0.8377784729003905 0.03202247619628906 0.10705718994140623
19 0.342711353302002 0.4822745800018311 0.022698116302490245 0.05000209808349615
51 0.5984578609466553 0.4839917182922363 0.02107658386230471 0.06607036590576171
24 0.26441745758056645 0.6954365730285645 0.019995880126953136 0.04673633575439451
15 0.4429145812988281 0.40734429359436036 0.022914695739746083 0.05272302627563474
16 0.41519341468811033 0.4832871437072754 0.02384471893310547 0.05094423294067385
23 0.44478678703308105 0.552922534942627 0.022474384307861306 0.048111915588378906
47 0.6456302642822266 0.4129168510437012 0.022774696350097656 0.06205596923828127
26 0.46083478927612304 0.6935014724731445 0.019917869567871116 0.04528884887695317
59 0.37641210556030275 0.6844719409942627 0.02014865875244143 0.061978149414062544
15 0.42013940811157224 0.40591069459915163 0.02292156219482422 0.05330388545989989
26 0.3948538780212402 0.7477334499359131 0.020236110687255837 0.03977136611938481
14 0.3267769098281861 0.552501916885376 0.02237133979797362 0.046320438385009766
29 0.656664752960205 0.8395784139633179 0.03216114044189455 0.10841794013977046
19 0.27372772693634034 0.48070859909057617 0.021019935607910156 0.051937103271484375
29 0.5555974006652833 0.8379212379455566 0.03178558349609373 0.10438899993896489
15 0.4645069122314453 0.40839585065841677 0.01862897872924807 0.053489136695861805
25 0.4001887798309326 0.6226874828338623 0.021324920654296864 0.04626483917236324
26 0.3129490613937378 0.746855640411377 0.020266962051391557 0.03965110778808589
14 0.2799995422363281 0.5530383586883545 0.022097206115722634 0.04796743392944336
54 0.7134625434875488 0.48815317153930665 0.021554565429687478 0.06727943420410154
26 0.3333371162414551 0.7472417831420899 0.019810867309570324 0.04001693725585931
2 0.6798440933227539 0.583733606338501 0.03258934020996096 0.10548744201660154
15 0.39662368297576905 0.4058887004852295 0.02351346015930178 0.05243511199951173
1 0.6115855216979981 0.5805171966552733 0.03271560668945317 0.10810604095458987
1 0.645535945892334 0.582027816772461 0.03377552032470699 0.10785818099975586
24 0.2858389377593994 0.6949796199798584 0.022415637969970703 0.04542903900146478
19 0.25078420639038085 0.48073039054870603 0.023579025268554682 0.05267906188964844
25 0.42227168083190914 0.6228055000305175 0.021537017822265636 0.047220802307128884
15 0.3724944114685058 0.40518693923950194 0.023845386505126964 0.05383586883544922
25 0.462586784362793 0.625248384475708 0.017669677734375 0.046544456481933616
52 0.6431644439697266 0.48532028198242183 0.02263927459716797 0.06676654815673827
25 0.443209457397461 0.6233861923217774 0.021043968200683605 0.047475910186767556
5 0.5746134757995606 0.6954176902770997 0.029635238647460982 0.09666576385498049
56 0.5711883544921875 0.4115401268005371 0.023019790649414062 0.06121292114257809
51 0.6198676109313965 0.4847550868988037 0.02225074768066404 0.0660983085632324
29 0.6223332405090332 0.8404096603393555 0.03451404571533201 0.10664196014404292
5 0.6060432910919189 0.6956409454345703 0.030765056610107422 0.09701614379882817
25 0.37839746475219727 0.6224549293518067 0.021256732940673873 0.04487533569335944
19 0.29586560726165767 0.480942440032959 0.024233865737915028 0.05107936859130857
24 0.3319519519805908 0.6947578907012939 0.02136259078979491 0.043603706359863215
26 0.26981630325317385 0.7463100910186767 0.02042140960693356 0.04135065078735356
24 0.3541910648345947 0.6946717262268067 0.021859931945800826 0.04230079650878904
24 0.30921230316162107 0.6949660778045654 0.022017669677734386 0.04465665817260733
16 0.4621309280395508 0.4844791412353515 0.02037334442138672 0.052681732177734364
19 0.31987304687499996 0.48178815841674805 0.023112010955810558 0.05059089660644528
59 0.39756407737731936 0.6850991249084473 0.0200331687927246 0.061871910095214755
56 0.5488418579101563 0.4113149166107178 0.021149158477783203 0.061957931518554665
56 0.529940414428711 0.4111035346984864 0.01660842895507819 0.06204442977905272
26 0.4183796405792236 0.6945538520812988 0.021599006652832042 0.04624061584472661
3 0.5473489761352539 0.5779589653015136 0.0314691543579102 0.10551986694335935
2 0.7141628265380859 0.5842881202697754 0.034780693054199174 0.10605621337890625
23 0.3740699768066406 0.5539442062377931 0.02389516830444338 0.04582014083862307
