47 0.752098560333252 0.27599124908447265 0.02348670959472665 0.06539192199707031
47 0.7267752647399903 0.2756368398666382 0.023412132263183616 0.06731295585632324
47 0.7759071350097656 0.2781155824661255 0.022718620300292924 0.06641864776611328
47 0.7030696868896484 0.27411952018737795 0.02261629104614249 0.06731743812561036
52 0.4256309509277344 0.4283936619758606 0.025002861022949185 0.0735118627548218
34 0.29466423988342283 0.43497514724731445 0.02832479476928712 0.05339879989624019
18 0.6204146385192871 0.37080585956573486 0.02556610107421875 0.04495220184326176
16 0.259794282913208 0.3244800567626953 0.02996206283569336 0.06237392425537114
59 0.49663867950439455 0.5203607082366943 0.02309532165527345 0.07190113067626958
15 0.35061054229736327 0.2351987361907959 0.029234647750854492 0.06229391098022463
19 0.5170748710632325 0.3335575103759766 0.022468280792236395 0.05971488952636722
16 0.2903149604797364 0.3251328706741333 0.03029317855834962 0.06137557029724122
26 0.26911144256591796 0.5400794982910156 0.024209117889404275 0.05743293762207036
15 0.37992980480194094 0.2373734712600708 0.029191350936889682 0.06280150413513186
18 0.6465528964996338 0.37137746810913086 0.025184154510498047 0.04484205245971684
16 0.32104053497314455 0.32576000690460205 0.029324197769165006 0.06261434555053713
26 0.3749879121780395 0.5361794471740723 0.025226545333862316 0.05355758666992183
26 0.3489663124084473 0.536771583557129 0.026033782958984397 0.055131149291992254
26 0.322340989112854 0.5378023147583008 0.026616191864013705 0.05513210296630855
16 0.3509327173233032 0.3266867160797119 0.028379487991333052 0.06310405731201169
16 0.3806014537811279 0.328590989112854 0.028863906860351562 0.06228041648864746
15 0.4380003929138183 0.24085383415222167 0.027227210998535145 0.06075992584228515
17 0.25483255386352544 0.2275731146335602 0.032672595977783214 0.06639565229415895
26 0.2953367233276367 0.539042329788208 0.026348209381103493 0.05606956481933589
19 0.4921131134033203 0.3322039127349854 0.02571392059326172 0.058745670318603505
56 0.6784982681274414 0.27331085205078126 0.024272823333740146 0.06916589736938475
14 0.49324607849121094 0.2459270715713501 0.02593154907226558 0.05856318473815919
15 0.4092573642730713 0.2386312246322632 0.028543376922607444 0.06343765258789064
17 0.3198563098907471 0.2343301296234131 0.029937839508056674 0.06089901924133301
33 0.2654094219207764 0.433775806427002 0.027052783966064475 0.053813934326171875
16 0.4378670692443848 0.33039155006408694 0.026736164093017545 0.059808826446533236
59 0.40010536909103395 0.5231263160705566 0.02293074131011963 0.07454891204833991
59 0.4721096992492676 0.5209044456481934 0.023266887664794955 0.07237319946289067
17 0.2880051851272583 0.23103766441345217 0.03293609619140625 0.06431288719177247
19 0.4651222229003906 0.3312421321868897 0.02567157745361326 0.059958648681640636
14 0.5193201065063477 0.2474965810775757 0.025717163085937522 0.059686517715454135
16 0.4093852519989014 0.32953505516052245 0.027501869201660145 0.0616732597351074
25 0.7185061931610107 0.3714361429214478 0.02236032485961914 0.04445104598999022
29 0.3008910655975342 0.8115141153335572 0.04637393951416019 0.12325892448425291
29 0.4284857749938965 0.7966212272644043 0.037984085083007824 0.12126140594482426
59 0.44782819747924807 0.5217470169067383 0.022294998168945312 0.07364654541015625
59 0.42401943206787107 0.5226325511932373 0.022543525695800815 0.07437009811401374
24 0.7627740859985351 0.37245428562164307 0.021838474273681685 0.04612851142883301
29 0.4670154571533203 0.7906591415405273 0.03701448440551758 0.11866703033447268
29 0.3886631727218628 0.8008418083190918 0.03919644355773921 0.12297878265380868
29 0.34704141616821294 0.8050631523132323 0.04012422561645507 0.11841831207275388
47 0.7997807502746582 0.27748301029205324 0.022812080383300737 0.0631495475769043
25 0.7406675338745117 0.3717710018157959 0.020970153808593683 0.045659160614013705
28 0.6329427242279053 0.47695560455322267 0.026364612579345637 0.0976182937622071
24 0.7849635124206543 0.37282838821411135 0.023156356811523393 0.04479532241821288
56 0.652777099609375 0.27198123931884766 0.0249425888061523 0.06873292922973631
52 0.4510563850402832 0.42893214225769044 0.024201965332031283 0.07202444076538084
23 0.6949543952941895 0.3715811729431152 0.022537517547607466 0.044448757171630826
45 0.4856095314025879 0.6633875846862793 0.056421089172363326 0.047313690185546875
28 0.6817447185516357 0.4745311737060547 0.026339626312255837 0.09679985046386719
28 0.7106034278869628 0.4745364665985108 0.02865524291992194 0.0969767570495606
18 0.5958284854888916 0.370896577835083 0.022206592559814387 0.0459779739379883
14 0.46572189331054686 0.24344768524169924 0.02665424346923828 0.060236930847167997
55 0.4769190788269043 0.4296959400177002 0.023565292358398438 0.06935100555419921
56 0.6266002655029297 0.2695636749267578 0.024222946166992276 0.06597452163696291
31 0.7631260395050049 0.47758927345275876 0.02387313842773442 0.08278045654296873
43 0.7288735389709473 0.681861686706543 0.03866424560546877 0.03337774276733396
31 0.7269183158874511 0.580981969833374 0.0212305068969727 0.07601690292358398
55 0.5016782760620118 0.42886490821838374 0.024722099304199274 0.06287031173706054
28 0.7377191066741944 0.474253511428833 0.025720405578613215 0.0924370765686035
43 0.6913623332977294 0.7119851112365723 0.03354301452636721 0.02953186035156241
28 0.6584718704223633 0.475618839263916 0.0232266426086426 0.09767131805419926
51 0.39790638706140347 0.42446203399122806 0.02312911184210531 0.06596080043859648
51 0.3713507401315789 0.42531866776315785 0.02312911184210531 0.06596080043859648
36 0.2870950137867647 0.6303280101102942 0.05026424632352938 0.01866957720588236
36 0.3380773207720589 0.6274557674632353 0.045955882352941124 0.014361213235294157
36 0.3869054457720589 0.6245835248161764 0.045955882352941124 0.014361213235294157
36 0.4314252068014707 0.6184800091911764 0.048828124999999944 0.019387637867646967
36 0.28853113511029416 0.6884909237132353 0.04739200367647056 0.025850183823529438
36 0.33879538143382354 0.684182559742647 0.04739200367647056 0.025850183823529438
36 0.39049574908088236 0.6813103170955882 0.04739200367647056 0.025850183823529438
36 0.2892491957720589 0.7164952895220588 0.04739200367647056 0.025850183823529438
36 0.3395134420955882 0.7143411075367646 0.04739200367647056 0.025850183823529438
36 0.39193187040441174 0.7129049862132352 0.04739200367647056 0.025850183823529438
31 0.7498962570639218 0.5802639091716093 0.0212305068969727 0.07601690292358398
31 0.7025042533874511 0.5852903338039623 0.0212305068969727 0.07601690292358398
31 0.6788082515492159 0.5838542124804329 0.0212305068969727 0.07601690292358398
28 0.5955019109389361 0.5902723901412066 0.026567930333754597 0.08729184655582212
28 0.6242243374095242 0.5902723901412066 0.026567930333754597 0.08729184655582212
28 0.6529467638801125 0.5884772384867948 0.026567930333754486 0.08370154324699852
32 0.6030417049632353 0.4763039981617647 0.01866957720588236 0.09693818933823528
44 0.6551925756369428 0.7127289012738853 0.03545481687898089 0.03234474522292996
44 0.6188047372611465 0.7183270302547771 0.03110071656050961 0.03234474522292996
44 0.5852159633757963 0.7208150875796178 0.03110071656050961 0.03234474522292996
