17 0.15900358606557377 0.14539574795081966 0.06403688524590162 0.19211065573770492
17 0.2358478483606557 0.14779713114754098 0.08644979508196726 0.1873078893442623
17 0.3222976434426229 0.15500128073770492 0.08324795081967218 0.1728995901639344
17 0.40394467213114754 0.1606045081967213 0.07364241803278693 0.15849129098360654
17 0.4810809945447497 0.1745422660749889 0.07742838253212236 0.16395389690407616
17 0.5593747403910058 0.18945710498444873 0.07392366110988036 0.1525997258419133
17 0.6376077047663882 0.19547272613838954 0.07462419331656012 0.14848655785835602
14 0.7150511968166937 0.21560916385135134 0.07665436312336915 0.17419763513513514
14 0.7954566695281347 0.21953034136852015 0.07095979175897205 0.1584372057764732
16 0.18862064549180327 0.33190317622950816 0.08164702868852464 0.1168673155737705
16 0.26786629098360654 0.33910732581967207 0.07044057377049173 0.10566086065573771
16 0.3399077868852459 0.34310963114754095 0.07044057377049184 0.10405993852459017
16 0.4071465163934426 0.35431608606557374 0.06723872950819676 0.09765625
16 0.47918801229508196 0.35831839139344257 0.06723872950819676 0.09285348360655737
16 0.5432248975409837 0.3607197745901639 0.06083504098360659 0.09765625
16 0.6056608606557377 0.3687243852459016 0.06403688524590156 0.09445440573770492
16 0.6720991290983607 0.37352715163934425 0.06243596311475419 0.09125256147540983
16 0.7353355532786885 0.3799308401639344 0.06083504098360648 0.09445440573770492
29 0.4399654200819672 0.8369941086065573 0.04642674180327877 0.1152663934426229
2 0.5695469659592995 0.6638499331170309 0.07044057377049173 0.17930327868852458
5 0.6463545705028799 0.6640945184426229 0.08004610655737698 0.16969774590163933
2 0.5672387295081968 0.8233862704918032 0.06723872950819665 0.12327100409836067
16 0.19422387295081964 0.4703829405737704 0.07684426229508207 0.14088114754098363
16 0.26706582991803274 0.47278432377049173 0.07204149590163939 0.13607838114754106
16 0.3399077868852459 0.47278432377049173 0.0704405737704919 0.13287653688524603
16 0.40714651639344257 0.4783875512295081 0.06723872950819682 0.13127561475409844
16 0.4703829405737704 0.4831903176229508 0.056032274590163966 0.12487192622950827
16 0.528016137295082 0.48639216188524587 0.05603227459016391 0.12487192622950827
16 0.5888511782786885 0.48959400614754084 0.05603227459016391 0.12487192622950827
16 0.6512871413934425 0.48959400614754084 0.05603227459016391 0.12487192622950827
16 0.7073194159836063 0.4911949282786884 0.05603227459016391 0.12487192622950821
16 0.20623078893442615 0.7001152663934425 0.05283043032786905 0.08484887295081989
16 0.26226306352459017 0.7001152663934425 0.05283043032786905 0.08484887295081989
16 0.3166944159836065 0.698514344262295 0.05283043032786905 0.08484887295081989
16 0.3711257684426229 0.6937115778688524 0.05283043032786905 0.08484887295081989
16 0.4255571209016392 0.6921106557377048 0.05283043032786905 0.08484887295081989
16 0.47678662909836045 0.6921106557377048 0.05283043032786905 0.08484887295081989
16 0.4799884733606556 0.6056608606557375 0.05283043032786916 0.07204149590163955
16 0.43035988729508184 0.6072617827868851 0.05283043032786916 0.07204149590163955
16 0.377529456967213 0.6056608606557377 0.05283043032786916 0.07204149590163955
16 0.3246990266393442 0.6072617827868851 0.05283043032786916 0.07204149590163955
16 0.2638639856557376 0.6072617827868851 0.05283043032786916 0.07204149590163955
16 0.2046298668032786 0.6056608606557375 0.05283043032786916 0.07204149590163955
