31 0.6217740058898926 0.4095424175262451 0.05255050659179694 0.13203392028808597
31 0.4555999755859375 0.38946504592895503 0.046178340911865234 0.12473077774047853
29 0.5770358562469482 0.18535330295562744 0.06072540283203132 0.20994844436645504
29 0.4454484939575195 0.17106525897979738 0.06229572296142577 0.23215394020080568
28 0.4855422019958496 0.5666093826293945 0.05704078674316404 0.15810995101928715
29 0.5135160446166993 0.17467622756958007 0.06458177566528323 0.22928595542907715
31 0.4077320218086242 0.3888384342193604 0.046323370933532726 0.12418661117553714
28 0.42311352491378784 0.5657027244567872 0.0639402627944946 0.1583839416503906
31 0.5649992942810058 0.40044417381286623 0.05512542724609382 0.12933683395385742
28 0.5944935070840937 0.574748945236206 0.06310033798217773 0.17500343322753908
28 0.537871265411377 0.5686945915222168 0.042756080627441406 0.15515804290771484
29 0.3754570484161377 0.16987591981887817 0.07100076675415035 0.2251854658126831
31 0.505836009979248 0.3908918619155884 0.05051441192626949 0.1272908687591553
31 0.353515625 0.3854592581775701 0.044721086448598124 0.12868720794392524
28 0.35475414991378784 0.5657027244567872 0.0639402627944946 0.1583839416503906
