41 0.395566463470459 0.44705843925476074 0.05823020935058598 0.07175207138061523
41 0.45667238235473634 0.7638165473937988 0.05122718811035154 0.0637184143066406
41 0.3334524154663086 0.8390626907348633 0.05289855003356936 0.05671768188476567
41 0.331592059135437 0.7749064445495606 0.053467130661010775 0.06336555480957029
41 0.3327942848205566 0.9043801307678223 0.05339136123657223 0.0666069030761719
61 0.26286702156066893 0.4445508003234863 0.06264591217041016 0.07588586807250974
41 0.4559764862060547 0.8275546073913574 0.051622200012207076 0.059214782714843706
41 0.20543432235717773 0.8468242645263672 0.05451059341430664 0.06251220703125004
41 0.39464111328124996 0.7704630851745605 0.05359907150268556 0.06494636535644527
41 0.32982280254364016 0.5097493648529052 0.05920219421386719 0.054262924194335926
46 0.369837474822998 0.6421992301940918 0.083664608001709 0.0557786941528321
41 0.39640097618103026 0.5118791580200195 0.05818786621093752 0.052535343170166005
41 0.4610441207885742 0.4487331390380859 0.05686378479003906 0.0695472717285156
41 0.4541232109069824 0.8916845321655273 0.049582672119140636 0.06282234191894531
41 0.3941065549850464 0.8976494789123535 0.05221104621887207 0.06223926544189451
41 0.24995837211608887 0.0644687756896019 0.06482439041137694 0.08350682556629181
41 0.4605559349060059 0.5121238708496094 0.056540489196777344 0.05340137481689455
41 0.3956680536270142 0.8349815368652345 0.052475690841674805 0.0590080261230469
41 0.3265739202499389 0.2572378396987915 0.05999560356140138 0.08144388198852537
41 0.45848989486694336 0.33072242736816404 0.057054424285888694 0.05233049392700195
41 0.39365396499633787 0.2634986400604248 0.05875091552734374 0.07779884338378903
61 0.1918435335159302 0.4436100959777832 0.06407394409179687 0.0775135040283203
41 0.2683676481246948 0.8428741455078126 0.05628323554992676 0.05818595886230471
41 0.20241417884826662 0.7787309646606445 0.056121921539306646 0.06945781707763676
61 0.1939636468887329 0.5092751502990722 0.06401820182800294 0.0544609069824219
61 0.26276807785034184 0.5095978260040284 0.06216735839843751 0.05515632629394529
46 0.2871046304702759 0.6376542091369629 0.07451109886169432 0.05033683776855469
41 0.27118868827819825 0.9083163261413574 0.05522966384887695 0.06713714599609377
41 0.3949128150939941 0.08175354003906249 0.06146945953369137 0.07845969200134277
41 0.20910351276397704 0.9149150848388672 0.05558810234069825 0.07179145812988286
46 0.20528604984283447 0.6418714046478271 0.07824950218200682 0.0670758247375488
41 0.3307395458221436 0.4448434829711914 0.056546974182128895 0.07135677337646484
46 0.4597215672061868 0.6491999835184176 0.0806695898918256 0.0663259088176571
41 0.3239744186401367 0.3238231420516968 0.0634298324584961 0.05464119911193849
41 0.4610465049743653 0.08467758893966675 0.0593097686767578 0.07879183292388917
41 0.39316208362579347 0.32856469154357915 0.060767412185668945 0.0523080348968506
41 0.26720967292785647 0.778771734237671 0.0556417465209961 0.06506261825561521
41 0.32259540557861327 0.07141186594963074 0.06228351593017578 0.0793732762336731
41 0.39223484992980956 0.14608896970748902 0.06281337738037107 0.05291974544525148
41 0.32093040943145756 0.13846287727355958 0.06471447944641112 0.05493764877319336
41 0.17457295656204225 0.05687766224145889 0.06581814289093016 0.08523516356945038
41 0.24953188896179201 0.13334484100341798 0.06614217758178711 0.056221008300781264
41 0.4582350730895996 0.2677220821380615 0.056603431701660156 0.07531003952026366
41 0.45964358886786266 0.1521384719198784 0.06281337738037107 0.052919745445251465
41 0.1776313624550811 0.12487927971951729 0.06661504791901177 0.052716551180434446
41 0.2570865761743833 0.3244920204763543 0.0634298324584961 0.05464119911193849
41 0.2596860777841855 0.2565689612741339 0.05999560356140138 0.08144388198852537
41 0.1815033141880819 0.3198098715037516 0.06342983245849604 0.05464119911193849
41 0.18410281579788415 0.2518868123015312 0.05999560356140132 0.08144388198852537
