54 0.5017520904541015 0.5306961059570312 0.02918300628662107 0.08176898956298823
0 0.591471815109253 0.6669818878173828 0.044781398773193315 0.13383827209472654
14 0.4414978504180908 0.17570168972015382 0.03538932800292971 0.06360578536987305
3 0.45806446075439455 0.6607141494750977 0.042305946350097656 0.13535823822021475
34 0.609230136871338 0.4122793674468994 0.030291938781738303 0.05890378952026365
9 0.37109037048845406 0.6606233884053059 0.04103239760341415 0.13534692741302112
23 0.41202305555343627 0.2833068370819092 0.03295824527740476 0.060297679901123
1 0.5019466400146484 0.663027000427246 0.04279270172119143 0.1359350204467774
14 0.5838390350341798 0.17659432888031007 0.03421630859375002 0.06320657730102539
14 0.5134912490844726 0.17659958600997924 0.03514881134033199 0.06286303997039794
52 0.44202508926391604 0.5315433502197265 0.028422737121581998 0.07960586547851561
5 0.6372803688049316 0.6719637870788574 0.041321182250976585 0.13533420562744136
14 0.4775604248046875 0.175717556476593 0.03426113128662106 0.06405680179595946
24 0.6451016902923583 0.28613941669464116 0.034716224670410134 0.0654135227203369
19 0.6195693492889405 0.17590765953063964 0.03387804031372077 0.06442642211914062
24 0.610391902923584 0.2853790521621704 0.03333492279052741 0.06332778930664062
34 0.6405207633972168 0.4129101753234863 0.03031425476074212 0.060080718994140636
34 0.671692705154419 0.4161860942840576 0.029860591888427712 0.0670170783996582
14 0.5488555908203125 0.17686539888381958 0.03351287841796868 0.06239621639251708
29 0.38152630329132076 0.831719970703125 0.04563050270080565 0.1612110137939453
26 0.5762387275695801 0.41352168321609495 0.03231048583984375 0.05717256069183346
18 0.3451245307922363 0.2843258857727051 0.034292316436767556 0.06008715629577638
18 0.37870292663574223 0.28353347778320315 0.031703662872314464 0.06025867462158202
54 0.4718754291534424 0.5306735992431642 0.028521823883056685 0.08108081817626955
26 0.48092331886291506 0.4129684567451477 0.031089973449707042 0.057367682456970215
17 0.3697659492492676 0.17477455139160156 0.036102294921875 0.06398324966430663
29 0.42766342163085935 0.8326200485229492 0.0456989288330078 0.1607263565063477
25 0.47819132804870607 0.28494536876678467 0.0318173408508301 0.05925765037536623
29 0.47450284957885747 0.8338467597961425 0.046213912963867176 0.16016540527343748
17 0.40566468238830566 0.17579100131988526 0.03434944152832031 0.06284112930297853
26 0.5436564922332764 0.41406855583190916 0.031228065490722656 0.056857681274414096
25 0.5109992027282715 0.2854777336120605 0.03176670074462895 0.05919256210327145
19 0.6552259445190429 0.18556296825408936 0.034803581237793035 0.08434419631958007
17 0.3330954313278198 0.17468044757843018 0.036956405639648415 0.06431169509887696
24 0.6789512634277344 0.2931331157684326 0.03090114593505855 0.07909402847290042
59 0.3535683393478394 0.5292668342590332 0.02745428085327145 0.08007678985595706
26 0.5127094268798829 0.4132878422737122 0.03081502914428713 0.057372832298278775
25 0.5768554210662842 0.2856127262115479 0.03112163543701163 0.06068501472473148
25 0.5445521354675293 0.28542256355285645 0.033330345153808616 0.05974979400634761
2 0.5458471775054932 0.6647284507751465 0.043519783020019576 0.13506717681884772
59 0.3833165645599365 0.5295783996582031 0.02879467010498049 0.08080587387084959
29 0.5192742347717285 0.8344939231872559 0.04241065979003911 0.15968780517578118
47 0.3835721254348755 0.4053170680999756 0.0310044765472412 0.06814413070678715
28 0.5887294881484088 0.8627722908468807 0.035345481423770586 0.10775391073787921
28 0.5555637368210802 0.8624379255392172 0.02963829212360558 0.106093005733089
23 0.4454496383666992 0.28410739898681636 0.0317512512207031 0.059900474548339855
52 0.4124412059783935 0.5308846473693848 0.02815895080566405 0.0794328689575195
56 0.41837248802185056 0.405791711807251 0.03209934234619144 0.06854858398437502
51 0.589735746383667 0.5313864707946778 0.03023386001586914 0.08300151824951174
6 0.41489395080321284 0.6602111571285141 0.043141315261044144 0.13452246485943775
31 0.6212565104166666 0.8714192708333333 0.0283203125 0.08658854166666663
31 0.6486002604166666 0.8709309895833334 0.02571614583333348 0.0869140625
