52 0.35564012527465816 0.3918257713317871 0.027390193939208995 0.07653388977050785
47 0.5494052410125733 0.40653815269470217 0.025125217437744096 0.06040649414062499
18 0.37712509632110597 0.29627456665039065 0.029418087005615212 0.05537891387939453
47 0.5754469871520995 0.40732336044311523 0.025723075866699197 0.06001224517822268
18 0.3469348907470703 0.2959801912307739 0.029853916168212924 0.05559086799621582
14 0.5598280906677247 0.1968077778816223 0.03045520782470701 0.05850627422332763
54 0.38353524208068845 0.39225149154663086 0.025825691223144542 0.07569036483764646
14 0.621987247467041 0.19856431484222412 0.03028793334960933 0.05856604576110841
26 0.5840692520141602 0.30370464324951174 0.02916641235351558 0.056117630004882846
0 0.4267915725708008 0.5181673049926758 0.036820793151855435 0.12469987869262689
24 0.5534059524536132 0.30240821838378906 0.02902355194091799 0.05712327957153318
16 0.5279978752136231 0.19598156213760376 0.030968856811523393 0.05828363895416261
56 0.5201936721801758 0.4049508571624756 0.02764892578125 0.06191387176513674
15 0.368292236328125 0.19173316955566405 0.03034691810607909 0.05929784774780275
23 0.43620653152465816 0.2986223936080933 0.029787254333496105 0.05404434204101566
14 0.590865182876587 0.1981785774230957 0.03010063171386712 0.05868043899536132
23 0.4660239696502686 0.29958415031433105 0.02791767120361327 0.05513439178466795
16 0.4956324100494385 0.19486479759216307 0.03206281661987309 0.058560228347778326
19 0.3148371458053589 0.29499387741088867 0.031852102279663064 0.05622882843017574
29 0.3432098150253296 0.7693656921386718 0.037700986862182595 0.133668327331543
29 0.4205190181732178 0.77591872215271 0.03895587921142579 0.13170518875122061
26 0.6422330856323242 0.3056631326675415 0.02994117736816404 0.05654406547546387
26 0.6131207466125488 0.30549333095550535 0.028011512756347723 0.056006383895874035
16 0.4628438949584961 0.19422516822814942 0.03164138793945315 0.058591079711914074
17 0.30445013046264646 0.19032511711120606 0.032191944122314464 0.06068296432495118
1 0.3881329774856567 0.515614128112793 0.03868327140808103 0.12371511459350581
17 0.3368003845214844 0.19051156044006348 0.03197784423828126 0.05981731414794922
25 0.4957514762878418 0.3008553266525269 0.028842735290527333 0.055316877365112316
25 0.5243563652038574 0.3016559839248657 0.02809829711914058 0.05568947792053219
29 0.6084001064300537 0.7839094161987304 0.04343223571777344 0.13296394348144536
23 0.4062779307365417 0.29773950576782227 0.02763826847076417 0.05468959808349605
29 0.49784240722656253 0.7801997184753418 0.040013694763183616 0.13206462860107415
29 0.5722384929656983 0.7792488098144531 0.03126811981201172 0.12874145507812496
29 0.4588507652282715 0.7786805152893066 0.037236404418945324 0.13191337585449225
5 0.6203200340270996 0.5262009620666503 0.03938865661621094 0.12303962707519533
29 0.38187925815582274 0.7710464954376222 0.03812766075134277 0.13428697586059568
31 0.4726371765136719 0.6560808181762695 0.025717544555664107 0.07856578826904292
15 0.4302680015563965 0.19350337982177734 0.03189220428466799 0.058925676345825184
29 0.5366941452026367 0.7821500778198243 0.039738464355468794 0.13311252593994138
15 0.39858396053314205 0.19254127740859983 0.03049607276916505 0.05869343280792236
31 0.5283061027526856 0.6585654258728028 0.02620277404785154 0.0804281234741211
55 0.4102013111114502 0.3918462753295898 0.026754570007324174 0.0756699562072754
4 0.5028871059417724 0.5219701290130615 0.0375807762145996 0.1208072662353516
5 0.4645859241485596 0.5203948497772217 0.03584260940551759 0.1188849449157715
31 0.4457254409790039 0.6547408103942871 0.026629638671874956 0.07692394256591806
56 0.4907160758972168 0.4031129002571106 0.027792930603027344 0.06329438686370847
8 0.5416981697082519 0.5236964225769043 0.03765859603881838 0.12037391662597652
1 0.3484078645706177 0.5144577026367188 0.039743328094482444 0.12190055847167969
5 0.5808343887329102 0.5250621795654297 0.037515449523925826 0.12237472534179683
51 0.32677264213562013 0.39134104251861573 0.027857923507690452 0.07598862648010252
31 0.5005149841308594 0.6566199779510498 0.02873373031616211 0.08129901885986335
15 0.3478186368942261 0.5134215831756592 0.03852963447570801 0.1233582496643067
31 0.33298399390243905 0.6473894817073171 0.02953506097560976 0.07431402439024382
31 0.36442454268292684 0.6454839939024392 0.02953506097560976 0.07431402439024382
31 0.39205411585365857 0.6490567835365855 0.024771341463414642 0.07002667682926822
31 0.4196836890243903 0.6528677591463414 0.024771341463414642 0.07002667682926822
31 0.5573647917770759 0.6628527734337784 0.02620277404785154 0.0804281234741211
31 0.5816597612892709 0.6638055173362174 0.02620277404785154 0.0804281234741211
31 0.6092893344600028 0.6619000295313393 0.02620277404785154 0.0804281234741211
