18 0.7007995605468751 0.6659327030181885 0.024966621398925803 0.05242776870727539
18 0.7481101036071778 0.6681246280670166 0.02170085906982422 0.0506439208984375
18 0.7252856254577638 0.6672635078430176 0.02269802093505857 0.051417541503906206
18 0.7702460289001465 0.6690531730651855 0.021884346008300692 0.051023674011230424
19 0.7308186531066894 0.32821855545043943 0.02399311065673826 0.05663423538208007
14 0.7422388076782227 0.5049757957458496 0.023371315002441384 0.05423469543457027
14 0.7907094478607177 0.5071001529693604 0.024311733245849676 0.05361166000366213
14 0.7176518440246582 0.5035481452941895 0.025633621215820357 0.0544488906860352
28 0.5114273071289063 0.16798002719879152 0.026663780212402344 0.07053952217102052
16 0.8614359855651855 0.5097458362579346 0.02561111450195308 0.054258918762207065
16 0.8142791748046876 0.5081921100616456 0.02208366394042971 0.053438091278076194
19 0.7786449909210205 0.3291762828826904 0.023138046264648438 0.05520572662353512
16 0.8367111206054687 0.5088931083679199 0.021880722045898415 0.05246715545654296
25 0.6999581336975098 0.8152637243270874 0.021609592437744074 0.04818921089172368
28 0.5393268585205078 0.16735527515411378 0.026642036437988348 0.07143907546997069
25 0.8318195343017578 0.8203462600708007 0.021718215942382768 0.0461555480957031
25 0.8085599899291992 0.8200190544128418 0.02243328094482422 0.0495124816894531
16 0.8386035919189453 0.5567949295043946 0.023474502563476607 0.035956382751464844
28 0.48377532958984376 0.1671602249145508 0.02632627487182615 0.06876211166381838
14 0.766224241256714 0.5063551902770996 0.02337636947631838 0.05348606109619142
25 0.745356559753418 0.8635391235351563 0.021437454223632857 0.0302276611328125
25 0.7220283508300781 0.8145961761474609 0.021106719970703125 0.047484970092773526
19 0.7546253681182862 0.3286503791809082 0.02309894561767578 0.05538434982299806
28 0.59425048828125 0.16579735279083252 0.02615089416503913 0.06882882118225098
25 0.743367052078247 0.8156509637832641 0.019424152374267534 0.049991941452026345
25 0.7635178565979004 0.8166325569152832 0.02010269165039058 0.05067024230957029
16 0.814790916442871 0.5561396598815918 0.023374557495117188 0.03602027893066406
25 0.7852746963500976 0.8186210632324219 0.02232923507690432 0.050715637207031206
28 0.5670657157897949 0.16663233041763303 0.026614570617675692 0.07167384624481202
16 0.8622724533081054 0.5562849044799805 0.023016738891601496 0.03515548706054683
25 0.766228199005127 0.8656771659851075 0.0213775634765625 0.029503250122070335
29 0.45357837677001955 0.49356946945190433 0.03682003021240238 0.12636985778808596
25 0.7879122257232667 0.8683198928833008 0.02189769744873049 0.03127937316894536
25 0.8096921920776368 0.8672140121459961 0.02101554870605471 0.02817325592041009
23 0.8616903305053711 0.6726164817810059 0.022789955139160156 0.05147972106933585
28 0.45737495422363283 0.16488834619522094 0.023925209045410123 0.0685044527053833
19 0.7063776016235352 0.3278377056121826 0.02434597015380857 0.057930278778076216
25 0.8317447662353515 0.8678312301635742 0.021521377563476607 0.027147102355957076
29 0.490170955657959 0.49352617263793946 0.036261177062988315 0.1263450622558594
29 0.4814959049224854 0.6559266567230224 0.035614681243896495 0.11662330627441408
29 0.5568708419799805 0.6594377517700196 0.03921585083007817 0.12090148925781252
25 0.8553491592407227 0.8682952880859375 0.02329120635986326 0.026697921752929732
19 0.802709412574768 0.3295638084411621 0.02333025932312005 0.0549746513366699
15 0.8268800735473633 0.32959504127502437 0.024113464355468794 0.05403165817260741
25 0.7228488922119141 0.8616266250610352 0.021419715881347612 0.028848648071289062
14 0.7189802169799804 0.5593424797058106 0.024930572509765603 0.05304870605468748
29 0.5182065963745117 0.6572344779968262 0.038219070434570346 0.11733303070068357
18 0.7042766571044923 0.7114010810852051 0.021129703521728493 0.02948760986328125
16 0.7909990787506103 0.5544497489929199 0.02311697006225588 0.03440170288085931
25 0.8100712776184082 0.874784278869629 0.02117786407470701 0.042771530151367254
23 0.7931817531585694 0.6703904151916504 0.023189449310302757 0.0516736984252929
29 0.5665566444396972 0.4963834285736084 0.0365674972534179 0.1261233329772949
28 0.6222459316253662 0.16475059986114501 0.028567123413085982 0.06705718040466307
19 0.708214807510376 0.37661242485046387 0.022336959838867188 0.03805732727050781
25 0.7000998020172119 0.8611799240112304 0.022341918945312456 0.027874755859375044
15 0.8522154214247217 0.33097696934106213 0.024113464355468794 0.05403165817260741
18 0.7255894913623981 0.7143985025242163 0.021129703521728493 0.02948760986328125
28 0.5703447078491425 0.34777070475624994 0.028567123413085982 0.06705718040466307
28 0.5409795417652263 0.34845361559541077 0.028567123413085982 0.06705718040466307
28 0.5109314648421494 0.34640488307792827 0.028567123413085982 0.06705718040466307
15 0.8540415943793531 0.3762847693461292 0.023512876258706128 0.031732219120241545
15 0.8301361581814364 0.37577614304404594 0.023512876258706128 0.031732219120241545
19 0.8054416656494141 0.3745795011520386 0.020917510986328103 0.0310737450917562
19 0.7820448557535806 0.37559675375620527 0.020917510986328103 0.0310737450917562
19 0.7571221669514974 0.3761053800582886 0.020917510986328103 0.0310737450917562
19 0.7321994781494141 0.3745795011520386 0.020917510986328103 0.0310737450917562
23 0.8386517081462161 0.6733042018514284 0.022789955139160156 0.05147972106933585
23 0.8159569458222724 0.6712410416401607 0.022789955139160156 0.05147972106933585
18 0.7481373198007669 0.7148347761730485 0.02221127589142391 0.030360157160945422
18 0.7722075222655557 0.715522496243471 0.02221127589142391 0.030360157160945422
18 0.7952461446247107 0.716897936384316 0.02221127589142391 0.030360157160945422
29 0.44471627829910876 0.6546583937360095 0.035614681243896495 0.11662330627441408
29 0.5294871082553616 0.49225790965092653 0.03626117706298826 0.1263450622558595
