9 0.26436481475830076 0.7380613327026367 0.04642772674560544 0.14520740509033203
26 0.3210850954055786 0.610288667678833 0.03455619812011723 0.0650912284851074
19 0.29354114532470704 0.3751242160797119 0.0399147033691406 0.07167310714721675
26 0.5023384094238281 0.5867602348327636 0.02840385437011722 0.06016273498535163
16 0.6445610046386718 0.2609044075012207 0.028588485717773504 0.06393213272094728
54 0.44971742630004885 0.47681312561035155 0.03010025024414059 0.08613052368164065
14 0.5207157135009766 0.2552077293395996 0.03249435424804692 0.06738038063049315
19 0.3334210395812988 0.3755606174468994 0.03726282119750979 0.0702188491821289
18 0.5105633735656738 0.37570605278015134 0.032742309570312544 0.06072978973388671
51 0.38634049892425537 0.48053750991821287 0.0305178165435791 0.08711204528808597
26 0.41674175262451174 0.5980348110198974 0.030137443542480435 0.06372461318969724
18 0.47778000831604006 0.37568771839141846 0.032274436950683605 0.06284203529357912
14 0.4857224941253662 0.25204403400421144 0.035149002075195335 0.07096314430236816
17 0.33172173500061036 0.23981099128723143 0.04064931869506838 0.07708015441894531
51 0.3537344455718994 0.48189601898193357 0.031594276428222656 0.08902816772460936
14 0.44963736534118653 0.24913735389709474 0.03574228286743164 0.07311410903930662
47 0.5939682780242548 0.47507438078159236 0.023953687853929484 0.06452349453437617
26 0.3542996644973755 0.6060530185699463 0.03076348304748533 0.06441974639892578
26 0.3857052803039551 0.6005649566650391 0.03070373535156251 0.06364269256591792
5 0.3046834945678711 0.896245002746582 0.04317331314086914 0.1435760498046874
15 0.37229766845703127 0.24285950660705566 0.039240360260009766 0.07794923782348634
26 0.2863530874252319 0.6159900665283203 0.03357658386230472 0.06755189895629887
5 0.34792611598968504 0.8863059043884277 0.04023909568786621 0.13844375610351567
17 0.2516183853149414 0.23480331897735596 0.03597912788391111 0.0803318500518799
26 0.47452821731567385 0.5894531249999999 0.02692451477050778 0.06021270751953123
16 0.5526704788208008 0.25675258636474607 0.029823112487793013 0.06530523300170896
25 0.5414538383483887 0.37498137950897215 0.02829198837280278 0.06042218208312988
26 0.2546988010406494 0.6208630084991456 0.027608633041381836 0.07277307510375974
16 0.6736381530761719 0.2635116338729858 0.02847156524658201 0.06529254913330079
17 0.290097427368164 0.23663067817687988 0.041326093673706044 0.07942829132080076
16 0.6150636672973633 0.25907928943634034 0.028566932678222745 0.06411833763122557
52 0.4179235458374023 0.4789854049682617 0.029620742797851596 0.08559417724609375
29 0.5102618217468262 0.8385265350341797 0.03389587402343752 0.12952785491943353
59 0.5084908485412598 0.4749505043029785 0.02764244079589845 0.08165397644042971
16 0.5846441745758058 0.2584680557250977 0.03234014511108396 0.06410336494445804
23 0.4440085411071777 0.37677984237670903 0.034127044677734364 0.06427364349365233
13 0.47118825912475587 0.8733672142028809 0.04488506317138674 0.0925237655639648
26 0.44648294448852544 0.5933989524841309 0.02802391052246095 0.0608418464660645
2 0.2606601238250732 0.9093133926391601 0.042821693420410145 0.14785842895507806
26 0.5564717051688205 0.5801272025269069 0.025530957639886998 0.05645349213246553
0 0.5269872665405273 0.6921744346618652 0.034766006469726496 0.11627807617187491
15 0.4117960810661316 0.2458068609237671 0.037912392616271995 0.07515544891357423
28 0.5693845748901367 0.8391018152236939 0.031832885742187456 0.09866328239440914
26 0.5302762508392334 0.5834479808807373 0.026678466796875022 0.056715202331543035
2 0.5658143997192382 0.6847436428070068 0.04215869903564451 0.11755008697509761
19 0.25435433387756345 0.38034257888793943 0.03457369804382324 0.08751821517944336
25 0.5680294036865234 0.37420096397399905 0.026357650756835938 0.06090841293334964
25 0.6253305435180664 0.37249045372009276 0.02771348953247066 0.06088685989379883
23 0.4083416938781738 0.37668962478637696 0.03574142456054685 0.0658846855163574
25 0.5964224815368653 0.37309308052062984 0.029488563537597656 0.060854721069335926
0 0.44798030853271487 0.7043130397796631 0.04221658706665038 0.12700014114379887
47 0.5365620613098144 0.4760983467102051 0.027416419982910112 0.07417316436767579
3 0.311834168434143 0.7325238227844239 0.04703121185302733 0.1342172622680664
16 0.37156774997711184 0.3761154651641846 0.036898088455200206 0.06733446121215819
3 0.40348273515701294 0.715278434753418 0.044665503501892134 0.13381652832031243
28 0.5392635345458985 0.8413593292236328 0.026778030395507746 0.10187950134277346
11 0.38851141929626465 0.872830867767334 0.0380119323730469 0.1401630401611329
24 0.6531566143035888 0.373559832572937 0.026458454132080034 0.06410622596740723
3 0.3580730438232422 0.7249926567077637 0.044004535675048806 0.1292836189270019
56 0.5662454605102538 0.47626304626464844 0.029596900939941384 0.06738100051879886
0 0.48959403038024907 0.6996227264404298 0.03683919906616212 0.11743011474609377
54 0.47992777824401855 0.4758453845977783 0.027690696716308638 0.08317003250122068
33 0.5838307584269662 0.5738456811797753 0.026114817415730296 0.061446629213483206
34 0.6107136587078652 0.5724192415730337 0.026334269662921295 0.053765800561797805
11 0.4264250222374411 0.8716819707085105 0.0380119323730469 0.1401630401611329
