12 0.4411980628967285 0.8025005102157593 0.0462471008300781 0.07400822639465332
47 0.7254769325256347 0.34958982467651367 0.04805450439453118 0.09610300064086919
24 0.34712867736816405 0.5825039863586425 0.036114835739135764 0.0599207878112793
13 0.390245838502867 0.8063089261012795 0.05261119910046058 0.0751800756538864
23 0.38820786476135255 0.48664302825927735 0.042606353759765625 0.07482357025146491
54 0.6177820205688477 0.47118320465087893 0.03605384826660152 0.07902507781982426
54 0.5784711837768555 0.47255191802978513 0.0395355224609375 0.07816085815429691
14 0.33439188003540044 0.38385207653045655 0.04598517417907716 0.09498181343078616
26 0.38185911178588866 0.6693805694580078 0.03218698501586914 0.047497558593750044
16 0.24123539924621581 0.3900847673416138 0.0474079132080078 0.08814921379089352
26 0.3161395072937012 0.6728339672088623 0.03160686492919923 0.04692020416259768
26 0.34888548851013185 0.6714069843292236 0.03139696121215818 0.04699840545654288
29 0.5674753665924073 0.8829264640808105 0.038969898223876975 0.10446090698242183
24 0.31018633842468263 0.5842187881469727 0.036649227142333984 0.0595375061035156
47 0.6819624900817871 0.34904799461364744 0.03836765289306632 0.0958076000213623
24 0.38327224254608155 0.5802846431732178 0.035431623458862305 0.058951187133788996
24 0.4195205688476562 0.5772788047790527 0.035424041748046864 0.060347557067871094
16 0.19157545566558837 0.3910894870758057 0.055164337158203125 0.08609848022460936
16 0.28741846084594724 0.38587520122528074 0.04471416473388673 0.09337944984436036
59 0.5729962348937989 0.5779486656188966 0.03208103179931643 0.0731025695800781
54 0.538240909576416 0.4740608215332031 0.03760547637939449 0.07804851531982415
26 0.28320720195770266 0.6740597248077392 0.03292651176452638 0.04538173675537105
14 0.38170461654663085 0.38141870498657227 0.04499673843383789 0.09775676727294924
59 0.5407801151275635 0.5787408351898193 0.028433704376220725 0.07211627960205069
25 0.27108330726623536 0.5870415210723877 0.03980112075805664 0.056448936462402344
23 0.347148847579956 0.48801798820495607 0.03833179473876952 0.0733777046203613
59 0.6075544357299805 0.5761598110198975 0.032931518554687456 0.07216081619262693
2 0.33994369506835936 0.7854280948638916 0.04415903091430662 0.12233819961547854
56 0.6410635948181153 0.3505177974700928 0.04286479949951172 0.09726352691650392
29 0.6108752250671388 0.8824254989624023 0.04246511459350588 0.10345306396484377
19 0.23815009593963624 0.48435211181640625 0.0381640911102295 0.07598819732666012
26 0.25786776542663575 0.6745309829711914 0.019740247726440452 0.04363050460815421
55 0.6545385837554931 0.4710230350494385 0.03369626998901365 0.07571516036987302
51 0.6752257347106934 0.5749693393707276 0.03196029663085942 0.07062730789184568
19 0.3108001708984375 0.485659122467041 0.032043123245239225 0.07400779724121098
19 0.2763575553894043 0.4842279434204102 0.03579282760620117 0.07568378448486329
28 0.6201129913330078 0.7675437450408935 0.03593044281005864 0.07980318069458014
28 0.5836448192596435 0.7686247825622559 0.03667173385620115 0.07937908172607422
25 0.23686344623565672 0.5859969139099122 0.02689056396484374 0.058526039123535156
8 0.2955320596694946 0.791820764541626 0.0400256633758545 0.11203527450561523
55 0.7108780164567251 0.5726441905612036 0.03196029663085942 0.07062730789184568
28 0.6447431074834502 0.6772333191559379 0.03593044281005864 0.07980318069458014
28 0.6085509979619388 0.6775309777892796 0.03399220610086895 0.07953428335949364
28 0.5398459371212307 0.6770988704883947 0.03399220610086895 0.07953428335949364
11 0.44960764657079644 0.8985671321902654 0.03845754977876109 0.08771778207964598
11 0.4094216675884955 0.9059129563053097 0.03845754977876109 0.08771778207964598
4 0.36880358130530966 0.9026721515486724 0.03845754977876109 0.08728567477876104
51 0.6983132839202881 0.47009944915771484 0.03922548294067385 0.07679939270019531
55 0.6415686130523681 0.5747828006744384 0.03369626998901365 0.07571516036987302
28 0.543931277592977 0.7731820742289225 0.03667173385620115 0.07937908172607422
28 0.6572583134188974 0.768142863139053 0.03593044281005864 0.07980318069458014
28 0.5750223521286055 0.6781820194559464 0.03399220610086895 0.07953428335949364
