41 0.4017972111701965 0.7259217739105224 0.07995755672454835 0.08011159896850584
41 0.4948647499084473 0.7228872299194335 0.07720298767089845 0.0813376426696778
44 0.5887453079223632 0.6722292900085449 0.07440662384033203 0.061573028564453125
44 0.5878235340118408 0.7340150356292725 0.07487411499023433 0.0595620155334472
41 0.39914445877075194 0.638782262802124 0.08270549774169922 0.08830499649047852
45 0.6948138236999513 0.4059890270233154 0.1314817428588867 0.15320348739624023
46 0.30429849624633787 0.40990004539489744 0.1272944450378418 0.12256574630737305
46 0.5600015640258789 0.4264530181884766 0.1276996612548828 0.09477958679199222
41 0.49977865219116213 0.6331098556518555 0.08132696151733398 0.09332056045532233
41 0.3024935245513916 0.7231985092163087 0.08091840744018552 0.08465518951416018
41 0.49740114212036135 0.7950448989868164 0.08031368255615234 0.05848808288574214
41 0.40522842407226567 0.7971076965332031 0.08092479705810546 0.05927391052246089
41 0.2980009078979492 0.6322911739349365 0.08635902404785156 0.08930444717407227
41 0.3097837924957275 0.7972937107086182 0.0810123443603516 0.062456035614013694
46 0.43618738991873607 0.4194775717599051 0.1276996612548828 0.09477958679199222
36 0.39013671875000006 0.1634347098214286 0.1185825892857143 0.07847377232142855
36 0.26981026785714296 0.1599469866071429 0.1185825892857143 0.07847377232142855
