14 0.48562927246093746 0.17789108753204347 0.060190963745117176 0.11154589653015137
15 0.4231092929840088 0.17859741449356079 0.06109495162963863 0.11112539768218993
17 0.3616063594818115 0.17878475189208987 0.06045999526977541 0.1093066692352295
59 0.5782412528991699 0.4667691230773926 0.040119934082031294 0.08589687347412106
59 0.6192750930786133 0.46670989990234374 0.04126548767089844 0.08632736206054681
16 0.547537088394165 0.17642946243286134 0.05687770843505868 0.1097991466522217
51 0.4582661628723145 0.4660055160522461 0.038901519775390636 0.0842622756958008
51 0.49905431548275625 0.46522112850204533 0.038901519775390525 0.08426227569580075
51 0.5390580805429972 0.46600551605224605 0.03890151977539058 0.08426227569580069
51 0.41708581648677234 0.4656133222771457 0.038901519775390636 0.08426227569580075
51 0.3759054701012302 0.4663977098273464 0.038901519775390636 0.08426227569580064
47 0.675537874173338 0.17013930433489963 0.045955882352941124 0.12542126225490197
56 0.616178192800789 0.16659007352941177 0.06510416666666663 0.1282935049019608
