12 0.4210661888122559 0.7043666839599609 0.04311113357543944 0.07370147705078134
54 0.5771968841552735 0.3796000719070435 0.022351837158203103 0.07208943367004395
34 0.37952709197998047 0.5906692028045655 0.023240947723388694 0.04254131317138665
52 0.7382280826568604 0.38146932125091554 0.022945308685302646 0.07501578330993652
3 0.31266055107116697 0.6851184844970704 0.034683322906494174 0.10874557495117188
18 0.7167643547058106 0.2845522403717041 0.025348472595214888 0.0446483612060547
2 0.3807652473449707 0.6848817825317384 0.0352815628051758 0.11270389556884763
4 0.3147782325744629 0.8145161628723144 0.03435115814208983 0.10175876617431645
1 0.3830735683441162 0.8131873846054077 0.034056568145751975 0.10433697700500488
41 0.7388124942779541 0.584124755859375 0.042222213745117254 0.051713180541992254
18 0.6907689094543457 0.284535551071167 0.02542314529418943 0.044690990447998014
18 0.6649707794189452 0.2844545841217041 0.024971389770507835 0.044580268859863326
2 0.3471721649169922 0.6855886459350586 0.03367719650268558 0.1103700637817383
41 0.6897406578063965 0.6710907936096191 0.04067211151123051 0.035871696472168035
41 0.7357704162597656 0.6329933166503906 0.04167633056640618 0.0440826416015625
15 0.30211505889892576 0.2830055713653564 0.024057483673095736 0.044588327407836914
18 0.7427768707275391 0.2843924522399902 0.025604820251464933 0.044760704040527344
34 0.4266496658325195 0.5911983489990235 0.02217578887939453 0.04165725708007817
0 0.34876489639282227 0.814516258239746 0.0324221611022949 0.10397262573242194
17 0.25139579772949217 0.28186798095703125 0.029695701599121105 0.046210861206054665
41 0.6918187141418457 0.6314287185668945 0.03999195098876962 0.043934631347656294
41 0.6022102355957031 0.6313599586486817 0.036711597442626975 0.04302139282226558
26 0.26158106327056885 0.5925740242004395 0.019893550872802757 0.040927124023437456
8 0.2785423040390015 0.6839727401733399 0.03175759315490723 0.10481433868408208
18 0.6130969047546386 0.28413712978363037 0.0253143310546875 0.044611978530883833
29 0.6214459419250489 0.7994354248046875 0.03813571929931647 0.12546348571777344
18 0.6390629768371582 0.2845123767852783 0.026100444793701216 0.044900989532470736
14 0.42862691879272463 0.2847169876098633 0.027632904052734386 0.04431624412536622
59 0.6469939708709717 0.3796943426132202 0.02199335098266597 0.07320857048034668
54 0.6003128051757813 0.379495096206665 0.022778892517089866 0.07256822586059569
26 0.35503296852111815 0.5910170555114747 0.023821258544921897 0.04212112426757819
54 0.5544102191925049 0.37955508232116697 0.022006988525390625 0.07220277786254886
18 0.5630043983459472 0.283447265625 0.024193859100341775 0.04492378234863281
26 0.30718674659729006 0.5915962219238281 0.02282238006591797 0.04191379547119145
15 0.2781619548797607 0.28273963928222656 0.023853588104248036 0.04467096328735354
34 0.40333781242370603 0.5909736156463623 0.02261953353881835 0.042073631286621005
41 0.646120023727417 0.6314648628234862 0.041311359405517556 0.04349365234375002
13 0.46412181854248047 0.7035780429840088 0.04283161163330074 0.07411909103393555
59 0.6238920211791992 0.3794537544250488 0.022403717041015625 0.07257089614868167
18 0.7683721065521241 0.2842483043670654 0.02512302398681643 0.04517345428466796
16 0.2788865327835083 0.3899363994598389 0.02527127265930179 0.0431180953979492
15 0.35218560695648193 0.28414144515991213 0.024326848983764693 0.044274377822875965
25 0.3556642532348633 0.5037789344787598 0.022708892822265625 0.04101600646972653
18 0.5877861022949219 0.28379068374633787 0.024299430847168013 0.04479188919067384
41 0.6445573329925537 0.670628023147583 0.04026050567626949 0.034792423248291016
41 0.6471236705780029 0.5826825618743896 0.03933496475219722 0.0494685173034668
25 0.33218181133270264 0.5038391590118408 0.022980785369873025 0.0410015106201172
26 0.33079848289489744 0.5910750389099121 0.023524618148803744 0.04258251190185547
16 0.2527252435684204 0.39038422107696535 0.02643594741821287 0.04357314109802246
41 0.7330342292785644 0.6731879234313964 0.040425109863281294 0.038482666015625
34 0.44998464584350584 0.5896788120269776 0.022901344299316395 0.044189739227294855
15 0.3272533416748047 0.28354811668395996 0.024758911132812478 0.044713306427002
15 0.3767776966094971 0.28455841541290283 0.02403573989868163 0.043734169006347634
26 0.28364653587341304 0.5918377876281739 0.023169803619384755 0.04168701171875
41 0.6028635025024414 0.5818879127502441 0.038117599487304754 0.05162248611450193
29 0.5829547882080078 0.7983889102935791 0.03692054748535156 0.12617101669311526
41 0.6920339107513427 0.5825112819671631 0.03944196701049807 0.05120658874511719
14 0.40172510147094725 0.2844759464263916 0.025418663024902366 0.044170999526977506
29 0.5488193035125732 0.7979616641998291 0.02959365844726558 0.1269438743591308
25 0.426246452331543 0.5033918380737304 0.023490142822265636 0.040848541259765614
52 0.7611941337585448 0.3819242477416992 0.021946525573730447 0.07637891769409183
14 0.4564432621002197 0.2845903396606445 0.02641324996948241 0.04514789581298828
16 0.35368857383728025 0.3902135372161865 0.02472152709960934 0.04275846481323242
33 0.47413296699523927 0.5876212120056152 0.022892856597900413 0.045744895935058594
25 0.4024683475494385 0.503477954864502 0.02296419143676759 0.04074077606201176
41 0.6000174522399903 0.6706170082092285 0.03779249191284184 0.035131645202636674
25 0.3628599166870117 0.4566193580627441 0.02344064712524413 0.046892929077148426
8 0.4514926433563232 0.8114422082901 0.03170232772827147 0.10204157829284666
25 0.34005155563354494 0.4559946060180664 0.023538684844970736 0.0471491813659668
25 0.3081380605697632 0.5035104751586914 0.023358726501464866 0.04146690368652339
25 0.3789665699005127 0.503734016418457 0.022550010681152366 0.04088058471679684
24 0.4739551544189453 0.5030405998229981 0.021842002868652344 0.03991088867187498
24 0.45062394142150874 0.5031583786010743 0.02322835922241212 0.04068183898925787
25 0.28361823558807375 0.5032769203186035 0.023932123184204068 0.04192047119140624
44 0.5598360538482666 0.6247593879699707 0.04119796752929683 0.0268096923828125
23 0.4553471565246582 0.3910407781600952 0.025335693359374967 0.042801904678344715
16 0.3048471212387085 0.3897242546081543 0.025338268280029275 0.04307270050048828
23 0.42946419715881345 0.3908246517181396 0.025505828857421864 0.04326152801513672
25 0.2592982292175293 0.5030375480651855 0.02341661453247071 0.042801856994628906
16 0.32924318313598633 0.390015697479248 0.024195957183837935 0.042885494232177745
25 0.4284473419189453 0.45620179176330566 0.021627426147460938 0.045874595642089844
28 0.6539000511169434 0.8230758666992188 0.025842380523681596 0.07838687896728513
28 0.6817469596862793 0.8227511405944824 0.028409576416015714 0.07917976379394531
25 0.3843172788619995 0.4574796199798584 0.021694993972778298 0.04737424850463867
25 0.3163574695587158 0.45554027557373045 0.021732807159423828 0.04824581146240231
25 0.27128469944000244 0.45533246994018556 0.022927570343017623 0.04695596694946291
25 0.4065791130065918 0.45740408897399903 0.02215881347656251 0.04692611694335935
25 0.29430563449859615 0.455427360534668 0.022184085845947277 0.046441078186035156
46 0.6152434825897217 0.4767758369445801 0.05612955093383787 0.03332853317260742
44 0.5609698295593262 0.5919868469238281 0.037643051147461026 0.03650121688842767
9 0.4174182415008545 0.8121539115905763 0.0332696914672852 0.10429229736328127
46 0.6797669410705567 0.48224973678588867 0.056342697143554665 0.04240779876708989
46 0.556511926651001 0.4783961772918701 0.04179229736328127 0.034501075744628906
51 0.7151346206665039 0.38034696578979493 0.02172222137451163 0.07457494735717773
14 0.4036485552787781 0.3908571243286133 0.024078392982482932 0.042607498168945324
5 0.2790351867675781 0.8177341461181641 0.032182121276855435 0.09728145599365234
44 0.5582859546419174 0.6534362232874309 0.04119796752929683 0.0268096923828125
51 0.6922024283439491 0.3802622412420382 0.021148487261146487 0.07153164808917195
51 0.6704319267515925 0.3802622412420382 0.021148487261146487 0.07153164808917195
