47 0.4336662292480469 0.5008220672607422 0.027859878540039018 0.06839027404785153
23 0.42832174301147463 0.34517693519592285 0.027424049377441417 0.06541156768798828
54 0.4478735446929932 0.597108793258667 0.026681041717529275 0.08544206619262695
14 0.333479642868042 0.18572678565979003 0.02913122177124028 0.06704187393188477
15 0.3030838489532471 0.25388929843902586 0.03039350509643557 0.06985826492309571
18 0.4021370887756348 0.41292920112609866 0.030848217010498058 0.06479396820068356
14 0.33422627449035647 0.2563000202178955 0.03027148246765138 0.06869006156921387
17 0.17791175842285156 0.25095808506011963 0.030067873001098644 0.0668478012084961
16 0.34199218750000004 0.41234755516052246 0.029558467864990223 0.06498174667358403
16 0.25174546241760254 0.409833824634552 0.030538749694824202 0.06479127407073976
23 0.4316556930541992 0.41178237199783324 0.027046585083007835 0.06396462917327883
25 0.22739005088806152 0.5065133094787597 0.030635833740234375 0.06407423019409186
16 0.3119166851043701 0.41158256530761717 0.029017829895019498 0.06545333862304686
26 0.2106407642364502 0.6985816001892089 0.02679729461669922 0.06181707382202151
15 0.2401911735534668 0.252855920791626 0.030234813690185547 0.06916942596435544
15 0.2713474273681641 0.2533447742462158 0.0311124324798584 0.06987943649291994
28 0.3209757089614868 0.8117399215698242 0.03298201560974123 0.10770034790039062
16 0.31540374755859374 0.3453389644622803 0.028173446655273438 0.062386226654052745
16 0.2821513891220093 0.41060723066329957 0.028336572647094715 0.06546270847320557
59 0.4294908523559571 0.6879382610321045 0.02532167434692384 0.07411489486694334
16 0.1909668207168579 0.40911498069763186 0.029128932952880854 0.0677342414855957
14 0.3644696235656738 0.18535566329956055 0.030493974685668945 0.06772599220275877
59 0.4026196002960205 0.6863708972930909 0.025662994384765603 0.07681713104248045
28 0.6620725631713866 0.6902772903442382 0.033203506469726585 0.10961303710937498
16 0.22100086212158204 0.4094035029411316 0.029854202270507807 0.0657245874404907
14 0.3657546043395996 0.2556602001190186 0.03054876327514644 0.06992330551147458
52 0.3942615747451782 0.5970027446746826 0.02596135139465333 0.08113574981689453
19 0.4493704319000244 0.25452461242675783 0.018622493743896462 0.06975622177124025
16 0.3424298286437988 0.34546651840209963 0.024705219268798817 0.06366567611694335
17 0.2117175102233887 0.1824527382850647 0.03022370338439942 0.06533405780792234
25 0.19751603603363038 0.506305742263794 0.027218389511108415 0.0647187232971192
16 0.28673663139343264 0.3449482202529907 0.028122425079345703 0.06243839263916018
28 0.28784148693084716 0.8110241174697876 0.03125987052917478 0.10894465446472168
59 0.3462692975997925 0.6893012046813964 0.026178884506225575 0.08117733001708982
31 0.6422271251678466 0.8044376373291016 0.027432918548583984 0.08950920104980464
26 0.23822827339172364 0.7008141040802003 0.02703638076782225 0.05711517333984373
28 0.6965086936950684 0.6897605895996094 0.03406314849853509 0.10865097045898442
16 0.23027505874633789 0.3421604633331299 0.02810525894165039 0.06364431381225588
16 0.2583487033843994 0.34343628883361815 0.027951622009277366 0.06350460052490237
16 0.2004305303096771 0.34114699363708495 0.0299484372138977 0.06432628631591797
18 0.3716533660888672 0.41293582916259763 0.02869129180908203 0.06485919952392577
26 0.2915195465087891 0.7012519359588623 0.02545447349548341 0.05656576156616211
26 0.26514554023742676 0.7013084888458252 0.025891351699829146 0.05658111572265634
17 0.2085247039794922 0.25092844963073735 0.03091773986816404 0.06668515205383302
31 0.7381030082702638 0.8163430213928222 0.030804538726806663 0.09378185272216799
15 0.24206900596618652 0.1831887722015381 0.028646469116210938 0.0646674633026123
26 0.3184185028076172 0.7011157989501953 0.026953125000000022 0.05746650695800781
24 0.2879638671875 0.5060050010681152 0.03050751686096187 0.06537494659423826
59 0.37408640384674074 0.6887019157409668 0.02877988815307614 0.08051910400390627
28 0.7316583156585693 0.6900094985961913 0.03435659408569336 0.1093629837036133
17 0.18092015981674195 0.1818758010864258 0.03048861026763916 0.0658712387084961
31 0.672804323832194 0.8079924662907918 0.030313968658447266 0.09078755378723147
33 0.23160200119018554 0.6083567619323731 0.025978040695190413 0.062308883666992165
31 0.6126053810119629 0.8034517288208007 0.031039333343505837 0.08725109100341799
34 0.2871448755264282 0.6086885452270507 0.027540540695190463 0.06337566375732429
31 0.7052366256713867 0.8152019500732421 0.03232803344726565 0.09391288757324212
32 0.555419111251831 0.6901144504547119 0.03423223495483396 0.11027669906616211
28 0.6283680915832519 0.6900972366333007 0.03305187225341799 0.10902013778686526
34 0.2590627908706665 0.608616828918457 0.026662397384643544 0.06212596893310551
28 0.5923476219177246 0.6904024124145508 0.03752079010009757 0.11140727996826172
14 0.3957488536834717 0.25521044731140136 0.02831468582153318 0.06898956298828127
24 0.25808422565460204 0.5065261840820312 0.02851357460021972 0.06434593200683592
18 0.36982269287109376 0.3450061321258545 0.028725147247314453 0.06556949615478519
18 0.39921646118164067 0.34496519565582273 0.02889089584350585 0.06585617065429689
19 0.4252717018127441 0.25467596054077146 0.02941017150878905 0.07009744644165036
14 0.3951824188232422 0.18455374240875244 0.029050922393798806 0.06785798072814941
15 0.30282216072082524 0.18531596660614014 0.02915496826171876 0.06543445587158203
31 0.3532597515318129 0.8185223897298177 0.026522970199584994 0.09916419982910152
33 0.20356900691986085 0.608863115310669 0.028417587280273438 0.062962818145752
56 0.40387530326843263 0.5013544082641601 0.026064395904541016 0.06850624084472651
15 0.2719164609909057 0.18437621593475342 0.03042597770690919 0.06476616859436035
51 0.36685681343078613 0.5961199760437013 0.026392221450805664 0.07984533309936526
28 0.764703369140625 0.6891888618469237 0.030002593994140625 0.10953006744384763
31 0.7685945987701417 0.817719292640686 0.028310871124267556 0.09199366569519041
19 0.44855098724365233 0.18498240709304808 0.01862049102783203 0.06527268886566162
47 0.45407929420471194 0.4996657848358154 0.014735603332519498 0.06847419738769533
19 0.4252251343060565 0.18615875474868282 0.02931703649541384 0.06537150259940858
56 0.3765735559566047 0.5024044754684612 0.026064395904541016 0.06850624084472651
55 0.42045740927419356 0.5973937331989247 0.026251680107526876 0.08610551075268813
31 0.38147155708736846 0.8219946119520399 0.026522970199584994 0.09916419982910152
32 0.22042224080267558 0.8084827027591973 0.039193143812709025 0.11137385033444813
32 0.25553276546822756 0.8086460075250836 0.03233434364548518 0.11104724080267558
32 0.5286381040300642 0.6918370087941488 0.017872601463681193 0.11093163717360721
