16 0.4469175338745117 0.6320796966552735 0.0537747383117676 0.127625846862793
25 0.604283332824707 0.5236725807189941 0.043682098388671875 0.09970779418945308
25 0.6082932472229003 0.6380222320556641 0.04989051818847656 0.12365379333496096
16 0.512168550491333 0.5156899452209472 0.0484064102172852 0.10970306396484375
16 0.5022469520568847 0.6350513935089112 0.05276851654052733 0.12427377700805664
25 0.5599157333374023 0.521349811553955 0.04308662414550779 0.10279188156127927
16 0.46271696090698244 0.5131104469299317 0.04920368194580077 0.10774612426757818
25 0.5564393997192383 0.6358296394348144 0.0495147705078125 0.12152862548828125
16 0.6611605644226074 0.6403145313262939 0.05161781311035152 0.1223214149475097
27 0.494338768115942 0.30539515398550726 0.12737771739130438 0.1330389492753623
41 0.6054404438405797 0.3089334239130435 0.08633378623188404 0.10048686594202894
41 0.7101732336956522 0.3145946557971015 0.08633378623188404 0.10048686594202894
41 0.8163213315217391 0.31884057971014496 0.08633378623188404 0.10048686594202894
