41 0.36735641956329346 0.7811222553253174 0.044061803817749046 0.04656648635864258
41 0.36614971160888676 0.6455014228820801 0.04460887908935546 0.05430316925048828
41 0.39994797706604 0.14689037799835206 0.05848178863525394 0.07950568199157715
41 0.5989689350128173 0.30392429828643797 0.06139926910400384 0.07261767387390133
41 0.5316103935241699 0.3041836738586426 0.058370780944824174 0.07079029083251953
41 0.46926374435424806 0.14704098701477053 0.05914497375488281 0.08100876808166504
41 0.5830703258514405 0.6572129249572753 0.048516368865966775 0.05626039505004876
41 0.46743865013122554 0.22792854309082033 0.05931835174560546 0.07633399963378909
41 0.6027143955230714 0.22711697220802307 0.0630622863769531 0.07607926130294798
41 0.41894216537475587 0.6498650074005127 0.04521932601928713 0.0538885116577148
41 0.42020440101623535 0.83402738571167 0.041828918457031294 0.04299869537353518
41 0.467014217376709 0.8791208267211914 0.043353652954101596 0.03751945495605469
41 0.4187334060668945 0.7024566650390625 0.0466771125793457 0.04599571228027344
41 0.52780122756958 0.7080060958862304 0.04596576690673826 0.048865890502929665
41 0.4201156497001648 0.7874798774719238 0.04414103031158445 0.04573040008544926
41 0.6082005500793457 0.1468415379524231 0.06382560729980469 0.08298947811126708
41 0.4199079036712646 0.875791358947754 0.04189739227294925 0.03750534057617194
41 0.5784786701202393 0.7913520812988282 0.04385242462158201 0.049547004699706965
41 0.3672889471054077 0.6989350318908691 0.04549293518066411 0.04663658142089844
41 0.47402143478393555 0.7899840354919434 0.04168634414672856 0.04402770996093752
41 0.5701695442199707 0.8818415641784667 0.043021869659423784 0.04197559356689451
41 0.46724939346313477 0.3031383752822876 0.05940465927124028 0.07087187767028813
41 0.46918630599975586 0.8358184814453125 0.04231624603271489 0.0421525955200196
41 0.5185773849487305 0.8807182312011719 0.04233970642089846 0.03844604492187509
41 0.3717276811599731 0.8716323852539063 0.04322314262390137 0.03946228027343757
41 0.5801334857940674 0.7130213260650635 0.04645338058471682 0.04830179214477537
41 0.526348066329956 0.7927182197570801 0.04338541030883791 0.045560264587402366
41 0.4727756977081299 0.7045054912567139 0.04429645538330074 0.046976757049560613
41 0.4039445877075195 0.30112552642822266 0.056782054901123036 0.06941995620727537
41 0.5219346046447754 0.8380203247070312 0.044087028503418 0.041560363769531206
41 0.5276384353637695 0.6543431282043457 0.045055389404296875 0.052185344696044966
41 0.3701896667480469 0.8280269622802734 0.0430015563964844 0.0442070007324219
41 0.5337095260620117 0.22878913283348085 0.0608668327331543 0.07450610399246216
46 0.5435325625989077 0.5593181013203352 0.06553859642083704 0.04199779016508465
44 0.6193842887878418 0.49632301330566403 0.03858203887939449 0.04147396087646482
41 0.5734061241149903 0.8376609802246093 0.04153184890747075 0.04255943298339837
61 0.5206073760986328 0.4155137538909912 0.05283927917480469 0.0699065208435059
41 0.340701961517334 0.29823250770568843 0.05660820007324219 0.07251672744750975
46 0.3833581946736617 0.5360263850191513 0.08382520229696372 0.04642744578903513
41 0.5378427505493164 0.1480164647102356 0.059857749938964755 0.08291900157928468
41 0.4726835250854492 0.6523176193237304 0.045559310913085904 0.05414171218872066
61 0.4003267168998718 0.4123422145843506 0.05086443424224851 0.06882810592651367
41 0.4025901794433594 0.22666327953338622 0.05662727355957031 0.07591967582702638
44 0.5716620445251466 0.49129953384399416 0.049954795837402366 0.03854961395263673
61 0.46004123687744136 0.41377792358398435 0.05781383514404298 0.07058525085449219
41 0.33653912544250486 0.2237004518508911 0.06218566894531247 0.07409753799438476
41 0.33309485912323 0.14493112564086913 0.05981626510620114 0.07856369018554686
61 0.40152692794799805 0.47538156509399415 0.05137786865234373 0.05684871673583991
44 0.5733802795410157 0.4487296104431152 0.04948234558105469 0.04358377456665036
46 0.6055915801645182 0.5564257546294507 0.053359419321842405 0.046377357647573336
44 0.6222593307495117 0.4537696838378906 0.03444404602050788 0.03885841369628906
46 0.4670619985182508 0.5424167928078192 0.07840232437463124 0.04769788920450546
41 0.5181705474853515 0.47950429916381837 0.05350189208984374 0.05706081390380857
61 0.45928201675415037 0.47859973907470704 0.055515289306640625 0.05648956298828123
61 0.5180237770080567 0.48013672828674314 0.05345287322998049 0.05703554153442386
36 0.33519278327338126 0.4847684352517985 0.05901528776978415 0.03653327338129497
