54 0.4912670135498047 0.5973775863647461 0.02481069564819338 0.0700753211975097
47 0.5724465847015381 0.5982949256896972 0.026352119445800737 0.06708564758300783
23 0.49059667587280276 0.3910887718200684 0.02824811935424809 0.05457324981689454
18 0.576627254486084 0.392380690574646 0.02892913818359366 0.05193104743957516
14 0.4717411041259766 0.20104303359985354 0.031059741973876953 0.08169093132019042
24 0.4220139503479004 0.5088934898376465 0.03015613555908203 0.06167240142822261
19 0.3682148933410645 0.3858613967895508 0.03272504806518556 0.058776569366455034
14 0.5042963981628418 0.20418777465820312 0.03101596832275394 0.08078784942626954
18 0.5481298446655274 0.39163620471954347 0.027844238281249933 0.052400732040405296
15 0.36869311332702637 0.2693976163864136 0.031462574005126975 0.07344450950622561
14 0.4992124080657959 0.28235673904418945 0.031030464172363326 0.07064609527587892
24 0.3616516590118408 0.5094196319580078 0.030405426025390647 0.06522254943847655
14 0.4349868774414063 0.27738752365112307 0.03065319061279298 0.07353658676147462
23 0.4612449645996094 0.3905393123626709 0.02926044464111327 0.055817413330078114
59 0.491606330871582 0.6891422748565674 0.023855018615722645 0.06749362945556647
15 0.40155782699584963 0.2729851007461548 0.031894969940185536 0.07279372215270996
16 0.5998616218566895 0.21266875863075257 0.030566978454589888 0.07996824979782105
16 0.5317444801330566 0.2824100017547607 0.03157482147216806 0.06655912399291991
15 0.40473785400390627 0.19425406455993652 0.0319835662841797 0.08401412963867189
26 0.3610694169998169 0.703921890258789 0.027819967269897494 0.053605079650878906
16 0.5363933086395264 0.20714187622070312 0.031547260284423784 0.07959737777709963
26 0.33243303298950194 0.7060436248779297 0.027455711364746116 0.0515649795532227
16 0.6235856056213379 0.2885556697845459 0.031244087219238326 0.06820621490478518
55 0.46553821563720704 0.5974178791046143 0.0240936279296875 0.06931619644165032
26 0.3038228988647461 0.7098559856414794 0.0286271095275879 0.05707216262817383
14 0.4671789169311523 0.27983384132385253 0.03109703063964847 0.072601318359375
25 0.29858789443969724 0.5093220710754395 0.030863475799560558 0.06779079437255864
19 0.30014848709106445 0.3890036821365357 0.03358955383300777 0.07494406700134276
29 0.35330815315246583 0.8532721519470214 0.048338890075683594 0.1603559494018555
24 0.47918200492858887 0.5088932037353515 0.027210235595703125 0.060727882385253895
17 0.29842884540557857 0.18274835348129273 0.038562726974487316 0.0841438055038452
25 0.3298680543899536 0.5085963249206542 0.030572319030761685 0.06497154235839842
33 0.5671144008636475 0.508995532989502 0.026867008209228493 0.05855636596679692
59 0.4430246353149414 0.6909654617309571 0.023873329162597656 0.06910362243652346
26 0.389569616317749 0.701868724822998 0.02857494354248047 0.05475196838378904
17 0.30034298896789546 0.2667844772338867 0.03662390708923341 0.07832078933715822
29 0.4009000301361084 0.8498045921325683 0.04707813262939453 0.15605335235595696
59 0.41745476722717284 0.6920466423034668 0.024596691131591797 0.06921043395996085
14 0.4378260612487793 0.19684462547302245 0.03187961578369142 0.08323559761047364
24 0.45090560913085936 0.5091464042663574 0.02708091735839846 0.061052227020263694
17 0.335855770111084 0.18735067844390868 0.03539919853210449 0.08052592277526857
16 0.6333679199218749 0.21426308155059814 0.03354015350341799 0.07921004295349121
16 0.5681648254394531 0.20959618091583251 0.03065567016601567 0.07930541038513184
52 0.38713536262512205 0.6005434513092041 0.025616931915283192 0.06913871765136725
29 0.3043652534484863 0.8544642448425293 0.048579025268554676 0.169464111328125
16 0.5628676414489746 0.2836451053619385 0.028942108154296875 0.06576194763183596
19 0.3345055103302002 0.38617753982543945 0.0327578544616699 0.06469421386718754
16 0.592790937423706 0.2858119964599609 0.029837322235107377 0.06649456024169925
15 0.37127697467803955 0.19003636837005616 0.03363447189331059 0.08530898094177244
19 0.40065250396728513 0.38728146553039555 0.029868984222412076 0.058455753326416005
17 0.33559131622314453 0.2656367301940918 0.033016204833984375 0.07128477096557617
59 0.46710963249206544 0.6903960227966308 0.022649383544921853 0.06858358383178709
33 0.594745683670044 0.5099743843078612 0.02643308639526365 0.05877552032470701
24 0.5079741477966309 0.5086455345153809 0.029216957092285112 0.05965480804443363
24 0.3914641857147217 0.5102396011352539 0.029451274871826194 0.06247272491455075
28 0.5540175914764405 0.8635485649108887 0.02483425140380857 0.08682727813720703
23 0.4312408447265625 0.38914399147033696 0.029390716552734397 0.05640573501586915
23 0.5194211959838867 0.39116210937499996 0.028152275085449263 0.052972984313964855
28 0.47069196701049804 0.8716985702514648 0.029711151123046897 0.08771057128906257
18 0.606175708770752 0.3927734851837158 0.027908706665039085 0.05283660888671876
56 0.5454073905944824 0.5968287467956543 0.02520751953125 0.06936836242675781
28 0.5276685714721681 0.8665323257446289 0.025797462463378884 0.0859439849853516
28 0.49946165084838867 0.8699575424194336 0.02991771697998047 0.08543777465820312
51 0.41425576210021975 0.5985495567321777 0.025543212890625 0.06945724487304694
33 0.539287619949669 0.5095205665916526 0.026867008209228493 0.05855636596679692
55 0.4658946253087398 0.59813069844768 0.0240936279296875 0.06931619644165032
52 0.36111745660322425 0.603038319009934 0.025616931915283192 0.06913871765136725
51 0.4402736681221176 0.5974803277175793 0.025543212890625 0.06945724487304694
32 0.4403013800182482 0.8631814552919708 0.030294822080291994 0.10621008211678828
