41 0.590937614440918 0.5788080215454101 0.0482732772827148 0.05586795806884759
43 0.31993026733398433 0.20876054763793944 0.06093482971191405 0.048410654067993164
41 0.48332328796386714 0.6377635955810548 0.04842548370361327 0.05281744003295896
41 0.4291817665100098 0.638423490524292 0.0488304138183594 0.055657577514648504
41 0.4299295425415039 0.5794028282165526 0.0468935012817383 0.058829879760742165
41 0.4284708976745606 0.780182933807373 0.04636688232421876 0.058386039733886674
41 0.3164366722106934 0.5799046039581299 0.049743556976318326 0.061155509948730535
41 0.37305359840393065 0.6395146369934082 0.05356884002685547 0.05773315429687498
41 0.539186668395996 0.7786344528198242 0.048612785339355535 0.05337715148925781
41 0.5344485282897949 0.8302867889404297 0.045937538146972656 0.04926719665527346
41 0.3157261848449707 0.6403463363647461 0.050666141510009755 0.05759716033935547
41 0.4823281288146972 0.7772885322570801 0.04627132415771479 0.052344322204589844
41 0.5377586841583253 0.5777960777282715 0.04800281524658201 0.05721359252929692
41 0.42721886634826656 0.8373051643371582 0.045679855346679676 0.04851799011230473
41 0.4802072048187256 0.8830012321472167 0.04584360122680664 0.04730167388916018
41 0.48391008377075195 0.5802217483520509 0.04759483337402348 0.05953350067138674
41 0.4818138122558594 0.6902874946594239 0.046588897705078125 0.04916782379150386
41 0.5312585830688477 0.8803705215454102 0.04477672576904301 0.047610473632812456
41 0.481669807434082 0.8315460205078125 0.046282386779785134 0.04921913146972656
41 0.5846605777740479 0.6862958431243896 0.04491338729858396 0.0502222061157227
41 0.5882713317871093 0.6340446472167969 0.04644470214843743 0.05356597900390625
41 0.4251267433166504 0.89070405960083 0.046836471557617165 0.050562477111816384
41 0.5814795970916748 0.8748767852783204 0.04768085479736328 0.05031013488769531
41 0.3715509414672852 0.7898112297058106 0.04750366210937501 0.055640792846679665
41 0.31399168968200686 0.8522574424743652 0.050496864318847645 0.050759315490722656
41 0.3709371089935303 0.8974367141723633 0.04711856842041018 0.05028266906738277
41 0.5340212345123292 0.6880906105041504 0.046865558624267556 0.050293922424316406
41 0.3716310977935791 0.8451631546020508 0.04857864379882815 0.049318122863769465
41 0.5366765975952148 0.634552001953125 0.04844369888305666 0.05470399856567387
41 0.37541968822479244 0.5788226127624512 0.0492414951324463 0.05781068801879874
41 0.31475982666015623 0.9060510635375976 0.05009775161743163 0.050094223022460915
41 0.5895283222198486 0.7719544410705567 0.04318590164184566 0.04870586395263676
43 0.31983389854431155 0.25832288265228276 0.060212516784667935 0.05011386871337892
41 0.4267107963562012 0.6930536270141602 0.04787101745605471 0.05066394805908203
41 0.31498098373413086 0.6992248058319093 0.049304962158203125 0.05881175994873045
41 0.585904598236084 0.8234938621520996 0.04459800720214835 0.04766006469726558
41 0.31268649101257323 0.7948299407958985 0.05120038986206055 0.059748268127441384
41 0.37216506004333494 0.6950970649719238 0.051066780090332 0.052073669433593706
44 0.38115220069885253 0.21187000274658202 0.056437015533447266 0.04882707595825195
43 0.31833453178405763 0.1598496913909912 0.060941123962402366 0.04580492973327635
44 0.3787703409427549 0.16518555152706987 0.056437015533447266 0.04882707595825195
44 0.37686485313787693 0.26236542957585035 0.056437015533447266 0.048827075958251975
44 0.43402948728421836 0.26903463689292356 0.056437015533447266 0.048827075958252
44 0.43831683484519396 0.21853921006365523 0.056437015533447266 0.04882707595825195
44 0.4378404628939744 0.16756741128316743 0.056437015533447266 0.04882707595825195
