41 0.5362534046173095 0.5837140083312988 0.0380859375 0.037143707275390625
41 0.5754446029663086 0.5830225467681884 0.03370857238769531 0.03816652297973633
41 0.4962613105773926 0.5835783958435059 0.034447097778320335 0.03677434921264655
27 0.3414330214141351 0.7671757806167911 0.04790273311167115 0.04633543269354312
41 0.6122650146484374 0.5818933486938476 0.03244552612304685 0.0386985778808594
41 0.5743954658508301 0.5428501605987548 0.033921432495117254 0.04028120040893557
41 0.45933923721313474 0.5430559635162353 0.03391551971435547 0.043561458587646484
41 0.5352976799011231 0.5430624961853028 0.035934066772460915 0.04179019927978522
41 0.4972537040710449 0.5434831142425537 0.03391036987304685 0.04130907058715816
41 0.6116621494293213 0.5414539337158204 0.03145532608032231 0.03935375213623049
41 0.4604315757751465 0.5836217880249024 0.03158073425292973 0.0355802536010742
27 0.29063519447886366 0.7628346559968538 0.04831239300631046 0.04157512120467266
27 0.2550284138645035 0.7327987736008732 0.0512842373675611 0.030919772075362006
43 0.2534967237903226 0.35666582661290325 0.033602150537634407 0.0278267809139785
43 0.28972404233870974 0.35666582661290325 0.03360215053763438 0.0278267809139785
