17 0.2492126145287958 0.07818635471204192 0.05470795157068059 0.10839332460732984
17 0.3049431446335078 0.0776750654450262 0.05470795157068059 0.10839332460732981
14 0.35939545157068065 0.0761411976439791 0.052151505235602136 0.10839332460732985
14 0.41461469240837695 0.0761411976439791 0.05419666230366493 0.10839332460732985
14 0.47085651178010474 0.0766524869109948 0.054196662303665044 0.10839332460732987
16 0.5247975294502618 0.0766524869109948 0.052662794502617905 0.1043030104712042
16 0.5815506380890052 0.07511861910994769 0.05470795157068076 0.10634816753926701
16 0.6388150359947643 0.07358475130890053 0.05470795157068076 0.10634816753926699
16 0.695056855366492 0.0725621727748691 0.05470795157068076 0.10634816753926694
16 0.7533438318062826 0.07153959424083767 0.05470795157068076 0.1063481675392669
16 0.8116308082460733 0.06949443717277484 0.06186600130890074 0.11043848167539255
16 0.2763423596398305 0.23247980667372878 0.03972457627118642 0.10096663135593215
16 0.3183428230932203 0.2320660090042373 0.042621159957627164 0.09517346398305085
19 0.3675152972027972 0.2333233173076923 0.050876857517482554 0.09390024038461542
19 0.41753851617132864 0.2334940450174825 0.04643793706293714 0.09424169580419584
19 0.46653736888111885 0.23417695585664333 0.04814521416083922 0.09287587412587414
25 0.5150240384615384 0.23383550043706292 0.04609648164335661 0.09492460664335667
25 0.5655594405594406 0.23434768356643354 0.04814521416083928 0.09458315122377622
25 0.6140060958328781 0.23396621383987104 0.04814521416083928 0.09458315122377622
25 0.6647415694656906 0.23320327438674604 0.04814521416083928 0.09458315122377622
25 0.7151956624918051 0.23333670876242896 0.05023385428048521 0.09561295942826706
25 0.7691336144934167 0.23160942451103583 0.051698591325666565 0.09624497206894667
25 0.7544470300207604 0.376129150390625 0.046739484880354065 0.083160400390625
25 0.70355224609375 0.3759613037109375 0.0516357421875 0.082061767578125
25 0.656659444173177 0.3772404988606771 0.04149881998697913 0.08080546061197919
25 0.6111704508463542 0.3770777384440104 0.04588826497395837 0.08047993977864581
25 0.5649566650390625 0.37841796875 0.043487548828125 0.081634521484375
25 0.5207061767578125 0.377655029296875 0.041961669921875 0.08087158203125
25 0.47607421875 0.3780364990234375 0.041961669921875 0.08087158203125
25 0.4314422607421875 0.3772735595703125 0.041961669921875 0.08087158203125
25 0.3864288330078125 0.3765106201171875 0.041961669921875 0.08087158203125
25 0.341033935546875 0.37631988525390625 0.043487548828125 0.0797271728515625
25 0.2956390380859375 0.37403106689453125 0.043487548828125 0.0797271728515625
25 0.30854361397879465 0.49446469261532744 0.04325503394717256 0.07133847191220238
25 0.35225641159784227 0.4949297223772322 0.04325503394717256 0.07133847191220238
25 0.3955041794549851 0.4970223563058036 0.04139491489955349 0.0708734421502975
25 0.43921697707403273 0.4970223563058036 0.04139491489955349 0.0708734421502975
25 0.48013959612165175 0.4984174455915179 0.04139491489955349 0.0708734421502975
25 0.5243174235026042 0.4984174455915179 0.0413949148995536 0.0708734421502975
25 0.5671001615978424 0.49748738606770837 0.0413949148995536 0.07087344215029762
25 0.6103479294549852 0.4977199009486607 0.04046485537574396 0.07319859095982134
26 0.6508091517857142 0.498046875 0.0404575892857143 0.07440476190476192
26 0.6954520089285714 0.5006045386904762 0.04510788690476186 0.0730096726190475
26 0.7400948660714286 0.49967447916666663 0.04231770833333337 0.07114955357142855
59 0.733521607545045 0.6811743384009008 0.03651112049549543 0.09369721283783794
28 0.6906320382882882 0.6582999014639639 0.04574887387387383 0.12976844031531531
28 0.6436001692959701 0.6597740929405969 0.045675506002654354 0.1303392015061936
29 0.6964586452095809 0.8701347305389222 0.07134169161676651 0.17192178143712566
28 0.5959786080025338 0.659556110239704 0.046079893369932456 0.1307751669079793
