27 0.5021210670471191 0.9121420860290528 0.08383731842041015 0.08228492736816406
24 0.6491125106811524 0.46840391159057615 0.037063217163085915 0.08994541168212894
26 0.41699815211088764 0.46939495197240855 0.03864983683047091 0.088667070692864
26 0.4569636344909668 0.4682950019836426 0.038166046142578125 0.08717746734619142
19 0.37676342121068984 0.4677696269491444 0.039555132216301525 0.09418221349301537
16 0.6155200958251954 0.3268414497375488 0.03736724853515627 0.06842212677001952
16 0.6548693656921387 0.32770648002624514 0.03925323486328125 0.06778907775878906
25 0.6109917640686036 0.46863489151000975 0.03709106445312493 0.08956518173217776
14 0.33530259132385254 0.4653552055358887 0.041008043289184615 0.0922927856445313
15 0.5354770660400391 0.3243814468383789 0.04042167663574214 0.07128248214721683
26 0.5345425605773926 0.4690404891967774 0.03754348754882808 0.08785572052001955
26 0.4960673332214356 0.46820697784423826 0.03766937255859376 0.08736782073974608
25 0.5728091716766357 0.46896862983703613 0.03814487457275384 0.08896551132202152
41 0.40295370827917926 0.8211411467173324 0.044144418639858296 0.06549182529867126
16 0.5756850242614746 0.32532501220703125 0.03865947723388663 0.06933627128601072
17 0.4558860301971436 0.32280921936035156 0.03944377899169921 0.0696471214294434
41 0.3453213838430552 0.8805580212519717 0.059537029266357455 0.06210308074951165
15 0.49534974098205564 0.3237203598022461 0.03807859420776366 0.07036352157592773
41 0.34740147590637205 0.8169523477554321 0.05893731117248535 0.06426539421081534
17 0.4755223274230957 0.200313001871109 0.03968753814697268 0.09202345609664919
41 0.3458976745605469 0.9431215286254883 0.05439329147338867 0.060694885253906206
27 0.41979637299196787 0.9072932354417671 0.07804656124497988 0.08981237449799195
41 0.4027611340902078 0.755067063708651 0.044144418639858296 0.06549182529867126
