14 0.5851155281066895 0.24749650955200198 0.06312503814697268 0.11583328247070315
55 0.6675146102905274 0.6655169486999511 0.048675155639648415 0.15402908325195308
54 0.6160887718200683 0.6674359321594239 0.05333385467529295 0.1550884246826172
17 0.30517330169677737 0.2433388948440552 0.07354288101196288 0.12439141273498536
14 0.6528988361358643 0.2489795207977295 0.06364889144897468 0.11402926445007325
56 0.535861587524414 0.46882991790771483 0.05706005096435551 0.12412109375000002
17 0.3773185253143311 0.24149658679962158 0.07051944732666016 0.12639060020446774
15 0.5173559188842773 0.2447293996810913 0.06744079589843754 0.12121920585632326
52 0.5601930618286133 0.6651573181152344 0.05500774383544926 0.1623308181762695
17 0.4472279071807861 0.24208983778953552 0.0687249183654785 0.12553139925003054
55 0.504633092880249 0.6688760280609132 0.05295686721801762 0.1571455955505371
51 0.5046278953552246 0.6684160232543945 0.05354003906249999 0.1578776359558105
56 0.47628622055053715 0.46930952072143556 0.05650901794433599 0.12419567108154295
55 0.6679183959960937 0.6670731544494628 0.04843826293945319 0.15345516204833987
47 0.6632117271423339 0.4681103706359863 0.05520572662353518 0.122244644165039
56 0.41014800071716306 0.47067794799804685 0.06410837173461914 0.12294254302978519
