52 0.47780780792236327 0.8986347198486329 0.049544906616210915 0.155813980102539
16 0.3136927843093872 0.6927173614501954 0.05580754280090333 0.10076351165771491
16 0.42494516372680663 0.6949991226196288 0.05195531845092771 0.10090122222900388
25 0.5364995956420898 0.6987078666687012 0.05262832641601567 0.10036983489990237
25 0.6470451354980469 0.7027870178222656 0.05338611602783194 0.10009403228759761
16 0.3702428340911865 0.6946924209594727 0.05455389022827151 0.09886674880981439
25 0.5917244911193847 0.7010683059692383 0.05393199920654301 0.09934234619140625
16 0.48038325309753416 0.6964215278625487 0.05615816116333011 0.10073337554931638
13 0.3138106107711792 0.9154229164123535 0.057663297653198275 0.10445003509521489
55 0.4260724067687988 0.8970958709716796 0.04935398101806643 0.15011978149414062
55 0.3727079391479492 0.8955316543579102 0.05274028778076173 0.1479206085205078
