26 0.3448478221893311 0.5856851100921631 0.03075094223022462 0.06714630126953125
26 0.3135987281799316 0.5847989082336427 0.029992103576660156 0.06725654602050779
26 0.28372156620025635 0.5842413902282715 0.028922510147094682 0.06804475784301767
25 0.44028444290161134 0.2988184213638306 0.029157257080078103 0.07195329666137695
17 0.31460525989532473 0.3622901916503906 0.029709577560424805 0.07194099426269529
17 0.37585792541503904 0.366621208190918 0.03150401115417484 0.07039585113525393
16 0.40900592803955077 0.369791054725647 0.030901432037353516 0.06989378929138185
2 0.29581569907176924 0.9403049945831299 0.042558813095092796 0.11939001083374023
17 0.28329830169677733 0.36140651702880855 0.032352447509765625 0.07251806259155275
17 0.34465813636779785 0.3645184993743896 0.029568481445312544 0.07078876495361325
15 0.47223663330078125 0.372875714302063 0.02948684692382808 0.06999258995056151
13 0.38809630066515455 0.9626639274229487 0.052614815838365636 0.07465955665312618
15 0.5023973464965821 0.37410554885864256 0.029045295715332042 0.06964254379272461
14 0.40998086929321287 0.29842615127563477 0.029806137084960938 0.071079158782959
15 0.44152350425720216 0.3711050033569336 0.030321025848388694 0.06987771987915037
33 0.47019327309236947 0.300765562248996 0.028237951807228878 0.07294804216867468
52 0.3742049225663716 0.5727582273230087 0.026790652654867297 0.09722414269911506
1 0.33987311247201196 0.9398371798865818 0.04081571029693998 0.11607307965268143
