47 0.5939908981323243 0.4282814025878906 0.020969963073730447 0.07230472564697266
15 0.43797512054443355 0.1964717388153076 0.027453231811523426 0.07362780570983887
18 0.49126620292663575 0.30728969573974607 0.027768802642822332 0.06714191436767575
15 0.41106395721435546 0.19374210834503175 0.026391124725341775 0.07170567512512208
59 0.4547329425811768 0.601747703552246 0.02162485122680663 0.07361221313476562
59 0.4777337074279785 0.6053010940551757 0.02283020019531251 0.07581520080566406
14 0.49361600875854494 0.19947025775909424 0.02651691436767578 0.07271294593811034
47 0.5704131126403809 0.42464675903320315 0.02602529525756836 0.07059230804443356
54 0.5415295600891114 0.5124372482299805 0.0248052597045898 0.08162403106689453
19 0.5836468696594238 0.20203950405120852 0.030430603027343794 0.07743511199951172
14 0.5221357345581055 0.20143272876739501 0.028415489196777388 0.07608599662780763
18 0.463291072845459 0.3056746482849121 0.027005100250244107 0.0662689208984375
18 0.5191673278808593 0.30989117622375484 0.02746639251708982 0.06791086196899415
25 0.3321900129318237 0.39247481822967534 0.0234529972076416 0.061104249954223644
26 0.4096496105194092 0.6000360012054443 0.022454166412353538 0.053349781036377
59 0.5012864112854004 0.6073034286499024 0.02445774078369145 0.08161792755126951
24 0.41011462211608884 0.40356907844543455 0.02882900238037106 0.06361894607543944
14 0.5523224830627441 0.20220110416412354 0.03031635284423828 0.07761836051940918
15 0.3858595371246338 0.19059802293777467 0.023334407806396507 0.06936047077178956
14 0.4660137176513672 0.19804317951202394 0.027179145812988303 0.07225298881530762
51 0.5158751487731934 0.5077160358428956 0.024751281738281228 0.08011426925659182
16 0.40759844779968263 0.29897680282592776 0.02661886215209963 0.06309676170349121
16 0.332033920288086 0.2922168731689453 0.02440948486328126 0.06302790641784667
23 0.576782512664795 0.3139446020126343 0.029003143310546875 0.06621079444885253
16 0.4353919982910156 0.3021074295043945 0.026685237884521484 0.06445279121398922
29 0.36340622901916503 0.7381356239318848 0.03611469268798828 0.13835506439208978
24 0.3819448471069336 0.39972074031829835 0.024969959259033225 0.06361279487609861
19 0.6148165225982666 0.20297293066978456 0.03136425018310551 0.07846080064773561
28 0.4533527374267578 0.793083667755127 0.02746715545654299 0.0942295074462891
16 0.3813575267791748 0.29532504081726074 0.024814224243164096 0.06229867935180666
26 0.3879862308502197 0.5951603412628175 0.02015743255615232 0.05297651290893557
29 0.32637581825256345 0.7342413902282715 0.03472156524658204 0.1364953994750977
16 0.35654506683349607 0.293406343460083 0.024361896514892567 0.06207885742187497
26 0.3250802755355835 0.5820316791534423 0.0193229198455811 0.053589820861816406
26 0.34577083587646484 0.5850364685058593 0.02153911590576174 0.05506343841552741
26 0.367338752746582 0.5904381752014161 0.0204456329345703 0.05220088958740232
17 0.33622040748596194 0.1913183331489563 0.025416183471679676 0.06938569545745848
28 0.42566213607788084 0.7877347469329834 0.028151798248291005 0.08958845138549809
25 0.35623481273651125 0.3952972888946533 0.024219703674316417 0.05976657867431645
32 0.5409833908081054 0.816910171508789 0.031122207641601562 0.09392890930175779
31 0.5075931072235107 0.8140964508056641 0.02921714782714846 0.08204288482666011
17 0.36138594150543213 0.19061632156372071 0.025222396850585915 0.06640586853027344
29 0.3994699001312256 0.7478259086608887 0.03376712799072268 0.13416881561279304
34 0.37614049911499026 0.4934989452362061 0.021630859375000033 0.0594537734985352
54 0.5679427623748778 0.5160975456237793 0.026225185394287087 0.08315353393554692
31 0.48038949966430666 0.8099000692367553 0.02527446746826173 0.08086552619934084
59 0.43373556137084956 0.5961157798767089 0.02264995574951173 0.07173500061035154
33 0.3531774044036865 0.4900032043457031 0.021966123580932584 0.05214805603027339
55 0.4919762134552002 0.5037533283233643 0.022063159942626975 0.07905893325805669
55 0.4686713695526123 0.5001936435699463 0.023573875427246094 0.0761485099792481
24 0.4909757710189271 0.41234475914522895 0.02365567872850166 0.059134672357024076
24 0.5135758303909851 0.4181605730125372 0.02482471466064462 0.06655092239379884
24 0.5423809113262368 0.4237810766096596 0.02482471466064462 0.06655092239379884
34 0.40183951227288495 0.49949538163971485 0.021630859375000033 0.0594537734985352
33 0.3274783912457918 0.4891465705737733 0.021966123580932584 0.05214805603027339
23 0.5458005750334108 0.31131169857916896 0.0250173432486398 0.06221325056893484
