45 0.32824985980987553 0.678945779800415 0.06558756828308104 0.06986970901489253
18 0.2798624992370605 0.48412528038024905 0.03233342170715331 0.060504913330078125
59 0.7753688812255859 0.5342254638671875 0.030178833007812433 0.07092609405517575
16 0.43851594924926757 0.3513046741485596 0.0320281982421875 0.07001929283142089
18 0.28637351989746096 0.416505241394043 0.035286903381347656 0.06990652084350585
23 0.31188077926635743 0.48793787956237794 0.03102145195007322 0.06065435409545905
16 0.40474257469177244 0.3471478939056396 0.03399333953857425 0.07044620513916017
45 0.262516713142395 0.6759602546691894 0.0636199951171875 0.06676273345947259
45 0.5252557754516602 0.6870702743530274 0.06219615936279299 0.0668594360351562
26 0.40505026578903197 0.6165451049804687 0.0279438257217407 0.05160322189331057
25 0.4171927452087403 0.43240717649459837 0.031377029418945324 0.0680635690689087
16 0.4136313915252685 0.269253134727478 0.03685922622680665 0.08343825340270994
26 0.23184795379638673 0.6054140090942383 0.029870796203613298 0.05704574584960942
19 0.5034544467926025 0.35972938537597654 0.029326820373535123 0.07058453559875488
45 0.19598225355148313 0.6765023231506349 0.06763956546783448 0.07100572586059573
26 0.34947633743286133 0.6120751380920411 0.026815414428710938 0.05150032043457031
23 0.3741516828536987 0.4949044227600098 0.031024932861328125 0.05854549407958981
26 0.2007210671901703 0.6042010307312011 0.030344116687774675 0.05776786804199219
18 0.2514809608459473 0.4120832920074463 0.034224796295166005 0.07115306854248044
45 0.5878187179565431 0.6892772674560548 0.05984649658203123 0.0658143997192383
14 0.34162077903747556 0.2567438125610352 0.03742341995239257 0.08738875389099124
16 0.48333377838134767 0.2802508592605591 0.03425474166870124 0.08105416297912596
26 0.23706512451171874 0.5467140197753906 0.03052430152893068 0.05336055755615232
26 0.37707517147064207 0.6141097068786621 0.0275407314300537 0.050749015808105535
26 0.2627093076705933 0.6073208808898926 0.02936549186706544 0.05566883087158203
17 0.22341356277465818 0.3189565658569336 0.03854598999023437 0.07680749893188477
26 0.41303563117980957 0.562923002243042 0.027749156951904275 0.05240964889526367
16 0.44987783432006834 0.275266695022583 0.034773826599121094 0.08276834487915039
16 0.47116727828979493 0.35634503364562986 0.032787322998046875 0.07109689712524414
26 0.20557684898376466 0.5447272300720215 0.030488872528076166 0.05313320159912105
26 0.32143726348876955 0.6102687835693359 0.028193187713623058 0.05375823974609373
17 0.22697229385375978 0.2366849422454834 0.03954381942749022 0.08846225738525387
26 0.2921130180358886 0.6083515167236329 0.0282121181488037 0.055512619018554754
26 0.4332589149475098 0.6176894187927247 0.02790660858154298 0.05126056671142576
25 0.4497109889984131 0.4374362945556641 0.03245792388916019 0.06742286682128906
18 0.246086859703064 0.4822193145751953 0.03418335914611817 0.060721015930175815
25 0.4055765628814697 0.49726500511169436 0.02927150726318356 0.05874052047729489
26 0.4410178184509277 0.5649700164794922 0.028175163269042958 0.05278720855712882
29 0.6504277229309082 0.8020923852920532 0.0364782333374023 0.0997649669647217
25 0.4665940284729004 0.5035918235778809 0.03070077896118162 0.057772254943847634
26 0.38518400192260743 0.5599998474121094 0.02736010551452639 0.05225591659545903
41 0.383648157119751 0.7809585571289063 0.0426760673522949 0.042837333679199174
26 0.26810803413391116 0.5491072654724121 0.02958450317382816 0.05070552825927732
25 0.48077120780944826 0.4393583297729492 0.029520034790039062 0.06583614349365235
25 0.4357817649841309 0.5010809898376465 0.029602813720703114 0.05908527374267575
14 0.3694315433502197 0.34352083206176753 0.03376398086547849 0.07199578285217284
29 0.6167828559875488 0.8026488304138184 0.03225173950195315 0.099374008178711
54 0.728091061987528 0.5308712121916981 0.026725387573242165 0.07483081817626946
29 0.5409159660339355 0.8039361953735351 0.03580875396728511 0.0980604171752929
23 0.3855578899383545 0.4292811870574951 0.031526374816894576 0.06703310012817382
29 0.5031021118164063 0.8045212745666503 0.03587646484375001 0.09875926971435545
29 0.5804628372192383 0.80318603515625 0.03752212524414067 0.098846435546875
19 0.5185308456420898 0.28409838676452637 0.03420734405517578 0.07979068756103513
45 0.3949129104614258 0.6793095588684082 0.0599485397338867 0.0609260559082031
26 0.29801478385925295 0.551983118057251 0.028685951232910123 0.050619316101074174
26 0.17558751106262208 0.6043269157409668 0.019911956787109386 0.05689239501953125
19 0.211942720413208 0.4782930850982666 0.03269119262695311 0.06401824951171875
9 0.6322453047099866 0.33750484700788536 0.04104328155517578 0.16594924926757815
26 0.327412748336792 0.5544761657714844 0.028888893127441417 0.050050449371337846
26 0.3568875789642334 0.5568447113037109 0.027907037734985374 0.05075273513793954
28 0.6466650009155274 0.6095163345336914 0.030330181121826172 0.08426904678344727
41 0.2720165729522705 0.8489594459533691 0.04399785995483396 0.026641845703125
14 0.37780487537384033 0.2634896278381348 0.03544049263000493 0.08512878417968753
19 0.21689817149464677 0.4067397478150159 0.03269116006246425 0.07319748343490967
41 0.28000922203063966 0.7813097476959228 0.04003429412841797 0.03963098526000974
14 0.33330087661743163 0.33882875442504884 0.03515338897705078 0.07460727691650393
23 0.3427703380584717 0.4917543411254883 0.03030385971069338 0.06003284454345709
41 0.1776584267616272 0.7823382377624513 0.04093325138092041 0.0422178268432617
41 0.3264168739318848 0.8202634811401367 0.0387404441833496 0.035350799560546875
26 0.17876183986663818 0.5435305595397949 0.021496295928955078 0.05472965240478511
41 0.3309804916381836 0.7834285736083983 0.03929433822631834 0.03919162750244143
41 0.22109472751617432 0.8501324653625488 0.043367528915405296 0.029456520080566317
41 0.2293184280395508 0.7808828830718995 0.0430314064025879 0.04017496109008789
28 0.6145971775054931 0.6079246044158936 0.031521511077880815 0.08404273986816402
41 0.2774971008300781 0.8187808990478516 0.039371490478515625 0.033766746520996094
41 0.1752321243286133 0.8210430145263672 0.038743591308593756 0.03301391601562509
17 0.19147775173187256 0.31747980117797847 0.026010465621948253 0.07908277511596679
15 0.30020209405480364 0.2503123937583551 0.034123250914783076 0.08912368809304588
41 0.3746182441711426 0.817677116394043 0.038595294952392556 0.03288345336914067
15 0.2607149124145508 0.3254226207733154 0.03552589416503907 0.07701663970947265
1 0.8357237790760241 0.37019674694328975 0.03947715759277337 0.1625993251800537
41 0.36845598220825193 0.8459035873413085 0.04249029159545897 0.027177810668945312
28 0.5807640075683593 0.6071406841278075 0.0345481872558594 0.0844856262207031
17 0.19476420879364015 0.23246116638183595 0.025944042205810564 0.08659052848815918
41 0.22534570693969727 0.8185979843139648 0.04168300628662108 0.03299293518066404
23 0.32029473781585693 0.421488082408905 0.03339605331420903 0.0695122003555298
41 0.1730199337005615 0.8515213012695313 0.03835811614990234 0.02768154144287116
23 0.3533171653747559 0.42586479187011717 0.03186349868774413 0.06756019592285156
5 0.7545771272558914 0.35779879385964913 0.037577363064414615 0.16318873355263153
15 0.26399782576212066 0.24269044253884295 0.034123250914783076 0.08912368809304588
15 0.2978719246096727 0.3344736878464861 0.035525894165039096 0.07701663970947265
19 0.1872141768292683 0.4053925304878049 0.024771341463414642 0.07717225609756101
19 0.1829268292682927 0.47851562500000006 0.023818597560975596 0.06621570121951226
28 0.5445597392756765 0.6047588243717101 0.0345481872558594 0.0844856262207031
28 0.6776291777447957 0.6099927064849109 0.030330181121826172 0.08426904678344727
32 0.7066977896341464 0.6147580030487805 0.028105945121951192 0.08717606707317083
32 0.7352801067073171 0.616187118902439 0.028105945121951192 0.08717606707317083
52 0.7038395579268293 0.525438262195122 0.02429496951219512 0.07336128048780483
51 0.6771627286585367 0.5209127286585367 0.027153201219512146 0.07193216463414631
55 0.7510003810975611 0.5309165396341464 0.017625762195121908 0.07193216463414631
47 0.6055097246503497 0.5213409637237763 0.029706621503496455 0.0669252622377623
56 0.5758031031468531 0.5204873251748252 0.0283407998251749 0.07136418269230771
2 0.7953244928728069 0.36036869517543857 0.03940515350877194 0.156335663377193
3 0.6719692297149125 0.34366433662280704 0.03683525219298256 0.15462239583333331
11 0.7139442845394737 0.3513740405701754 0.042831688596491224 0.14776932565789475
36 0.6401154891304348 0.7124377264492754 0.03764719202898548 0.024343297101449335
36 0.6348788496376812 0.735648777173913 0.03566576086956519 0.020946557971014634
36 0.6728091032608696 0.7353657155797101 0.03566576086956519 0.020946557971014634
36 0.680168704710145 0.7138530344202898 0.03566576086956519 0.020946557971014634
