41 0.5756738662719727 0.8864408493041992 0.05137329101562493 0.048061370849609375
41 0.5170346260070801 0.7797976970672608 0.05480918884277347 0.0616862297058105
41 0.3947454929351807 0.7757854461669922 0.052238559722900424 0.05829067230224605
41 0.5155167579650879 0.8873433113098145 0.051019477844238326 0.04766769409179683
46 0.5806318283081054 0.508178997039795 0.09186840057373047 0.06017169952392576
41 0.3356595277786255 0.8871044158935547 0.05206246376037599 0.05062942504882817
41 0.4539636611938477 0.7812859535217285 0.05297107696533204 0.06050548553466795
41 0.5779216766357422 0.8320197105407715 0.05177116394042969 0.05063056945800781
41 0.5790013313293457 0.7736409187316895 0.0530645370483398 0.0605445861816406
41 0.39465842247009275 0.8340270042419433 0.05264730453491212 0.052206230163574285
41 0.5166728496551514 0.8358497619628906 0.04936857223510738 0.04717750549316402
41 0.6976744651794433 0.6828548431396484 0.0552678108215332 0.06589241027832038
41 0.45526509284973143 0.8386083602905274 0.05027341842651367 0.05107269287109373
41 0.45866556167602535 0.6914268493652344 0.05557613372802733 0.06407041549682613
41 0.33412899971008303 0.8333583831787109 0.052600860595703125 0.05149345397949223
41 0.333634352684021 0.6774586677551269 0.05488524436950687 0.06103572845458982
41 0.4573413848876953 0.8907902717590332 0.047224998474121094 0.044905471801757746
41 0.39762849807739253 0.8865566253662109 0.050856781005859386 0.04910354614257817
61 0.639667558670044 0.7745182037353515 0.05355901718139655 0.058278465270996116
61 0.634508991241455 0.8804754257202148 0.05217685699462893 0.04927978515624998
46 0.6787965774536133 0.5030036926269532 0.10563268661499026 0.05546512603759768
61 0.6363510131835938 0.8290752410888671 0.0528564453125 0.04896392822265627
61 0.6954725742340088 0.8891717910766601 0.05308198928833008 0.05336265563964837
46 0.4974534511566162 0.5059497833251954 0.07079286575317378 0.05660343170166021
41 0.5787618160247803 0.6800177574157715 0.04785556793212886 0.05710296630859368
41 0.5236346244812011 0.6901732444763184 0.051725196838378895 0.06117115020751951
41 0.3307321071624756 0.7755911827087403 0.05458755493164058 0.061011123657226496
41 0.6380423545837403 0.6815360069274903 0.05508155822753902 0.062065505981445335
46 0.3182041645050049 0.4868743896484375 0.08691859245300293 0.07320766448974603
41 0.4000051975250244 0.6772534370422363 0.04981870651245118 0.05574321746826172
46 0.40638370513916017 0.4934804916381836 0.0869265556335449 0.06727771759033196
46 0.6904223215012322 0.30652861822219113 0.10563268661499026 0.05546512603759762
46 0.5911017542793636 0.30157715706598187 0.08338468415396538 0.04788735253470294
46 0.5027460995174589 0.30622745468502954 0.08338468415396538 0.04788735253470294
46 0.4132278703507921 0.2934391362326486 0.08338468415396538 0.04788735253470294
46 0.3190593435650778 0.2899514130183628 0.08338468415396538 0.04788735253470294
36 0.27264404296875 0.106048583984375 0.07781982421875 0.05645751953125
36 0.3626708984375 0.09307861328125 0.07781982421875 0.0335693359375
36 0.44354248046875 0.09307861328125 0.07781982421875 0.0335693359375
36 0.525177001953125 0.093841552734375 0.0762939453125 0.02593994140625
36 0.604522705078125 0.092315673828125 0.0762939453125 0.02593994140625
36 0.688446044921875 0.093841552734375 0.0762939453125 0.02593994140625
