4 0.31489379405975343 0.5429515838623047 0.030895233154296875 0.10172424316406253
0 0.407090425491333 0.5465159893035889 0.029843807220458984 0.10285463333129885
4 0.2511734962463379 0.5428626060485839 0.031558704376220686 0.10263175964355475
0 0.3763006210327149 0.5455794334411621 0.02989654541015624 0.10261688232421878
2 0.37821726799011235 0.42547959089279175 0.03174681663513185 0.11189329624176025
0 0.43704528808593746 0.5473877429962158 0.029256629943847645 0.10267105102539059
3 0.7283445358276367 0.3010581016540527 0.03470535278320308 0.12263593673706052
1 0.5646477699279786 0.4273558735847473 0.0319704055786133 0.11156251430511477
4 0.2832162857055664 0.5427689552307129 0.032469749450683594 0.10189647674560542
1 0.5962549209594727 0.4288482666015625 0.031995201110839866 0.11103096008300783
5 0.46747660636901855 0.546458625793457 0.030277919769287065 0.10298461914062501
1 0.6942499160766602 0.43013529777526854 0.03298892974853518 0.11216106414794924
0 0.34552559852600095 0.545270586013794 0.02961254119873047 0.10313653945922852
2 0.24886584281921387 0.4234679102897644 0.03323421478271482 0.11118471622467041
2 0.34764158725738525 0.4253206253051758 0.02935957908630371 0.11224555969238281
13 0.296451735496521 0.6700263023376465 0.03627929687499998 0.0725971221923829
5 0.5286877632141114 0.5481501579284668 0.030993843078613303 0.10337066650390625
6 0.5026293754577636 0.4279502868652344 0.03016767501831058 0.11289844512939456
5 0.4979247093200684 0.546965217590332 0.028558540344238326 0.10300064086914062
1 0.6607205390930175 0.4291927456855774 0.0337797164916992 0.11236741542816159
13 0.37148237228393555 0.6712235927581787 0.03632469177246089 0.07383413314819343
13 0.2213362693786621 0.6690325736999512 0.0374316692352295 0.07163753509521475
12 0.48301105499267577 0.6717090606689453 0.03612117767333978 0.07857074737548819
2 0.2149885892868042 0.42312840223312376 0.0343306541442871 0.1088035821914673
13 0.40855040550231936 0.6711984634399415 0.03695249557495117 0.07387790679931638
13 0.3339542388916016 0.6707038402557373 0.03768129348754884 0.07351512908935554
13 0.25931715965270996 0.6693639755249023 0.03720622062683107 0.07215557098388681
5 0.561577033996582 0.5475301742553711 0.031141281127929688 0.10365447998046878
2 0.2837324619293213 0.42452435493469237 0.03405847549438479 0.11134920120239256
1 0.6280468463897705 0.42847332954406736 0.0314640998840332 0.11127910614013675
3 0.6295067310333252 0.29990997314453127 0.03300733566284175 0.12133169174194339
3 0.694810152053833 0.30060901641845705 0.03353748321533212 0.12296876907348633
2 0.3170527458190918 0.42445487976074214 0.032110786437988315 0.11182136535644532
4 0.21951956748962403 0.5430149078369141 0.03189024925231934 0.10239791870117188
6 0.4721553802490235 0.42714356184005736 0.029882240295410145 0.11277830600738525
3 0.5958696842193604 0.29937591552734377 0.03366279602050781 0.12141523361206055
11 0.5928979396820069 0.5488498687744141 0.029866504669189387 0.10600566864013677
3 0.6615350723266602 0.29933147430419926 0.03266553878784173 0.12313289642333985
8 0.30520477294921877 0.2967478513717651 0.030598258972168002 0.11691393852233886
8 0.27227417701898615 0.2971263639686643 0.030598258972168002 0.11691393852233886
8 0.2052774473678234 0.29864041435626126 0.030598258972168002 0.11691393852233886
8 0.23820804329805598 0.29826190175936207 0.030598258972168002 0.11691393852233886
8 0.3366213184918544 0.2990189269531604 0.030598258972168002 0.11691393852233886
8 0.369551914422087 0.2986404143562612 0.030598258972168002 0.11691393852233886
3 0.562785255262094 0.2991200626358505 0.03094236129938177 0.1178754270538803
9 0.40196523740310075 0.29730650436046513 0.03179505813953487 0.11468931686046513
9 0.4348958333333333 0.29730650436046513 0.03179505813953487 0.11468931686046513
9 0.46650163517441856 0.29995609253875966 0.02990249515503879 0.11544634205426357
9 0.5 0.29957757994186046 0.031795058139534926 0.11468931686046513
9 0.5323628270348837 0.301280886627907 0.028388444767441845 0.11355377906976744
6 0.4409053802490235 0.42844564517339073 0.029882240295410145 0.11277830600738525
6 0.4103064219156901 0.42779460350672405 0.029882240295410145 0.11277830600738525
1 0.7273608334586343 0.4305544233117492 0.03298892974853518 0.11216106414794924
12 0.44454041105328185 0.6723009167295514 0.03612117767333978 0.07857074737548819
6 0.5348351600322319 0.42846973500353225 0.030167675018310525 0.11289844512939456
11 0.625103724256475 0.5514471094659035 0.029866504669189387 0.10600566864013677
11 0.6567900606926451 0.5535249020190949 0.029866504669189387 0.10600566864013683
11 0.6889958452671132 0.5561221427105844 0.029866504669189387 0.10600566864013672
11 0.7201627335649856 0.5550832464339887 0.029866504669189387 0.10600566864013672
