55 0.7929824352264405 0.40295042991638186 0.027842617034912087 0.08869199752807616
23 0.33951332569122317 0.6717888832092285 0.0268080711364746 0.05494194030761712
23 0.28146262168884273 0.6716624259948731 0.027918052673339855 0.05608215332031252
18 0.36736812591552737 0.6720178604125977 0.027562332153320324 0.05515365600585931
23 0.2520991325378418 0.6712875366210938 0.028566455841064486 0.055954360961913974
23 0.3107382535934448 0.671387004852295 0.029071950912475608 0.05503692626953127
15 0.26500716209411623 0.3759603500366211 0.02823610305786134 0.05205545425415037
55 0.7651882171630859 0.40139466524124146 0.026851749420166104 0.08576200008392332
16 0.3291618347167969 0.4812432289123535 0.028139019012451194 0.058243560791015614
15 0.3543853044509888 0.3788330316543579 0.028981876373291027 0.05015215873718265
56 0.32781915664672856 0.16799497604370117 0.030434894561767567 0.06304192543029785
15 0.2943913221359253 0.37699754238128663 0.029155254364013672 0.05181565284729006
16 0.27104735374450684 0.47915105819702153 0.028129959106445335 0.05848121643066412
17 0.29651389122009275 0.2730844259262085 0.030682516098022472 0.052413797378540045
17 0.26582775115966795 0.27373757362365725 0.029887676239013672 0.054789924621582
26 0.5484411239624023 0.5130353927612306 0.025274276733398438 0.05853691101074221
15 0.23640029430389403 0.3749836444854736 0.027183485031127913 0.05235662460327145
26 0.6014199256896973 0.5119060516357421 0.02654190063476558 0.05718002319335935
54 0.7371820449829101 0.4002723217010498 0.02668628692626951 0.08365488052368164
16 0.24084796905517578 0.47854022979736327 0.03051300048828126 0.06141796112060549
59 0.7836915493011475 0.5006133079528808 0.024844455718994185 0.08474407196044925
52 0.6271445274353027 0.3982682466506958 0.025383186340332098 0.08433594703674313
17 0.4460576057434082 0.27691125869750977 0.02904376983642576 0.051013278961181685
17 0.3559909343719483 0.2731791973114014 0.029698657989501942 0.05253915786743163
17 0.23541851043701173 0.2734938859939575 0.02973089218139649 0.058463859558105485
16 0.41437673568725586 0.48369617462158204 0.02762737274169924 0.058855628967285134
26 0.5745068550109864 0.5118887901306153 0.026041603088378884 0.056325340270996116
59 0.7570362091064453 0.5015033721923827 0.025175285339355424 0.08350238800048826
19 0.4668449878692627 0.5783652782440185 0.02271547317504885 0.06324319839477532
17 0.4714308738708496 0.2775122165679932 0.021386146545410156 0.05047416687011719
59 0.7052727699279786 0.5013638973236084 0.025974178314209007 0.08198947906494142
26 0.6282886505126952 0.512148380279541 0.025471305847167947 0.056953716278076216
15 0.20846588611602784 0.3741278171539307 0.0274050235748291 0.05285835266113281
16 0.30005431175231934 0.48035197257995604 0.0282187938690186 0.058169651031494074
26 0.6543269157409668 0.5131351470947265 0.025841903686523393 0.059071540832519476
59 0.7318791389465331 0.501034927368164 0.023999786376953103 0.08281192779541013
16 0.44336957931518556 0.3814919471740723 0.028360366821289062 0.05063085556030272
16 0.35799763202667234 0.4825597763061524 0.02778563499450687 0.05992259979248049
59 0.6794480323791503 0.503137731552124 0.023364448547363303 0.07894868850708009
17 0.41672182083129883 0.27572040557861327 0.02848739624023433 0.05084095001220701
15 0.3842832088470459 0.38010263442993164 0.02977671623229977 0.05053911209106443
16 0.21202320456504822 0.47804818153381345 0.025872528553009033 0.06251688003540035
52 0.68196382522583 0.4001886367797851 0.026888275146484397 0.08499546051025392
56 0.3585137844085693 0.16837337017059328 0.029091644287109364 0.06340184211730956
17 0.204240083694458 0.27380099296569826 0.030866956710815407 0.06228065490722659
17 0.386667537689209 0.27419772148132326 0.03055915832519529 0.052120780944824224
14 0.24388489723205564 0.5828090667724609 0.026990318298339838 0.06546716690063481
16 0.4426532745361328 0.4841360092163086 0.02639541625976566 0.05961551666259762
16 0.38617904186248775 0.48331317901611326 0.02710719108581544 0.05921230316162113
15 0.3241898059844971 0.3775798320770264 0.0298140525817871 0.05027399063110355
29 0.42372627258300777 0.7945561408996582 0.04252166748046876 0.13938732147216792
14 0.30256099700927735 0.5817158699035645 0.029041862487792947 0.059594345092773504
16 0.41439037322998046 0.3810971260070801 0.029328346252441406 0.050087642669677745
29 0.37779242992401124 0.7933259010314941 0.04709219932556152 0.14091453552246103
54 0.7095453262329101 0.39854476451873777 0.02593574523925779 0.08309044837951657
17 0.3265650272369385 0.2726494789123535 0.02801723480224605 0.051497364044189475
47 0.45502405166625975 0.17119475603103637 0.03024997711181643 0.06235373020172119
16 0.4676225662231445 0.4849578380584717 0.022951126098632812 0.06225519180297856
56 0.38985795974731446 0.16952607631683347 0.03134002685546877 0.062200927734374994
19 0.41348886489868164 0.5791290760040283 0.026712799072265647 0.05860490798950191
28 0.6343321800231934 0.7057011127471924 0.03228836059570317 0.10010576248168945
28 0.5679733276367187 0.7042177200317383 0.031166934967041038 0.10083141326904299
14 0.27255702018737793 0.581395149230957 0.028046035766601585 0.06083698272705074
52 0.6545516014099121 0.40085096359252925 0.025897216796874956 0.08558101654052735
19 0.38663501739501954 0.5783004760742188 0.02546205520629885 0.057538414001464755
31 0.658267879486084 0.6007692813873291 0.030486869812011763 0.08785314559936519
25 0.4232641220092773 0.6721813201904296 0.027336311340332042 0.0554121017456054
31 0.6274134635925293 0.6006514549255371 0.02971572875976569 0.0873237609863281
29 0.3302787780761719 0.7945652008056641 0.04538898468017577 0.14333667755126944
19 0.4409494400024414 0.5789558410644531 0.02624368667602539 0.05989360809326172
19 0.3326643705368042 0.5796319961547851 0.027332639694213845 0.05691661834716799
28 0.6010436534881591 0.7048054218292237 0.032670211791992254 0.10179700851440432
19 0.3601470947265625 0.5781476974487305 0.026279735565185536 0.056629180908203125
47 0.42244777679443357 0.17042511701583862 0.030944252014160123 0.0627678632736206
28 0.7327858448028564 0.7083386421203614 0.03462991714477537 0.10172863006591792
29 0.28431200981140137 0.7951865196228027 0.042912197113037065 0.1432683944702149
25 0.3954183101654053 0.6721769332885743 0.02727403640747067 0.05496349334716799
23 0.22229576110839844 0.6719961643218995 0.028539276123046853 0.05808305740356445
24 0.4502097129821777 0.6721799850463868 0.026329803466796864 0.055139350891113215
31 0.6887155532836915 0.6018857955932617 0.029023075103759788 0.08643245697021484
28 0.6672304630279542 0.7063873767852784 0.03205671310424807 0.09902944564819338
14 0.21654345989227294 0.5812130928039551 0.025825309753417958 0.06195087432861324
28 0.6989810943603516 0.7071833610534668 0.030179500579833984 0.0993699073791503
31 0.7187434673309326 0.6022449493408203 0.02962417602539058 0.08813838958740239
24 0.4703639507293701 0.6738430023193359 0.015004634857177734 0.05429000854492183
16 0.4694784164428711 0.38168275356292725 0.023464107513427757 0.05125193595886235
31 0.5976949691772461 0.6005087852478028 0.028415489196777388 0.08698692321777346
33 0.556992486203052 0.28949105476279813 0.025636011529639013 0.05078696677962463
51 0.5760081291198731 0.39716830253601076 0.02569866180419922 0.08369426727294921
29 0.4609117031097412 0.7935971736907959 0.02982616424560547 0.1437844276428223
51 0.6012574195861817 0.3975229740142822 0.024608039855957053 0.08418712615966795
29 0.24162394843415588 0.7951865196228027 0.04291219711303712 0.1432683944702149
28 0.7675828994005576 0.7088998849364534 0.03462991714477537 0.10172863006591792
31 0.7490113074752106 0.6026106861816055 0.026178175279463867 0.08886986326897284
31 0.7770734482798083 0.6048556574459734 0.026178175279463867 0.08886986326897284
31 0.5685103427404644 0.6027537565121706 0.028415489196777388 0.08698692321777346
31 0.5417436122894287 0.601469227911412 0.018658967949878313 0.08778532291280816
28 0.5405066218869439 0.703180640319298 0.01888797749047988 0.10100222510853041
32 0.5362497249119719 0.821653554137324 0.02097546214788726 0.093873789612676
32 0.5632427376760565 0.8199342539612677 0.02957196302816889 0.09043518926056338
32 0.5924708406690142 0.8206219740316902 0.02957196302816889 0.09043518926056338
32 0.6261691241197185 0.8206219740316902 0.03301056338028163 0.08905974911971837
32 0.6607270576584507 0.819762323943662 0.03472986355633789 0.09077904929577474
32 0.6964885013204227 0.8228570642605634 0.03472986355633789 0.09077904929577474
32 0.7284674845950705 0.8207939040492958 0.03129126320422526 0.08871588908450723
32 0.7590710277288732 0.8180430237676056 0.027164942781690016 0.09352992957746498
33 0.5852304380102809 0.28870666721259736 0.029557949280643148 0.0515713543298254
34 0.6149127761044177 0.28919584588353414 0.02745356425702805 0.049808609437751006
34 0.6431507279116466 0.28880365210843373 0.02745356425702805 0.049808609437751006
51 0.549614548038792 0.39664043091438916 0.02569866180419922 0.08369426727294921
