4 0.5739048004150391 0.8713201522827149 0.04633255004882819 0.1385757446289062
34 0.4324326038360595 0.4827404975891113 0.03634862899780272 0.06731128692626953
15 0.4253247737884521 0.07502502202987671 0.04656476974487306 0.08987302780151368
56 0.31685419082641597 0.5918876171112061 0.03507776260375978 0.07302875518798824
15 0.47245035171508787 0.07285205125808716 0.04585599899291992 0.09101955890655518
18 0.5239932060241699 0.2199234902858734 0.03968372344970705 0.07921668291091916
0 0.48371686935424807 0.871180248260498 0.04380779266357426 0.14013748168945306
19 0.3945495128631592 0.22628397941589354 0.04153871536254883 0.07892708778381347
34 0.39542999267578127 0.48410758972167967 0.03596792221069339 0.06830978393554688
19 0.4818892478942871 0.22227439880371094 0.04283256530761714 0.07854862213134767
18 0.6100385665893555 0.215236496925354 0.04345397949218743 0.07929592132568358
8 0.3436618328094483 0.8790748596191407 0.047493648529052745 0.13459396362304688
28 0.4188652873039246 0.7013177871704102 0.04077494144439697 0.10345029830932617
15 0.378569507598877 0.07769113779067993 0.04509201049804684 0.0872551679611206
34 0.3575338125228882 0.48567771911621094 0.03713946342468266 0.06887035369873051
19 0.26616363525390624 0.22998952865600586 0.044138193130493164 0.0781190872192383
15 0.5182170867919922 0.07086095213890076 0.044514274597168 0.09108005762100219
19 0.3528124570846558 0.2272920072078705 0.04107384681701659 0.08018485307693485
28 0.5416397094726562 0.6992335319519043 0.03984222412109373 0.10359773635864267
47 0.5333957672119141 0.5856657028198242 0.03506679534912105 0.07205524444580069
19 0.43767881393432617 0.22445394992828369 0.04407997131347652 0.07905974388122555
15 0.332287073135376 0.08028298616409302 0.04581394195556643 0.0862328290939331
14 0.610473918914795 0.06700610071420669 0.04457569122314453 0.090048286318779
51 0.6099519252777099 0.4612799644470215 0.03555974960327146 0.09371747970581057
19 0.31032848358154297 0.22891412377357484 0.04205541610717778 0.07958296537399293
18 0.5662451744079591 0.21709862351417542 0.042218589782714866 0.0797604441642761
56 0.3861622333526611 0.5894584655761719 0.035655689239501964 0.07134294509887695
29 0.6692195415496827 0.8593278884887695 0.051217842102050715 0.17027587890624996
14 0.7076866149902343 0.05882651805877685 0.04899539947509768 0.09672987461090088
28 0.4603098392486572 0.700232458114624 0.040376091003417935 0.10270528793334954
26 0.6861765384674072 0.34292321205139165 0.04048357009887704 0.07540016174316405
24 0.6024521350860595 0.3452948570251465 0.040313720703125 0.07648296356201173
14 0.7581549644470215 0.05785883069038391 0.04727096557617183 0.09619721174240113
23 0.7022554397583007 0.21041383743286132 0.0453103065490722 0.08004040718078614
14 0.6577096939086915 0.06363624483346939 0.04584732055664065 0.09078685939311981
23 0.6553338050842286 0.21307726502418517 0.04364280700683587 0.07825583219528198
24 0.5613851547241211 0.34665737152099607 0.04129180908203134 0.07555818557739258
17 0.28179235458374025 0.08067752718925476 0.051432132720947266 0.08885072469711305
15 0.564195728302002 0.06894668936729431 0.04442253112792971 0.0906788468360901
9 0.39256796836853025 0.8735389709472656 0.04636669158935547 0.13474731445312504
28 0.3358116865158081 0.7048171997070313 0.045356035232543945 0.10809469223022461
47 0.463114070892334 0.5854513645172119 0.03502368927001953 0.07548265457153325
34 0.31927533149719234 0.4872532844543457 0.03636426925659181 0.07076148986816405
25 0.4382611274719238 0.3498677253723145 0.04120635986328125 0.07492771148681637
24 0.48051495552062984 0.3486031770706177 0.038207244873046886 0.07718844413757325
17 0.23319053649902344 0.08338526487350463 0.04621210098266604 0.08689942359924316
5 0.5282299995422364 0.8692467689514161 0.042932987213134766 0.1417245864868164
28 0.5836817741394043 0.6979515075683593 0.04212341308593748 0.10338582992553713
23 0.7487285137176514 0.20798778533935547 0.043172264099121005 0.08209052085876467
25 0.3562583923339844 0.35330355167388916 0.03871860504150393 0.07301158905029292
47 0.5709174156188965 0.5833847999572754 0.035789203643798895 0.0743736267089844
26 0.644626235961914 0.34377551078796387 0.03935985565185551 0.07388496398925781
28 0.5012878894805908 0.6998517990112305 0.039541339874267556 0.10217552185058587
34 0.28223471641540526 0.4886708736419678 0.03541145324707029 0.07471294403076173
51 0.5737540245056152 0.46331357955932617 0.03346338272094729 0.09293079376220703
24 0.5198319435119629 0.34775891304016116 0.039549064636230535 0.07611169815063473
25 0.3184260368347168 0.3539947509765625 0.03512558937072757 0.07382030487060548
25 0.27938113212585447 0.3543105125427246 0.041508007049560536 0.07464847564697263
26 0.7273295402526856 0.341654634475708 0.03844223022460935 0.07544250488281251
28 0.3786905765533447 0.7024537563323975 0.039402294158935536 0.10499496459960933
56 0.35090837478637693 0.5906760215759277 0.03131561279296874 0.07106971740722656
31 0.6251785278320312 0.6991684913635254 0.03738384246826165 0.09820976257324221
25 0.3959836959838867 0.35191195011138915 0.03861732482910152 0.07374157905578616
33 0.46999340057373046 0.4804667949676514 0.036411285400390625 0.06912384033203123
47 0.49756460189819335 0.5854608535766601 0.03229932785034173 0.07303810119628906
51 0.5391000270843507 0.4651654243469238 0.03242149353027346 0.09267101287841795
56 0.42395448684692383 0.587036418914795 0.03609886169433596 0.07417831420898435
31 0.6991496086120605 0.6977924346923827 0.036822509765624956 0.09923610687255857
5 0.6197946548461915 0.8761484146118164 0.04333009719848635 0.13819713592529304
51 0.5054978765467162 0.46516542434692376 0.03242149353027346 0.09267101287841784
