18 0.5399168491363525 0.41890411376953124 0.022837448120117232 0.05764636993408201
18 0.5162736892700195 0.4164207935333252 0.023393440246581965 0.058280277252197255
18 0.49172544479370117 0.4130411982536316 0.024942207336425826 0.059214234352111816
9 0.3806213855743408 0.7952342987060547 0.041075992584228505 0.17568855285644536
19 0.43998031616210936 0.4064340114593506 0.024819946289062478 0.061592483520507835
6 0.4676120758056641 0.7904187679290772 0.042436790466308605 0.17468996047973628
12 0.5869554133138559 0.8010665631538365 0.03936517816354801 0.11968321328277065
14 0.44505567550659175 0.32424678802490237 0.02558441162109376 0.05862445831298829
19 0.4141139030456543 0.40188784599304195 0.0256500244140625 0.062300968170166005
15 0.5190627098083496 0.27196788787841797 0.022529888153076105 0.05201663970947268
15 0.5646512985229493 0.2802654027938843 0.021375083923339866 0.05464601516723633
15 0.49583849906921384 0.26680846214294435 0.02284555435180663 0.055587959289550765
15 0.5880097389221192 0.28433518409729003 0.023448181152343706 0.0555422306060791
5 0.5113383293151855 0.7864255905151367 0.04108352661132808 0.17607192993164067
26 0.5943646907806397 0.5050247192382813 0.018020343780517645 0.056642436981201194
59 0.5131606101989746 0.1950930953025818 0.02166681289672856 0.06825478076934816
5 0.5778617858886719 0.6107778549194336 0.039570522308349565 0.14322395324707027
26 0.575143003463745 0.5040340423583984 0.021142101287841775 0.05892286300659183
15 0.5422941207885742 0.2766676425933838 0.021930027008056685 0.05332527160644529
16 0.5193874359130859 0.33849420547485354 0.024006557464599676 0.058250331878662076
26 0.5522278785705567 0.5015888690948487 0.022589683532714844 0.0610471725463867
25 0.40178861618041994 0.48717541694641114 0.028716087341308594 0.06692943572998045
16 0.5428875923156737 0.34241178035736086 0.022097969055175803 0.0583958625793457
14 0.49544353485107423 0.33390512466430666 0.022631835937500067 0.05732135772705077
23 0.5629661560058594 0.42184771299362184 0.021814918518066384 0.055781006813049316
17 0.4454845428466797 0.252726411819458 0.026576995849609375 0.0578073501586914
26 0.4806167602539062 0.49527788162231445 0.024279403686523426 0.06350746154785153
26 0.5284809112548827 0.49946203231811526 0.02312126159667971 0.06145591735839845
14 0.47113962173461915 0.3290234088897705 0.02419757843017578 0.05955305099487307
16 0.5872074604034424 0.3501760482788086 0.021826457977294877 0.05767168998718264
1 0.42399101257324223 0.792908000946045 0.042481136322021495 0.17640380859374993
26 0.5046257972717285 0.4974217414855957 0.023330879211425737 0.0630502700805664
59 0.5351657724237299 0.19925209999800444 0.0193981170654296 0.07201592922210692
16 0.5648872375488281 0.3469411373138428 0.020492172241210915 0.055946779251098644
18 0.4660048961639404 0.4104550838470459 0.025286293029785134 0.06111459732055663
26 0.4554437160491943 0.4931779861450195 0.02453784942626952 0.06360731124877933
17 0.47158055305480956 0.26047744750976565 0.025208568572998025 0.05319337844848632
54 0.4895083427429199 0.18665835857391358 0.022341728210449163 0.07261462211608888
17 0.4193157196044922 0.2478165626525879 0.025207710266113292 0.05576066970825197
3 0.5384015560150146 0.6116315841674804 0.03757476806640625 0.14598493576049798
14 0.4191147327423096 0.31824383735656736 0.025158977508544955 0.061147499084472645
26 0.42931375503540037 0.4904869079589844 0.025760078430175748 0.06457710266113287
14 0.3955915689468384 0.3161303997039795 0.02076134681701658 0.06263570785522465
59 0.5552273750305177 0.20471372008323668 0.017488861083984397 0.07101517915725708
19 0.39101505279541016 0.3999852895736694 0.019742965698242188 0.06270012855529788
3 0.46644001007080077 0.6100197315216065 0.036855125427246116 0.14869985580444334
55 0.46744791666666663 0.18093093093093093 0.022287912912912933 0.07742117117117117
55 0.4448667417417417 0.17741178678678676 0.022287912912912933 0.07742117117117117
23 0.5840810208707243 0.425660119149778 0.021814918518066384 0.055781006813049316
11 0.4281663161057692 0.6123672876602564 0.035682091346153855 0.15243139022435892
11 0.5015650040064102 0.6136192908653847 0.03411708733974361 0.15055338541666652
0 0.3906062199519231 0.6118977864583334 0.035682091346153855 0.15712640224358965
