47 0.34231929779052733 0.5081655025482178 0.03674149513244629 0.09375448226928712
59 0.4177397727966309 0.49660444259643555 0.03658046722412106 0.11422348022460938
16 0.4833844661712647 0.25854761600494386 0.03832807540893557 0.08934903144836426
19 0.2818243980407715 0.3821249008178711 0.03818216323852541 0.08927745819091792
16 0.44350337982177734 0.25858478546142577 0.03894157409667964 0.09010462760925295
16 0.4035431742668152 0.257609486579895 0.038487267494201616 0.09051890373229979
18 0.3224737167358398 0.3815891027450562 0.03849534988403319 0.08757405281066893
13 0.5386924743652344 0.7555376052856446 0.073028564453125 0.15915164947509763
15 0.32745487689971925 0.25586400032043455 0.036810016632080056 0.09041776657104492
16 0.561482286453247 0.25832812786102294 0.03734035491943355 0.08946809768676756
25 0.362158465385437 0.3819653511047363 0.03875126838684084 0.08685617446899413
29 0.3628165245056152 0.7127886772155763 0.07236118316650392 0.2705799102783203
16 0.5998169898986816 0.25699820518493655 0.03667583465576174 0.08850154876708985
26 0.5975956439971923 0.38042671680450435 0.03638305664062502 0.08504052162170411
29 0.28876440525054936 0.7180647850036621 0.07436804771423339 0.27146854400634757
25 0.4433781623840332 0.381732177734375 0.03820323944091797 0.08711090087890627
24 0.5588927745819092 0.38044204711914065 0.037536907196044855 0.08642015457153324
14 0.36477339267730713 0.25719900131225587 0.03646750450134273 0.09001731872558594
25 0.40305113792419434 0.3809211254119873 0.040931320190429665 0.0859314918518066
25 0.4810685157775879 0.3811617851257324 0.03687686920166017 0.08611869812011719
17 0.2872802495956421 0.25428357124328616 0.043207979202270486 0.09127759933471682
25 0.519070529937744 0.38016815185546876 0.03784551620483401 0.0842595100402832
28 0.42625842094421384 0.7474116325378418 0.050194454193115245 0.18267745971679683
16 0.5226694107055664 0.2588134050369263 0.0381067276000977 0.09044566154479977
54 0.5621719837188721 0.49512033462524413 0.03783054351806647 0.11419467926025384
28 0.4761009216308594 0.7482030391693115 0.04764003753662105 0.17687215805053702
56 0.30261723995208745 0.5097381591796875 0.03748912811279298 0.09247074127197263
51 0.4543272972106933 0.49645595550537114 0.03375263214111329 0.11075210571289068
52 0.5243584632873535 0.49593524932861327 0.03491268157958982 0.10944728851318353
55 0.5993354320526123 0.4947639465332031 0.0359954833984375 0.11458415985107417
