18 0.3455860137939453 0.3447535037994385 0.02972612380981443 0.07057971954345699
14 0.25223603248596194 0.3408278226852417 0.02999143600463866 0.06997361183166506
15 0.22107815742492676 0.3394303560256958 0.029319095611572255 0.06943888664245607
25 0.4060926914215088 0.34543509483337403 0.028036975860595725 0.07115912437438965
24 0.43561134338378904 0.34662623405456544 0.029747772216796864 0.07095899581909182
17 0.19141042232513428 0.3380007266998291 0.02944021224975585 0.06966757774353027
28 0.6182338714599609 0.743556022644043 0.03486900329589837 0.1116227149963378
23 0.376426100730896 0.3449719905853271 0.0293301582336426 0.07127981185913085
19 0.31460275650024416 0.3443587779998779 0.029963016510009766 0.07074794769287113
26 0.46481952667236326 0.34635105133056643 0.026686859130859386 0.0713047504425049
16 0.2834392309188843 0.3430828094482422 0.0299710273742676 0.07178688049316406
59 0.4519366264343262 0.4349090099334717 0.026592540740966786 0.08644094467163083
52 0.36923871040344236 0.4346251606941223 0.026012706756591786 0.0857906103134155
34 0.22778220176696778 0.4415931224822998 0.031092453002929704 0.06785573959350588
29 0.7129488468170166 0.8074353218078614 0.05776586532592776 0.17619209289550775
31 0.5846463203430176 0.7487190246582032 0.030169296264648482 0.09934053421020506
51 0.34116654396057133 0.43338484764099117 0.02671842575073241 0.0852039337158203
54 0.3975440502166748 0.43502397537231446 0.027038002014160123 0.08722972869873047
31 0.5550594329833984 0.7487900257110596 0.03056259155273433 0.09892835617065421
32 0.653974437713623 0.7433673858642578 0.03592338562011721 0.11401176452636719
47 0.6220664978027344 0.19062478542327882 0.02875366210937491 0.07929806709289552
33 0.19732013940811155 0.44268064498901366 0.028039240837097162 0.0703744888305664
56 0.6509946034136547 0.19036301455823296 0.02588478915662651 0.07647778614457831
55 0.4241917698948949 0.43489583333333337 0.02551379504504503 0.08739207957957956
