59 0.7225917339324952 0.1392488956451416 0.04616823196411135 0.1507162094116211
14 0.33269762992858887 0.6049719333648682 0.043581581115722634 0.07516021728515632
14 0.6592938899993896 0.38854818344116215 0.029624080657959073 0.06857852935791015
17 0.3489180564880371 0.4624568939208984 0.04538245201110841 0.07819728851318358
16 0.41668167114257815 0.5822739601135254 0.0387263298034668 0.06457042694091797
24 0.4621579170227051 0.6896844863891602 0.032210254669189475 0.05394515991210935
17 0.2998558521270752 0.47561664581298824 0.0511331081390381 0.0892007827758789
26 0.572419261932373 0.7262745380401612 0.025810432434081987 0.04361047744750979
14 0.6927937030792236 0.38251693248748775 0.035457611083984375 0.07162899971008302
14 0.37552983760833736 0.5942644119262696 0.040214967727661144 0.0709732055664063
16 0.4547617912292481 0.5711071491241455 0.03608255386352538 0.06825952529907231
16 0.5926522254943848 0.5286579132080078 0.0334569931030273 0.06363782882690433
17 0.39236016273498536 0.4470376968383789 0.0391415596008301 0.08578748703002925
17 0.5194826602935791 0.4243058323860168 0.0382620811462403 0.07167108058929444
17 0.4316817283630371 0.43924435377120974 0.04059028625488281 0.08212454319000245
16 0.4916667938232422 0.5606633186340333 0.034549045562744185 0.06529102325439451
17 0.5938019752502441 0.4082725405693054 0.03605499267578116 0.07075865268707277
17 0.5570677757263184 0.4143438220024109 0.034971427917480424 0.07239840030670164
17 0.47790327072143557 0.4340653896331787 0.04394855499267575 0.07317495346069336
16 0.5592710494995117 0.5365137577056884 0.03231201171874998 0.06420812606811521
16 0.5258446216583252 0.5490230560302733 0.031904983520507746 0.06430873870849607
26 0.5983392238616942 0.7184304237365723 0.025263881683349587 0.04841403961181645
25 0.580628490447998 0.6423638343811036 0.028758811950683638 0.05466136932373045
26 0.6237370491027832 0.7065791130065918 0.02395563125610345 0.048009204864502
25 0.6090153694152831 0.6319859504699707 0.026392555236816384 0.047784709930419944
25 0.5516389846801758 0.6517961502075196 0.027324008941650435 0.052968406677246116
25 0.40491161346435545 0.7999807357788087 0.03057556152343749 0.04451694488525393
25 0.46358470916748046 0.7751052856445313 0.028202629089355447 0.048232078552246094
25 0.43470330238342286 0.7853588581085205 0.028364276885986306 0.04705934524536126
25 0.49271826744079594 0.7621186256408692 0.028446388244628917 0.046207427978515625
19 0.6261852264404297 0.5158987045288086 0.030678939819336004 0.062358093261718706
25 0.5206125736236572 0.750563097000122 0.02613620758056645 0.045547103881835915
19 0.656834602355957 0.5077470779418944 0.027353286743164062 0.060210800170898415
24 0.4292745590209961 0.6996351242065431 0.03358039855957029 0.0572084426879883
24 0.4940638542175293 0.674161148071289 0.03105201721191403 0.05516967773437498
24 0.39578852653503416 0.709446907043457 0.03322849273681644 0.06281909942626962
24 0.5232840061187745 0.6647192955017089 0.028289604187011652 0.05502758026123045
25 0.37146730422973634 0.8126026153564454 0.031783103942871094 0.04559478759765623
25 0.5464392662048341 0.7406721115112305 0.025423622131347634 0.04298057556152335
26 0.6480512619018555 0.701415729522705 0.024235534667968794 0.05006752014160154
17 0.6281789779663086 0.3975764513015747 0.031447410583496094 0.06936812400817871
25 0.6338261127471924 0.6253513336181641 0.023706912994384766 0.044983196258544966
24 0.3623133659362793 0.725382137298584 0.03566083908081058 0.06002464294433596
0 0.3800865557553956 0.8912011016187049 0.04355890287769787 0.10187162769784164
2 0.42259161420863306 0.8736370278776978 0.03302045863309355 0.08641524280575541
24 0.6850961538461539 0.5018028846153846 0.02253605769230771 0.05859375
