18 0.4882153987884521 0.534461498260498 0.033555507659912054 0.07041873931884762
19 0.4196495056152344 0.5394696712493896 0.032389545440673795 0.07593965530395508
18 0.454191780090332 0.5365147590637207 0.033801651000976596 0.07176418304443355
14 0.5979217529296874 0.43243007659912114 0.032170677185058616 0.07635421752929689
26 0.5683794021606445 0.6814006805419921 0.025406837463378906 0.05461730957031252
19 0.3854668378829956 0.5422301292419434 0.03453335762023929 0.0778711318969727
19 0.3513064861297608 0.545834732055664 0.032189083099365245 0.08239612579345701
26 0.47834033966064454 0.6942291736602784 0.031121826171874978 0.05794954299926758
26 0.48637971878051756 0.6298482418060303 0.03177890777587894 0.06790018081665039
26 0.5091948509216309 0.6895252227783204 0.028912353515625044 0.059015846252441384
16 0.3905440330505371 0.43455115556716917 0.03659563064575194 0.0878234624862671
25 0.45284161567687986 0.6326180934906006 0.03268070220947267 0.07008647918701172
14 0.6308253288269043 0.4327071666717529 0.03362483978271491 0.07553253173828128
26 0.5476295471191406 0.6214245796203612 0.02615852355957038 0.06377115249633791
26 0.5184759140014649 0.6261556625366211 0.029950332641601518 0.06567230224609377
16 0.5007603645324707 0.43405375480651853 0.0354799270629883 0.07683877944946288
25 0.4458316802978516 0.6982814788818359 0.030308341979980502 0.05926494598388665
17 0.3537285804748535 0.4346615672111511 0.035018539428710915 0.08952143192291262
25 0.5536201477050782 0.5291024208068847 0.03184633255004876 0.062290191650390625
16 0.4270634651184082 0.4323023796081543 0.0340520858764648 0.08241090774536136
16 0.4633187294006348 0.43367633819580076 0.03603477478027345 0.08253145217895508
25 0.4144535541534424 0.7036325931549072 0.030697154998779286 0.06070890426635733
25 0.4196208000183106 0.6360319137573243 0.03200073242187501 0.07404708862304688
16 0.5348466396331787 0.4337830424308777 0.03120346069335933 0.07339441776275635
25 0.6147004127502441 0.5257067680358887 0.028464031219482377 0.061442565917968706
25 0.3854986667633057 0.6415173530578613 0.03489313125610355 0.0722503662109375
25 0.381075668334961 0.7087744712829589 0.03299074172973632 0.06079254150390623
26 0.5764705657958984 0.6183177471160888 0.028533744812011652 0.0651970863342285
26 0.5392128944396972 0.6847934722900391 0.02837028503417971 0.0579329490661622
25 0.3501253604888916 0.6450208187103271 0.03238725662231445 0.07077865600585942
2 0.65076584815979 0.26725227832794185 0.05276498794555662 0.19360737800598143
25 0.5217798709869386 0.5312348365783691 0.031178092956542947 0.06603012084960941
2 0.4940208435058594 0.2545476913452148 0.05954570770263673 0.21945781707763673
25 0.5849968910217285 0.5271985054016113 0.029614353179931663 0.06133565902709959
26 0.6053501129150392 0.6166096687316894 0.02776613235473635 0.06484441757202153
25 0.3471138000488281 0.7141870498657226 0.03062744140625001 0.06439266204833982
26 0.5943054676055908 0.6784265518188477 0.024875164031982422 0.05287380218505866
2 0.5478385448455811 0.2614929735660553 0.04863586425781252 0.2054829478263855
2 0.43217172622680666 0.24715480208396912 0.06287555694580077 0.23154975175857542
2 0.5984670639038085 0.265772533416748 0.05220022201538088 0.19850711822509765
2 0.36914982795715334 0.2437011957168579 0.06176080703735348 0.2367912769317627
