61 0.5494884014129638 0.5186519622802734 0.043551731109619185 0.04763565063476566
41 0.4076846599578857 0.5099332809448243 0.04175176620483395 0.05042285919189454
43 0.5274406433105469 0.1716455578804016 0.048482418060302734 0.04149959087371827
43 0.47453470230102535 0.21308255195617676 0.04947204589843751 0.04323110580444334
43 0.5252226352691651 0.21435554027557374 0.050500774383544944 0.0430049419403076
41 0.4549196243286133 0.5125764846801757 0.043514537811279286 0.04860458374023435
41 0.4071493148803711 0.45946745872497563 0.03888425827026365 0.04943389892578126
41 0.5033814907073975 0.46569147109985354 0.04154853820800786 0.050694942474365234
41 0.45590362548828123 0.4622784614562988 0.041083526611328136 0.04918670654296875
43 0.42278351783752444 0.21172773838043213 0.04687814712524413 0.04175276756286622
43 0.4760307312011719 0.17012145519256594 0.04714012145996094 0.04077110290527344
61 0.5993393898010253 0.46965475082397456 0.04187450408935545 0.05126924514770509
41 0.5021759033203125 0.5153801441192627 0.04171161651611327 0.0463217735290527
43 0.4256842613220215 0.17043685913085938 0.04760589599609377 0.03892951011657714
45 0.27008649461409623 0.8013568064745735 0.059790406507604255 0.048825909109676435
61 0.551358985900879 0.46835250854492183 0.04166965484619134 0.051148128509521495
44 0.5765281677246094 0.2162543296813965 0.046047973632812544 0.04152803421020507
45 0.3957192420959472 0.7630087964675005 0.05315275192260743 0.06222190856933596
44 0.6818063259124756 0.17714630365371703 0.04762945175170907 0.03885655403137209
45 0.34146556854248045 0.7643095465267405 0.04984064102172853 0.05679302215576176
61 0.6936819076538085 0.5245873928070068 0.045493698120117165 0.04634294509887704
44 0.5807361602783203 0.17337706089019775 0.04760475158691402 0.04125542640686036
61 0.5969460010528564 0.520684814453125 0.04393119812011714 0.046489334106445346
43 0.3741854429244995 0.21015940308570863 0.046876382827758745 0.0428632616996765
44 0.631621265411377 0.1314906358718872 0.046179008483886674 0.04389553070068361
44 0.6304688453674316 0.1750788450241089 0.047337341308593794 0.0409989833831787
44 0.6274627685546874 0.218786358833313 0.04952297210693357 0.04053978919982909
42 0.5387066841125487 0.3425401210784912 0.04402866363525393 0.04038848876953122
43 0.37452750205993657 0.16852004528045655 0.046894359588623036 0.03932075500488283
61 0.6452983856201172 0.5222407341003418 0.04554538726806645 0.04635047912597656
44 0.58209228515625 0.13220906257629395 0.04255561828613286 0.03964657783508302
61 0.6487768173217774 0.4719902515411377 0.04230442047119143 0.04993801116943358
46 0.4508215427398682 0.8194822549819947 0.06250381469726562 0.04140086174011237
43 0.47749691009521483 0.1272930383682251 0.04339265823364258 0.043031311035156256
42 0.5344376815838762 0.3811159133911133 0.046303939819336115 0.03328928947448728
61 0.6979536056518555 0.4749050617218018 0.045201110839843794 0.05366916656494142
42 0.48473687171936036 0.3402779579162598 0.044230079650878884 0.0401927947998047
42 0.5879172325134278 0.34267463684082033 0.04485435485839839 0.038161563873291005
46 0.5174652099609375 0.782381820678711 0.056766510009765625 0.03647346496582038
44 0.6787874221801757 0.22007041573524475 0.04867000579833991 0.04093979597091674
46 0.5149094581604003 0.8219785690307617 0.06011142730712893 0.04311561584472656
44 0.7283283665232414 0.22220887376444182 0.04867000579833991 0.04093979597091674
44 0.7313472702555412 0.17928476168291413 0.04762945175170907 0.03885655403137209
44 0.7339692850182526 0.13604533093689133 0.045236699598549146 0.04407401041392861
44 0.6843148579562668 0.13479789708652637 0.04979523846702849 0.042291962056264384
43 0.4256842613220215 0.1276436709286122 0.04760589599609377 0.03892951011657715
43 0.3761897349625491 0.12618434817603466 0.044078570805238915 0.04184815562173223
42 0.4851839877246471 0.3775844161430102 0.0433358476403054 0.034705641028586365
42 0.4369044933426246 0.3786816773789652 0.04333584764030535 0.034705641028586365
42 0.4364573773373379 0.3413752191522148 0.04423007965087883 0.0401927947998047
42 0.5884658631314054 0.38217604133520233 0.04485435485839839 0.038161563873291005
42 0.6354761107584065 0.38450255420770535 0.04451038382026584 0.0362310222025668
42 0.6371220026123391 0.3460984109492784 0.04451038382026584 0.0362310222025668
45 0.2905109669278896 0.7534583709311313 0.04534868017930854 0.054751171686824085
45 0.32842071336858414 0.8156673403347239 0.054388531516580074 0.045336964551140335
45 0.3898148999494665 0.8160263706656062 0.054388531516580074 0.045336964551140335
46 0.45512990671045644 0.7778347365996416 0.06250381469726562 0.04140086174011237
46 0.5772723967568916 0.8195799944693581 0.06011142730712893 0.04311561584472656
46 0.5798281485574287 0.7799832461173073 0.056766510009765625 0.03647346496582038
46 0.6430618704411022 0.8226638760483055 0.06011142730712893 0.04311561584472656
46 0.6392931670473333 0.7813830459327028 0.06079576391922803 0.03727267081277397
