25 0.2179525911808014 0.34506266117095946 0.040837752819061296 0.11711010932922361
26 0.22645623683929444 0.46100835800170903 0.03706736564636229 0.11206932067871095
19 0.18834097385406495 0.4593293190002441 0.03453264236450196 0.10758094787597655
17 0.14898858070373536 0.4559806823730469 0.041663122177124035 0.10359411239624028
14 0.1441709280014038 0.34403870105743406 0.03580319881439209 0.11644740104675294
55 0.44778556823730464 0.4734192371368408 0.04868297576904296 0.1547578811645508
16 0.17968145162939167 0.3461347537075015 0.03266722264049721 0.11286763287276669
47 0.3073712904676259 0.4643941097122301 0.03864096223021579 0.13770233812949628
56 0.2648662320143884 0.45912488758992787 0.03934352517985612 0.1341895233812948
59 0.3997583183453237 0.4728248651079136 0.04215377697841727 0.15034847122302153
52 0.5490529451438848 0.48090433902877694 0.05550247302158273 0.17072279676258995
54 0.6094733588129496 0.4710684577338129 0.05971785071942448 0.20163556654676257
51 0.6776219649280575 0.47809408723021574 0.06674348021582732 0.2170919514388489
28 0.8207337622549019 0.45787377450980393 0.08552900326797386 0.30318116830065356
