29 0.545714521408081 0.7134570121765137 0.019588565826415993 0.10729761123657222
29 0.7703474998474121 0.08809319138526917 0.02575759887695317 0.10699871778488158
29 0.56473388671875 0.7239660263061524 0.02008132934570317 0.10425949096679688
29 0.7968812942504883 0.0800798773765564 0.02727222442626953 0.10975823402404786
29 0.6303257151255532 0.755653264787462 0.024380811812385716 0.10071625179714627
29 0.5285372734069824 0.7076430797576905 0.017730331420898526 0.10506753921508782
29 0.7357522964477539 0.8340848922729492 0.024535179138183594 0.0900638580322266
29 0.5974835395812987 0.15177412033081056 0.019626045227050803 0.08678364753723146
29 0.6070201873779297 0.7451610565185547 0.022306823730468772 0.10952911376953134
29 0.7422553062438966 0.10025862753391265 0.02864780426025393 0.10185706019401551
29 0.7599078178405763 0.8522871971130371 0.02386341094970701 0.10617446899414062
29 0.5861371994018554 0.7331374168395997 0.020780181884765603 0.10725879669189453
31 0.8112534523010253 0.876845932006836 0.023801231384277366 0.08921775817871092
29 0.6923065185546875 0.8130416870117188 0.022582054138183594 0.08595466613769531
29 0.6371193885803224 0.13704608678817748 0.02354564666748049 0.09593241214752199
29 0.6160635948181152 0.1443120241165161 0.018474006652831942 0.08495473861694336
31 0.7841267161899144 0.8698704855782646 0.023801231384277366 0.08921775817871092
32 0.6680927579365079 0.801788814484127 0.01705109126984128 0.07828000992063489
32 0.6510416666666667 0.7940383184523809 0.01705109126984128 0.07828000992063489
31 0.8335915429251535 0.883473437173026 0.02097772870744974 0.08542167724124972
