18 0.6257740974426269 0.4829559326171875 0.03144207000732424 0.051945114135742154
18 0.5616154670715332 0.48594393730163576 0.030939197540283292 0.05025196075439453
18 0.5935986518859864 0.48441495895385744 0.03141441345214846 0.05085258483886723
47 0.5024803638458252 0.15360898971557618 0.03264436721801761 0.0800891399383545
47 0.5012857437133789 0.053530764579772946 0.037111854553222634 0.10706152915954589
47 0.5396560668945312 0.05373247265815735 0.039444351196289085 0.10589903593063354
17 0.322791862487793 0.40096726417541506 0.032429027557373036 0.05837478637695309
19 0.5300939559936524 0.48700447082519527 0.030882930755615212 0.05070400238037104
16 0.49487276077270503 0.39584379196166997 0.033181667327880804 0.05981044769287108
14 0.596750831604004 0.39417324066162107 0.03177251815795901 0.060015583038330045
2 0.3927624225616455 0.09675315618515015 0.05766725540161133 0.1935063123703003
26 0.6130827903747559 0.5754119873046875 0.028657150268554643 0.05852375030517576
14 0.5286163806915283 0.3960130214691162 0.03231878280639655 0.06010980606079097
26 0.4974882125854492 0.6363560676574707 0.027848052978515614 0.04439496994018555
14 0.6299228668212891 0.39458732604980473 0.03297920227050777 0.06314115524291991
16 0.4268159866333008 0.39792575836181643 0.033468437194824174 0.05864877700805665
59 0.5817774772644042 0.2900670289993286 0.0332313537597656 0.10668749809265135
3 0.33425297737121584 0.09750586748123169 0.05722446441650392 0.19501173496246338
17 0.3566769599914551 0.40005064010620117 0.034930133819580045 0.05750293731689449
14 0.5628450870513917 0.39531702995300294 0.033864402770996116 0.059168434143066384
25 0.34717411994934083 0.639824390411377 0.02992987632751465 0.048970699310302734
26 0.4939848899841308 0.5775421142578125 0.02998380661010741 0.05935039520263674
19 0.49755053520202636 0.4875191688537598 0.03172245025634768 0.051782417297363326
54 0.5133276462554932 0.2888633251190186 0.0316025733947754 0.10996465682983397
28 0.5853444458502024 0.7746306371109688 0.035978618421052655 0.10299988758226153
25 0.3777182579040528 0.6393417358398438 0.029464912414550792 0.047726440429687544
26 0.5842046737670898 0.6347258567810059 0.027327919006347567 0.044054508209228516
25 0.43784575462341313 0.6379448413848877 0.028738689422607433 0.04585008621215825
19 0.4649099349975586 0.48777017593383787 0.03097572326660153 0.054468631744384766
19 0.4001969337463379 0.49097089767456054 0.03169145584106442 0.05299072265624993
16 0.46073584556579594 0.3966772079467773 0.03249664306640626 0.05917720794677733
25 0.40790883302688596 0.6390347480773926 0.028973555564880404 0.04669170379638676
59 0.6485374927520752 0.291671895980835 0.03300352096557613 0.10472111701965331
26 0.5263885498046875 0.6359671592712403 0.028116035461425826 0.044754981994628906
28 0.5167229638891181 0.7809294884021465 0.03474273951912704 0.10452724603506247
17 0.2873628377914429 0.40311865806579594 0.03770360946655277 0.062232303619384755
25 0.31582207679748536 0.640081787109375 0.030807876586914085 0.05041618347167964
26 0.5833722114562989 0.5759801387786865 0.029020690917968772 0.0587763786315918
19 0.3670098304748535 0.49251136779785154 0.03328847885131836 0.05392570495605464
52 0.2726776599884033 0.28987483978271483 0.03577842712402346 0.11123237609863279
26 0.5247659683227539 0.5773562431335448 0.029040527343749956 0.059463119506835915
26 0.5555729389190673 0.6356645584106445 0.02767887115478518 0.044580268859863326
59 0.6149712085723877 0.2905466556549072 0.03187122344970705 0.10599012374877928
16 0.39237465858459475 0.39896051883697514 0.0340925216674805 0.057842302322387684
26 0.5538991928100586 0.576478385925293 0.028839588165283203 0.0590312004089355
47 0.5368854999542236 0.15291368961334229 0.033815956115722745 0.08063373565673827
26 0.6124761581420899 0.6338285446166991 0.027410888671875022 0.04686794281005857
54 0.4793612003326416 0.28810303211212157 0.0328658103942871 0.11046185493469238
1 0.4516385078430176 0.09690617322921753 0.05751018524169921 0.1935345649719238
29 0.3335272312164307 0.7738278388977051 0.053735160827636685 0.16084899902343752
25 0.46750946044921876 0.6377181053161621 0.028184509277343728 0.043953227996826216
25 0.4030912399291992 0.575205135345459 0.03027000427246096 0.059739303588867254
29 0.4334708690643311 0.7636977672576905 0.04958562850952147 0.1598917961120605
25 0.4628352165222168 0.5754422187805176 0.029197120666503873 0.058599758148193404
59 0.547325611114502 0.28994112014770507 0.034503936767578125 0.11057033538818359
28 0.6223060964528891 0.7721891316500578 0.03557246618513066 0.10261689966375187
28 0.47907870887262133 0.7837693754960651 0.03817355391467625 0.10941628135650272
29 0.38452532291412356 0.7689485549926758 0.04873738288879398 0.15959568023681636
25 0.33975250720977784 0.5765962600708008 0.030613517761230447 0.06005506515502934
19 0.332715368270874 0.49333887100219725 0.03352108001708981 0.053901290893554665
25 0.4335039138793945 0.5746911048889161 0.027592182159423828 0.059365272521972656
25 0.3084868431091309 0.5766244888305665 0.030232715606689442 0.0603059768676758
25 0.37117705345153806 0.5759324550628662 0.030407142639160167 0.059350776672363215
28 0.5507220643939393 0.7787846753091523 0.03255208333333326 0.10456272183042592
56 0.6590263843536377 0.05518048354374465 0.03844785690307617 0.10674873590469361
19 0.29896697998046873 0.5015369415283203 0.031329822540283214 0.06967382431030272
56 0.6530264854431153 0.1524049401283264 0.03429908752441402 0.08311750888824462
19 0.4328359603881836 0.4881567001342773 0.03106098175048827 0.05539379119873045
55 0.3777034759521485 0.2880728244781494 0.03382139205932616 0.10820789337158201
0 0.27239793346774194 0.09834929435483873 0.0630040322580645 0.19058719758064516
55 0.41130562648978286 0.28964792528460104 0.03382139205932616 0.10820789337158201
55 0.44543281062956785 0.28702275727384835 0.03382139205932616 0.10820789337158201
