17 0.20740082263946535 0.8535250663757323 0.034202480316162104 0.0756803512573242
25 0.24394633769989016 0.7745571136474609 0.03467926979064942 0.07587299346923837
16 0.24136815071105958 0.8534450531005859 0.03177137374877931 0.07727432250976562
26 0.27621912956237793 0.8505182266235352 0.0319181442260742 0.07561569213867192
0 0.5770257949829102 0.79446382522583 0.04494667053222656 0.1636625289916992
29 0.3848848819732666 0.7812187194824218 0.055373096466064475 0.21185455322265623
3 0.5301504135131836 0.795908260345459 0.04710311889648433 0.16788196563720703
14 0.20930753350257875 0.7769452095031739 0.03343857526779173 0.07723274230957033
2 0.6235310077667237 0.794537353515625 0.04389886856079106 0.16485118865966797
28 0.43430271148681643 0.8149085760116577 0.04030895233154297 0.14021267890930178
56 0.31059296131134034 0.845053768157959 0.03215312957763672 0.08225898742675786
47 0.31266217231750487 0.7611937522888184 0.02944359779357908 0.0823919296264648
52 0.34352530420353977 0.7417121819690264 0.026790652654867242 0.11364422013274333
