41 0.4012324810028076 0.4013755798339844 0.0613093376159668 0.07053022384643554
41 0.5302742958068847 0.4057909488677979 0.05721511840820315 0.0673331260681152
41 0.5318551540374756 0.3325820446014405 0.05779542922973635 0.07514410018920897
41 0.4022639274597168 0.32625298500061034 0.06201314926147461 0.07401847839355469
41 0.5912894248962401 0.4077570796012878 0.056740188598632835 0.0681246042251587
41 0.329874324798584 0.39689712524414067 0.06115255355834959 0.0755136489868164
41 0.5937127590179443 0.3369264602661133 0.056163120269775324 0.07225189208984373
41 0.4667919635772705 0.4028065800666809 0.05654268264770507 0.06778943538665771
41 0.46751952171325684 0.3294815540313721 0.057534885406494096 0.07531585693359377
41 0.3270317554473877 0.3219875574111939 0.06117830276489261 0.07336993217468263
42 0.5287196159362793 0.5348570823669434 0.04881744384765618 0.04306592941284182
42 0.472801399230957 0.5750576496124267 0.048764991760253895 0.04123268127441404
42 0.4716472148895264 0.5351583957672119 0.04691638946533205 0.040223884582519576
42 0.47402907464562394 0.49466677991355334 0.04691638946533205 0.040223884582519576
42 0.5282432439850597 0.580112417732797 0.04881744384765618 0.04306592941284182
42 0.41543532464562394 0.49466677991355334 0.04691638946533205 0.040223884582519576
42 0.41448258074318495 0.5375402555233094 0.04691638946533205 0.040223884582519576
27 0.456077534396474 0.6518918665443978 0.07869858974363747 0.04997275747903951
27 0.37865636322530283 0.6908957141419956 0.07869858974363747 0.04997275747903951
27 0.4654619187808583 0.7084914348627163 0.07869858974363736 0.04997275747903951
45 0.5648704153848971 0.6643348760345713 0.06405014007910337 0.06958006024316987
42 0.4150673487072568 0.5784740130083393 0.04691638946533205 0.040223884582519576
