29 0.5409311294555664 0.29399111270904543 0.046718597412109375 0.1784765720367432
28 0.41642065048217775 0.48266596794128414 0.03335561752319338 0.10182237625122065
29 0.39035753894914016 0.29066655577918293 0.05114220955111237 0.1812192451616048
28 0.48539149735941606 0.4829262041663687 0.035365732133019745 0.10194544322976251
29 0.4924629211425781 0.29127862453460696 0.04849653244018548 0.1752142906188965
29 0.4747012138366699 0.8091230154037476 0.04143657684326174 0.12466893196105955
29 0.43273239135742186 0.8105067968368531 0.041267013549804665 0.12613568305969236
28 0.4500545266018307 0.48288438554759433 0.034414330663615544 0.10186180599221373
29 0.44201135635375977 0.2913613796234131 0.05072975158691406 0.1777334213256836
28 0.5452891261489303 0.48269428752717514 0.02366563655711973 0.1025723548162551
28 0.38247144461939575 0.48322104928354737 0.034835963274436055 0.10310917859354979
29 0.5161384582519531 0.8087238311767577 0.04118289947509762 0.1251188278198242
29 0.43306217193603513 0.6423290252685547 0.043802356719970736 0.14404869079589844
29 0.39080197811126705 0.8115396499633789 0.03977198600769044 0.12984657287597656
29 0.4776336669921875 0.6416317462921143 0.043222999572753884 0.14649076461791988
28 0.5181751270861593 0.4848264594918258 0.029126361960404523 0.09993574221019613
28 0.5228717803955079 0.6406088829040527 0.04479694366455078 0.15094299316406246
29 0.523150551426518 0.6415422037915066 0.04551336786768456 0.14904020713256294
29 0.38828320852140097 0.6432817691709938 0.043802356719970736 0.14404869079589844
