28 0.7324789047241211 0.45981249809265134 0.0697136878967285 0.21548776626586913
29 0.4938182830810547 0.3964535236358643 0.08109378814697266 0.34435167312622067
29 0.5820432662963867 0.39381506443023684 0.08429527282714844 0.3411513805389404
29 0.22355994582176208 0.41304837465286254 0.11007081270217897 0.33471581935882566
28 0.658514696454245 0.4590555295111642 0.06701622009277353 0.21036508083343508
29 0.4067836761474609 0.40651081800460814 0.08621530532836913 0.3325371026992797
31 0.5967025281937142 0.7851469838522314 0.05272045174265294 0.14314711811096692
29 0.3222545862197876 0.4097772121429443 0.07811989784240725 0.325250244140625
31 0.649882232464426 0.7895802707206911 0.05269012451171873 0.14380798339843748
31 0.706252913358735 0.7935500369808537 0.05269012451171873 0.14380798339843748
