36 0.2963952850877193 0.37135074013157887 0.15248081140350872 0.08823327850877188
36 0.4385964912280701 0.3657826206140351 0.14048793859649122 0.08223684210526311
36 0.5842242324561402 0.3649259868421053 0.140487938596491 0.08223684210526311
58 0.28097587719298245 0.6797388980263157 0.13534813596491227 0.0728138706140351
58 0.2989651864035087 0.7619757401315789 0.13534813596491227 0.0728138706140351
58 0.42489035087719296 0.6797388980263157 0.1353481359649123 0.0728138706140351
58 0.4403097587719297 0.7628323739035087 0.13534813596491202 0.0728138706140351
36 0.5632367050438596 0.6724575109649122 0.13963130482456143 0.07709703947368418
36 0.7062945449561403 0.6741707785087718 0.13963130482456143 0.07709703947368418
36 0.5739446271929824 0.751696134868421 0.13192160087719296 0.0711006030701754
36 0.7092927631578947 0.7551226699561402 0.13192160087719296 0.0711006030701754
