26 0.5442280292510986 0.37975387573242186 0.03615560531616213 0.09349489212036133
29 0.4505473136901855 0.9053829193115235 0.045932769775390625 0.17390060424804688
26 0.6146849632263183 0.37463650703430174 0.03189239501953123 0.08840332031250003
26 0.6473776817321777 0.37168121337890625 0.031960582733154275 0.08721532821655276
26 0.7091236114501953 0.36731476783752437 0.02907009124755855 0.08317203521728517
29 0.5950807571411132 0.8535331964492798 0.04755077362060545 0.16762042045593262
29 0.4994065761566162 0.8821697235107422 0.050358200073242154 0.17400588989257804
29 0.642586612701416 0.8353363037109375 0.04668540954589839 0.1591644287109375
25 0.5300018310546875 0.5682164192199707 0.03269691467285163 0.0714014053344727
29 0.5480994224548339 0.8652805328369141 0.04579505920410154 0.1689748764038086
26 0.5808235168457032 0.37732167243957515 0.034744644165039085 0.09125537872314454
26 0.4345361709594726 0.38515706062316896 0.03710956573486329 0.0986443519592285
25 0.62745361328125 0.5505876064300537 0.03066310882568357 0.06343011856079095
26 0.5075759887695312 0.3816592931747437 0.03525485992431637 0.09567561149597165
25 0.5954667091369629 0.5558763504028321 0.031198501586914062 0.06731567382812498
26 0.6793152332305908 0.3697666645050049 0.030426216125488237 0.08664808273315427
25 0.4595895290374756 0.5793546676635741 0.035707378387451194 0.07589588165283201
28 0.5136051177978516 0.700101375579834 0.03753509521484372 0.12783832550048824
25 0.4957727432250977 0.5733277320861816 0.034256649017333995 0.07345924377441404
28 0.47217259407043455 0.712319803237915 0.04196310043334961 0.12787942886352532
28 0.5521571159362793 0.6943925857543946 0.03689155578613279 0.12233180999755855
25 0.5629978656768799 0.5628670692443847 0.031830120086669855 0.06771078109741213
25 0.6581774234771729 0.5460766792297362 0.028666877746582053 0.06220378875732424
28 0.6272332191467285 0.6770036697387696 0.0364042282104492 0.12136688232421877
28 0.43616652488708496 0.7188979148864746 0.02737293243408201 0.12667732238769536
25 0.6883890151977539 0.5427531242370606 0.030619049072265647 0.06074886322021489
28 0.6665193557739257 0.6694186687469482 0.040855026245117165 0.11515541076660152
25 0.43031868934631345 0.582963514328003 0.023337459564209018 0.07564735412597656
26 0.47130632400512695 0.384306526184082 0.03555774688720703 0.09781198501586913
28 0.5895133018493652 0.6847542762756347 0.03681621551513681 0.12440452575683592
