41 0.5297656059265137 0.4450469970703125 0.056325531005859464 0.06990089416503903
45 0.39089732170104985 0.7216676712036133 0.047365951538085926 0.08705263137817387
43 0.5289457321166993 0.1984175443649292 0.07019100189208982 0.059040355682373036
43 0.5359178066253663 0.07310258001089096 0.0727855682373047 0.06886294186115265
41 0.39278249740600585 0.4497407913208008 0.06190547943115232 0.07517204284667972
45 0.6314034461975098 0.6657508850097656 0.06309738159179679 0.059421539306640625
43 0.4513673305511474 0.19469299316406252 0.06910400390624999 0.05752525329589844
41 0.4620812892913818 0.44659852981567383 0.0583664894104004 0.07229270935058596
41 0.46235060691833496 0.3725900650024414 0.06492681503295894 0.07286853790283199
41 0.38959579467773436 0.37341721057891847 0.06625518798828123 0.07518448829650881
41 0.4582984924316406 0.8746681213378906 0.04538097381591799 0.04398536682128906
41 0.5941505432128906 0.368449068069458 0.06022167205810547 0.07311744689941407
41 0.528823471069336 0.2921902179718018 0.05975475311279299 0.0799141883850098
41 0.6591966629028321 0.3662039041519165 0.05885620117187507 0.07198863029479985
41 0.5290652275085449 0.3716494083404541 0.05872840881347652 0.07168111801147464
43 0.5305655479431153 0.13740053176879882 0.07317686080932623 0.06354050636291503
61 0.6095904350280761 0.09032506942749025 0.06758060455322268 0.10488729476928711
41 0.45763950347900395 0.8221003532409668 0.0468613624572754 0.05899810791015625
43 0.4519702911376953 0.13305523395538332 0.07178745269775388 0.06387243270874024
41 0.5950433254241942 0.2906355381011963 0.06134023666381838 0.07970952987670898
41 0.4037611484527588 0.8843631744384766 0.043458080291748025 0.04314537048339839
41 0.5150727748870849 0.8668687820434571 0.044627666473388616 0.04454879760742181
43 0.37105069160461424 0.13018360435962678 0.07174425125122069 0.06415681242942808
41 0.5150403499603271 0.8170379877090455 0.04766998291015623 0.05322031974792474
41 0.6558300971984863 0.43587684631347656 0.05229873657226569 0.06564369201660158
43 0.3736588954925537 0.1928837537765503 0.0700813293457031 0.05804724693298341
41 0.6620675563812255 0.29140944480895997 0.05865345001220701 0.0757416248321533
41 0.40123472213745115 0.831293773651123 0.04642887115478517 0.06021938323974607
41 0.6285297870635986 0.8437164306640625 0.047058486938476474 0.044055938720703125
45 0.5160588264465332 0.6933731079101563 0.052962303161621094 0.08437728881835938
41 0.5920477390289307 0.43989315032958987 0.0557098388671875 0.06703681945800782
41 0.4584360122680664 0.2922395706176758 0.06397905349731448 0.08300485610961911
41 0.38342890739440916 0.2906028747558594 0.07271595001220704 0.08849563598632815
45 0.5701586723327636 0.6729180335998535 0.058105850219726585 0.06358947753906252
43 0.45140252113342283 0.06730790734291077 0.07432584762573241 0.06810394525527955
41 0.5738870620727539 0.8528446197509765 0.04349164962768548 0.04380092620849607
41 0.6247102737426757 0.8830247879028321 0.04484844207763672 0.03609886169433596
45 0.45334930419921876 0.7028996467590332 0.07757530212402342 0.09640464782714842
41 0.4606210708618164 0.9151737213134765 0.04405927658081055 0.0356597900390625
27 0.40082635879516604 0.5860548973083497 0.08088607788085939 0.07157745361328127
41 0.6317423820495606 0.7953223705291748 0.0484869003295898 0.053586292266845637
61 0.6026206493377686 0.1867255210876465 0.0648415565490722 0.08857550621032714
61 0.6816700481233142 0.08722487101479183 0.06758060455322268 0.10488729476928713
61 0.6736560064648824 0.18670127486425733 0.06537996927897127 0.08697691455719964
43 0.36769716399056573 0.05955741131116474 0.07432584762573241 0.06810394525527955
41 0.5756154912762939 0.8066091385562864 0.04349164962768548 0.04380092620849607
41 0.5726366868061301 0.8914382702481429 0.04339975635562332 0.031109908618758175
41 0.5157134906380578 0.904113008279716 0.0436296914531068 0.029094226803399792
