23 0.6504351615905761 0.39420714378356936 0.024425411224365257 0.05861883163452147
52 0.3820177555084229 0.4787263870239258 0.02342882156372067 0.07163486480712894
18 0.5989837646484375 0.3931740283966064 0.02562103271484384 0.05858631134033204
56 0.7075885772705078 0.2641588687896729 0.02598285675048828 0.06573610305786132
18 0.573707103729248 0.3928833961486816 0.0241546630859375 0.059496116638183605
23 0.6250529289245605 0.39397454261779785 0.024950027465820312 0.05899753570556643
52 0.40546884536743166 0.4793574810028076 0.023048210144042958 0.0742758750915527
47 0.7885767936706543 0.26640150547027586 0.02849082946777337 0.06833949089050292
24 0.7781026363372803 0.39355218410491943 0.024078941345214933 0.057963991165161155
41 0.2925018072128296 0.7031652450561523 0.038601827621459917 0.0454744338989258
16 0.2777719497680664 0.36014342308044434 0.024796676635742143 0.06047630310058594
41 0.568453598022461 0.6699280738830566 0.03843975067138672 0.04164867401123051
47 0.7604748725891113 0.26596455574035643 0.025663375854492188 0.06698312759399414
26 0.32436308860778806 0.5870766639709473 0.023024654388427768 0.05055122375488286
25 0.6761269569396973 0.3938482284545899 0.025077438354492276 0.0592182159423828
41 0.42789559364318847 0.7035073280334473 0.03648233413696289 0.04109458923339848
41 0.42873401641845704 0.7859992504119873 0.037628173828125 0.03751249313354499
41 0.38421168327331545 0.7025768756866455 0.03778667449951173 0.04323797225952153
26 0.3239121913909912 0.6411680698394775 0.022832489013671853 0.04784336090087893
41 0.33815851211547854 0.7023319244384766 0.03825006484985355 0.04182357788085933
41 0.3834808826446533 0.7459143638610839 0.03777770996093749 0.041160202026367165
41 0.4288523197174072 0.7466358184814452 0.03723220825195317 0.040999984741210915
26 0.3004045248031616 0.6415111541748046 0.022861480712890625 0.0488859176635742
26 0.34762797355651853 0.5868724346160888 0.022235012054443393 0.04993391036987305
26 0.30081639289855955 0.5863009452819824 0.02250442504882816 0.05048866271972652
19 0.32897171974182127 0.3600703239440918 0.024718570709228505 0.059400081634521484
59 0.4648243904113769 0.6252861022949219 0.02252655029296874 0.0749011993408204
41 0.4721873283386231 0.7044219017028809 0.036771011352539074 0.04146175384521489
26 0.3941071033477783 0.5858821392059326 0.023027133941650346 0.05023107528686521
19 0.35556821823120116 0.36018097400665283 0.024709224700927734 0.06040048599243164
41 0.6544394493103027 0.6700467109680176 0.03899250030517587 0.041395378112792924
43 0.6994598388671875 0.6469980239868164 0.04225034713745124 0.029598999023437544
41 0.6551857948303222 0.6247647285461426 0.03807086944580074 0.045266914367675715
15 0.35213308334350585 0.2656809568405151 0.025508403778076172 0.060232543945312494
41 0.3418867826461792 0.7860602855682373 0.038160085678100586 0.03911981582641599
41 0.2939288139343262 0.7481282234191895 0.03845071792602539 0.0419584274291992
14 0.4337639808654785 0.26582536697387693 0.025810050964355513 0.06233129501342777
26 0.3472647190093994 0.6408225059509278 0.02262401580810547 0.048530960083007835
56 0.7341972827911376 0.2646749496459961 0.02531013488769529 0.06588735580444335
41 0.5680104732513428 0.6224602699279784 0.03752832412719731 0.049435997009277366
41 0.34028091430664065 0.7454472541809083 0.037708234786987316 0.04028024673461916
26 0.37095816135406495 0.6404935836791992 0.02253546714782717 0.04904251098632806
41 0.47289490699768066 0.7851594924926758 0.036685943603515625 0.035256385803222656
41 0.4728832244873047 0.745968723297119 0.03685569763183594 0.03900852203369143
41 0.6112567901611328 0.625005054473877 0.03819828033447259 0.04392986297607415
26 0.37052600383758544 0.5869369983673096 0.022352838516235374 0.04982185363769531
41 0.6106605529785156 0.6701217651367187 0.039720916748046786 0.04213314056396489
32 0.5570474147796631 0.5335064888000488 0.0255459785461426 0.09901027679443358
26 0.2782573699951172 0.5859502792358398 0.02163906097412105 0.05132236480712893
17 0.3255815029144287 0.265079402923584 0.027372455596923806 0.059425449371337896
17 0.2709648609161377 0.2657651901245117 0.028223609924316384 0.061942672729492165
41 0.3850545406341553 0.7860804557800293 0.03904714584350588 0.03566055297851567
17 0.2985884666442871 0.26551482677459715 0.026842451095581032 0.061076545715332026
19 0.4827205657958984 0.35896849632263184 0.018993663787841786 0.05849866867065434
15 0.37915678024291993 0.2661128997802734 0.026912450790405273 0.06223716735839843
54 0.45343542098999023 0.4781468868255615 0.022943401336669944 0.07262487411499019
26 0.39428863525390623 0.6403358459472657 0.022446250915527377 0.04961605072021491
41 0.2977284908294678 0.786855936050415 0.039126253128051736 0.034465122222900435
26 0.4169604778289795 0.6396211624145508 0.02255191802978518 0.050617218017578125
25 0.7272508144378662 0.3936598539352417 0.024791717529296875 0.058571195602417025
16 0.25299415588378904 0.36041083335876467 0.024597835540771495 0.0604231834411621
15 0.40644112825393675 0.26580262184143066 0.02722814083099362 0.06205945014953615
25 0.7528008937835693 0.3934096813201904 0.024906158447265625 0.058563995361328114
25 0.7015244483947753 0.39369964599609375 0.025144577026367188 0.0585599899291992
54 0.4296593189239502 0.47819490432739253 0.023490047454833962 0.07308177947998046
28 0.6447842121124268 0.5329541206359864 0.029308223724365146 0.09530677795410153
17 0.2435291051864624 0.2663823127746582 0.02602591514587399 0.06183080673217772
26 0.41738080978393555 0.5842645645141602 0.02263164520263672 0.052424049377441384
41 0.4734340667724609 0.8186067581176757 0.03998565673828125 0.03125610351562502
26 0.27728230953216554 0.6426533699035644 0.02210798263549807 0.049878501892089866
14 0.46040182113647465 0.2663048028945923 0.02616291046142577 0.06179356575012207
18 0.5525288105010986 0.39260029792785645 0.01783876419067376 0.06029386520385738
41 0.34318768978118896 0.8197225570678711 0.03885617256164553 0.027464675903320357
31 0.7047645568847656 0.5383915424346923 0.026861476898193293 0.08747158050537107
43 0.6986952781677246 0.6765589714050293 0.039206504821777344 0.027814292907714755
23 0.40726710557937623 0.3591144800186157 0.02468297481536863 0.05874915122985841
41 0.300489854812622 0.8200136184692383 0.040332508087158214 0.028922080993652344
26 0.4408269882202148 0.5817670822143555 0.02233371734619144 0.053123092651367276
28 0.6144354820251465 0.5322051525115967 0.029781532287597723 0.09638776779174807
41 0.38559470176696775 0.8194602966308593 0.04016513824462892 0.027302360534667947
41 0.43029479980468754 0.8193973541259765 0.039731788635253895 0.028884506225585915
19 0.3812579154968262 0.3606503963470459 0.025658130645751953 0.06050329208374022
28 0.6752515316009522 0.53219575881958 0.030232810974121116 0.09748020172119143
46 0.6107032775878907 0.790011215209961 0.04807643890380853 0.04653587341308596
31 0.7309256553649903 0.5384726047515869 0.023943328857421897 0.08708000183105463
26 0.4408383369445801 0.6395150184631349 0.022823905944824197 0.04881134033203127
46 0.7202368736267091 0.7919301033020019 0.0537132263183594 0.04598293304443357
14 0.4827977180480957 0.2663480997085571 0.01860494613647462 0.06045842170715329
31 0.757262897491455 0.538602876663208 0.025230598449707098 0.0874099731445313
46 0.665416145324707 0.7981541633605957 0.05443859100341797 0.04767189025878904
19 0.3031623125076294 0.360038948059082 0.02428011894226073 0.05937738418579103
46 0.5626614570617676 0.789634895324707 0.04663238525390623 0.04690246582031243
23 0.4327110767364502 0.35876755714416503 0.024485111236572266 0.0585960388183594
19 0.4592663764953613 0.3587150573730469 0.026686859130859386 0.05852704048156743
43 0.6980182647705078 0.6165345668792724 0.04110565185546877 0.03001813888549809
55 0.47737693786621094 0.47783851623535156 0.023582649230956987 0.072551155090332
43 0.7416718482971192 0.6468103408813477 0.038541984558105535 0.02811374664306643
43 0.7426268577575683 0.6155360221862793 0.039722442626953125 0.03265857696533203
23 0.45905313491821287 0.35933091640472414 0.02689952850341798 0.05885376930236813
46 0.6513496398925781 0.757055139541626 0.055319023132324174 0.03786659240722656
46 0.7033174514770508 0.7528650283813476 0.04687137603759772 0.04220142364501955
47 0.8575637817382813 0.26811747550964354 0.02981834411621087 0.07473068237304689
31 0.5841789245605469 0.5324920654296875 0.028335380554199263 0.09625225067138676
43 0.740712833404541 0.6755795478820801 0.038833999633789085 0.027293395996093706
34 0.2860550331858407 0.4897936255530973 0.02938329646017701 0.05142076880530977
33 0.25818411227876104 0.492386269358407 0.022901686946902644 0.05401341261061948
51 0.35886511338495575 0.47791067477876104 0.02030904314159293 0.07000138274336282
