16 0.43526768684387207 0.29885377883911135 0.0622859001159668 0.14714159965515133
17 0.3329745292663574 0.47361173629760744 0.0644107818603516 0.11334114074707036
16 0.6957369327545166 0.2867034912109375 0.05741033554077146 0.14067821502685546
15 0.6162071228027344 0.5915916442871094 0.05115947723388681 0.08340721130371087
16 0.7583249092102051 0.28452546596527095 0.06277275085449219 0.14203648567199706
16 0.37020463943481446 0.30092873573303225 0.06412706375122068 0.1488008499145508
16 0.5008433341979981 0.29657778739929197 0.06306457519531256 0.14494285583496097
16 0.3498727798461914 0.12374910116195678 0.07133827209472654 0.20287411212921141
29 0.7057238578796388 0.7642677307128907 0.08938941955566404 0.23174228668212893
16 0.7111382007598877 0.445738697052002 0.05796384811401367 0.11190986633300781
16 0.5668199539184571 0.294370174407959 0.061008453369140625 0.1413222312927246
17 0.39907524585723875 0.46843647956848145 0.06445307731628419 0.11148080825805667
16 0.4232199668884278 0.12174057662487031 0.06890029907226564 0.19992151856422424
16 0.6323377609252929 0.2914197206497192 0.06412296295166009 0.14185695648193358
16 0.4962690353393555 0.12090778052806854 0.06997966766357427 0.19891844391822813
16 0.649174976348877 0.4511054873466491 0.0597756385803222 0.10905897617340082
28 0.47775516510009763 0.8188708305358887 0.05459232330322261 0.13328723907470696
16 0.18712162971496582 0.13033106327056884 0.09411468505859377 0.20127148628234864
17 0.5251399040222168 0.4592623710632324 0.058562278747558594 0.11215820312499997
25 0.509339427947998 0.6062747001647949 0.051870155334472645 0.0791616439819336
16 0.6395263671875 0.11929953098297119 0.06932849884033199 0.19210066795349123
26 0.7222552299499512 0.5781132698059082 0.04998493194580078 0.08390655517578127
16 0.5686800003051757 0.12077476978302001 0.07083511352539062 0.1967301368713379
17 0.5859236717224121 0.45470848083496096 0.059610748291015536 0.11123638153076176
19 0.6686453819274902 0.5845707893371582 0.04900512695312509 0.08115119934082027
16 0.3005366325378418 0.30583858489990234 0.06958942413330083 0.1492669105529785
16 0.7706345081329345 0.44277567863464357 0.05489206314086914 0.1145153999328613
16 0.7811430931091309 0.11702402830123901 0.07292003631591792 0.1868072271347046
16 0.2742008209228516 0.12790439128875733 0.07569875717163083 0.20243611335754394
16 0.7102238178253174 0.11692255735397339 0.06727170944213867 0.19138309955596922
17 0.4637721538543701 0.46482176780700685 0.06171541213989257 0.11374578475952146
29 0.5459528923034669 0.7787717819213866 0.07647571563720701 0.21725521087646482
25 0.45633273124694823 0.6110967636108399 0.051601409912109375 0.08180904388427734
25 0.40253243446350095 0.617668342590332 0.053472042083740234 0.08262004852294924
14 0.5642550945281983 0.6031249046325684 0.04978599548339846 0.07270984649658196
25 0.3468376636505127 0.6249304771423341 0.055511379241943326 0.08334503173828123
17 0.2642782688140869 0.48325138092041015 0.07463445663452148 0.12359676361083982
25 0.28762915134429934 0.6314882278442383 0.06233496665954591 0.08610267639160152
16 0.22611179351806643 0.3149198055267334 0.07543158531188968 0.16062278747558595
29 0.6220703125 0.7769222055162702 0.0662667410714286 0.22566172736031653
