18 0.7161299705505371 0.4104170322418213 0.037454414367675715 0.07620372772216799
18 0.6021640300750732 0.579778003692627 0.03256025314331046 0.06688690185546875
18 0.4738764762878418 0.6525382995605469 0.03198375701904299 0.05546131134033194
14 0.6183545112609863 0.30583653450012205 0.03810462951660154 0.06929569244384765
18 0.5044192314147949 0.581205940246582 0.031998634338378906 0.0679996490478516
18 0.5369859218597413 0.5806963443756104 0.032664012908935613 0.06766662597656259
18 0.6041227340698242 0.6530484676361084 0.031375122070312456 0.05700225830078132
14 0.6576339721679687 0.3058713674545288 0.03665866851806643 0.06887850761413572
14 0.6965147018432618 0.3057335615158081 0.0372499465942383 0.06920995712280276
18 0.635273790359497 0.5807755470275879 0.03276901245117192 0.0671104431152344
15 0.466077184677124 0.3044609069824219 0.0375072479248047 0.06781811714172364
18 0.7169776916503907 0.48877458572387694 0.03525485992431643 0.06141796112060549
18 0.5062794208526611 0.652892780303955 0.03142747879028318 0.05540599822998049
18 0.636783218383789 0.6534777641296388 0.033130645751953125 0.057211017608642556
18 0.5716197967529297 0.6529072761535645 0.03215789794921875 0.05579452514648442
15 0.4278721809387207 0.30536072254180907 0.038563537597656294 0.06747603416442871
18 0.5695642471313477 0.5805334091186524 0.031133651733398438 0.06823425292968754
18 0.472740364074707 0.5807093620300292 0.031389427185058605 0.06832971572875979
14 0.5033329010009766 0.30526871681213374 0.035037326812744074 0.0688645362854004
14 0.7372794151306152 0.30556535720825195 0.042032623291015536 0.0686710357666016
26 0.7051134586334229 0.5824684143066405 0.03666200637817385 0.0676551818847656
18 0.5386878013610841 0.652404499053955 0.032332992553710915 0.055198383331298895
14 0.5407763481140136 0.30568411350250246 0.03834800720214848 0.06809225082397458
14 0.5792325496673584 0.3057823181152344 0.035960388183593706 0.06856498718261717
14 0.7349340438842773 0.16792972087860109 0.04355840682983392 0.0733273506164551
29 0.5916411876678467 0.8159990072250366 0.053216075897216886 0.18644719123840336
16 0.4703122615814209 0.4906534194946289 0.03212270736694339 0.05880365371704099
18 0.44028167724609374 0.5802203178405763 0.032239437103271484 0.0694089889526367
16 0.47007288932800295 0.4156364917755127 0.033753204345703114 0.07813587188720705
25 0.6708531379699707 0.6533934593200683 0.03266086578369132 0.05953769683837884
17 0.6923234939575196 0.16772246360778809 0.03906784057617185 0.07219181060791013
5 0.5380841255187988 0.8234239339828491 0.04746131896972661 0.1675476551055909
18 0.441484260559082 0.6529635429382324 0.03353347778320315 0.059497070312499956
19 0.643154525756836 0.4143984317779541 0.0347387313842773 0.07960386276245113
16 0.4345979213714599 0.41576399803161623 0.036252212524414074 0.07783594131469723
25 0.7052448272705079 0.6541083335876465 0.034539413452148504 0.0603605270385742
19 0.6075985908508301 0.4162531852722168 0.03348331451416009 0.07934331893920898
16 0.434923791885376 0.4958621025085449 0.03742523193359376 0.06739864349365238
19 0.6070264339447021 0.4918757438659668 0.03257493972778325 0.05759620666503906
19 0.5378372192382812 0.491303825378418 0.03332176208496096 0.05846996307373048
29 0.6441784381866456 0.8181888341903687 0.05227251052856452 0.1859230518341065
2 0.48764886856079104 0.8263749122619628 0.04680519104003911 0.15160427093505857
19 0.5724904060363769 0.4919439315795898 0.03405284881591797 0.05770130157470699
51 0.538186502456665 0.1518544316291809 0.03758182525634768 0.10592219829559325
52 0.6144059181213379 0.15168893337249756 0.03610038757324219 0.10633792877197266
19 0.6423991203308106 0.4918254375457764 0.03536968231201165 0.05835428237915041
2 0.4423237323760987 0.8228400230407715 0.040009212493896495 0.14603672027587888
19 0.6797367095947265 0.4904664516448975 0.03579597473144536 0.06081094741821291
19 0.5034283638000489 0.4147895336151123 0.03214378356933595 0.07868213653564454
28 0.6874831676483155 0.8479331970214844 0.039461708068847634 0.12159347534179688
19 0.5371030330657959 0.4147663593292236 0.03437595367431645 0.07911348342895508
25 0.6686149120330811 0.5809593200683594 0.031776046752929665 0.06644973754882821
19 0.503785514831543 0.4906996726989746 0.033588409423828125 0.0592008590698242
19 0.5724310874938965 0.41556320190429685 0.03425407409667969 0.07970685958862306
52 0.575937843322754 0.15230669677257536 0.03644905090332029 0.10556464791297912
19 0.6793002605438232 0.4125167965888977 0.034567642211913996 0.080100417137146
55 0.6545433859223302 0.15109223300970875 0.029391686893203928 0.10713743932038834
