24 0.7905086517333983 0.37590172290802004 0.03221569061279295 0.06640686988830563
52 0.3954899549484253 0.46101341247558597 0.025552606582641635 0.08123722076416018
51 0.3684633731842041 0.4605214118957519 0.025603580474853505 0.07980613708496093
15 0.3544179439544678 0.2584903001785278 0.0311415672302246 0.06803426742553714
19 0.45203485488891604 0.3709693431854248 0.029283714294433605 0.0545829772949219
18 0.6003308296203613 0.3770127773284912 0.030371761322021573 0.06762561798095701
54 0.473963451385498 0.4645205497741699 0.024874019622802723 0.08210430145263675
15 0.3860567808151245 0.25884222984313965 0.030459928512573287 0.06907286643981936
15 0.3227656126022339 0.2581152439117432 0.03088583946228024 0.06824512481689451
14 0.41691293716430666 0.2600485801696777 0.030133438110351574 0.06843857765197753
14 0.44832887649536135 0.2614209890365601 0.030571746826171864 0.07138938903808595
56 0.6197773933410644 0.25705528259277344 0.033066940307617254 0.07691078186035158
16 0.3928284406661987 0.36888718605041504 0.02823023796081542 0.05356998443603511
59 0.3984981060028076 0.5482418537139893 0.023104286193847634 0.06699428558349618
41 0.4185652732849121 0.7543057441711425 0.03691043853759768 0.04120960235595705
24 0.8238716125488281 0.3782304525375366 0.033595275878906206 0.07186293601989746
26 0.34673500061035156 0.5580472469329834 0.025840568542480513 0.04766492843627923
16 0.363796329498291 0.3681942462921143 0.027611541748046864 0.053654003143310536
14 0.4769145965576172 0.2619321346282959 0.024796581268310525 0.07168245315551758
25 0.7572183609008789 0.3760488033294678 0.030878829956054732 0.06295690536499021
16 0.27381505966186526 0.3644646883010864 0.02928962707519528 0.055433034896850586
26 0.26713085174560547 0.5582089424133301 0.025808620452880904 0.04829254150390616
46 0.27637615203857424 0.6166392803192138 0.05817775726318358 0.05660524368286135
59 0.4495909690856934 0.547576904296875 0.0243389129638672 0.06862220764160165
26 0.32063751220703124 0.5572797298431396 0.024981880187988303 0.049217605590820335
16 0.24370894432067872 0.36221237182617183 0.0285017967224121 0.057102489471435536
54 0.44776611328125 0.4632566928863525 0.02469215393066404 0.07963676452636714
16 0.2154895305633545 0.3609832763671875 0.02596120834350585 0.05940570831298825
26 0.2411940097808838 0.5580955982208252 0.02421627044677732 0.05075550079345703
16 0.30387020111083984 0.3675205707550049 0.028273677825927712 0.05560183525085449
17 0.19734371900558473 0.2564696788787842 0.0317533254623413 0.07451496124267579
17 0.29205453395843506 0.25714864730834963 0.02874813079833982 0.06708278656005856
59 0.42348690032958985 0.5478602409362793 0.02436542510986328 0.06811828613281246
41 0.46355066299438474 0.7900127410888671 0.03704071044921875 0.031554794311523415
41 0.46408472061157224 0.7515420913696289 0.03865022659301759 0.042950439453125044
18 0.5696833610534668 0.3770345687866211 0.029591369628906183 0.06867427825927735
19 0.47810726165771483 0.3714729309082031 0.02136516571044922 0.055220794677734386
16 0.3337235450744629 0.3679741382598877 0.03045454025268557 0.05388422012329103
41 0.28311731815338137 0.757297658920288 0.04028201103210449 0.03637084960937498
19 0.6289629936218262 0.37736830711364744 0.025326347351074308 0.06421852111816406
19 0.42229776382446294 0.37036781311035155 0.028514671325683583 0.05487403869628904
51 0.34133114814758303 0.4617149353027344 0.025093793869018555 0.07710952758789069
25 0.6966120243072509 0.37674989700317385 0.024990940093994163 0.061849117279052734
59 0.37360191345214844 0.5480938911437988 0.024046134948730424 0.06730384826660152
17 0.26158714294433594 0.25611491203308107 0.03078823089599611 0.0678733825683594
25 0.7251548767089844 0.3763852596282959 0.029931259155273393 0.062111282348632835
26 0.29459714889526367 0.5563259124755859 0.027006530761718772 0.049192047119140714
17 0.2295989751815796 0.25508334636688235 0.03187389373779298 0.07036199569702145
46 0.4505757331848145 0.619579267501831 0.05659294128417969 0.051242160797119074
41 0.3260663986206055 0.7591501235961914 0.03760347366333011 0.03366451263427739
59 0.4750472068786621 0.5479026794433594 0.024223136901855458 0.06808967590332027
46 0.44993791580200193 0.6197572708129884 0.055890560150146484 0.051854515075683616
31 0.717998456954956 0.5883584976196289 0.03095321655273431 0.08511524200439458
41 0.46305103302001954 0.8184755325317383 0.03726387023925781 0.026099014282226496
46 0.39197540283203125 0.6172870635986328 0.056062602996826194 0.05099010467529297
41 0.32958054542541504 0.7920821189880372 0.0375546455383301 0.03221836090087893
33 0.23352160453796386 0.46373305320739744 0.026554298400878917 0.07524890899658199
46 0.39165596961975097 0.6166067123413086 0.05614385604858396 0.052520370483398526
47 0.7489175796508789 0.257824182510376 0.029443740844726562 0.07536711692810061
41 0.420287036895752 0.8181812286376953 0.03826866149902347 0.026540756225585938
34 0.2623590469360352 0.471828556060791 0.028585338592529264 0.055840492248535156
47 0.8454401016235351 0.2581992864608765 0.03290500640869143 0.07582340240478516
31 0.7521381855010987 0.5907279014587402 0.028259754180908203 0.08385372161865234
28 0.5842754171800244 0.5872143305549326 0.031529274282529385 0.08434266304784965
47 0.8124810218811036 0.2569995403289795 0.03148784637451174 0.07432842254638672
55 0.42251257896423344 0.4631753921508789 0.024484920501708973 0.07900104522705081
46 0.33511814067238255 0.6131801772535893 0.05614385604858396 0.052520370483398526
58 0.27088341346153844 0.6652644230769231 0.04853920118343191 0.02253605769230771
58 0.3205783099112426 0.6658422707100593 0.04853920118343191 0.02253605769230771
36 0.36796181582840237 0.6652644230769231 0.04507211538461536 0.02253605769230771
36 0.4141896264792899 0.6658422707100592 0.04507211538461536 0.02253605769230771
36 0.41707886464497035 0.6901118713017752 0.04507211538461536 0.02253605769230771
36 0.36969535872781056 0.6883783284023669 0.04507211538461536 0.02253605769230771
58 0.3223118528106508 0.6883783284023669 0.04507211538461536 0.02253605769230771
58 0.274928346893491 0.6901118713017752 0.04507211538461536 0.02253605769230771
28 0.680654431867969 0.5878873244736545 0.0325696945190429 0.09359502792358398
