46 0.6026585340499878 0.7080883026123047 0.08031706809997563 0.04319839477539067
41 0.37553436756134034 0.22027380466461183 0.05105090141296387 0.07060050964355469
43 0.5389511108398437 0.42989649772644045 0.051219272613525324 0.039287948608398404
46 0.5290152549743652 0.5972151279449462 0.06352710723876948 0.04262895584106452
41 0.4945213317871094 0.21910855770111085 0.05078039169311521 0.0673203945159912
41 0.4953518867492676 0.28575992584228516 0.053306961059570335 0.0641072273254395
41 0.3797245979309082 0.34938108921051025 0.051692962646484375 0.05313057899475093
41 0.5556008338928222 0.21811959743499754 0.05198955535888672 0.06768860816955566
46 0.4629572868347168 0.5960421085357666 0.06340570449829103 0.04114484786987305
41 0.37646069526672366 0.2880514621734619 0.05366840362548825 0.06510248184204098
41 0.43636255264282225 0.2869284152984619 0.05484771728515625 0.06443624496459965
44 0.4869856834411621 0.47023916244506836 0.04794931411743164 0.03769330978393559
43 0.5403804779052734 0.4711660385131836 0.051181030273437456 0.03720541000366212
41 0.614833927154541 0.28440060615539553 0.05509109497070308 0.06507749557495118
41 0.43735818862915044 0.348753023147583 0.056083011627197255 0.05448517799377439
41 0.4965030670166016 0.3490897655487061 0.05366859436035154 0.055946254730224576
46 0.3973777532577515 0.5961265563964844 0.06104483604431149 0.04103717803955087
41 0.4348334789276123 0.21979837417602538 0.05046167373657229 0.0687098503112793
41 0.554590606689453 0.2858018636703491 0.05468072891235354 0.06370701789855954
41 0.5551393508911133 0.34789018630981444 0.05377674102783203 0.05558147430419924
41 0.6158585548400879 0.21680226325988772 0.05466270446777344 0.07040891647338868
43 0.5407669067382812 0.5063530921936035 0.05062847137451165 0.03126831054687507
46 0.4658332824707031 0.712409782409668 0.062387657165527355 0.044119644165038996
46 0.3996718406677246 0.7118270874023438 0.06463432312011719 0.04472064971923828
41 0.6152345657348632 0.34554328918457033 0.05493593215942383 0.05607461929321289
44 0.48504190444946294 0.42963285446166993 0.04502677917480474 0.04192209243774414
46 0.5244570732116699 0.8429994583129883 0.06197414398193363 0.04886703491210942
46 0.3998143672943115 0.8340978622436523 0.060456275939941406 0.04886341094970703
44 0.4865541458129883 0.5070332527160645 0.049030685424804654 0.03203001022338864
46 0.6009214401245118 0.5983202934265137 0.07892322540283203 0.05455970764160156
42 0.38152604103088383 0.4706787109375 0.04766111373901366 0.03861751556396481
46 0.5313517570495605 0.7115795135498046 0.06307935714721674 0.04358329772949221
42 0.3809881448745728 0.4294918060302734 0.04694590568542484 0.03941154479980469
42 0.43376684188842773 0.47018318176269536 0.04847278594970705 0.039745044708251964
46 0.4611557960510254 0.839183235168457 0.05975189208984372 0.05105953216552739
46 0.5862143039703369 0.8408279418945312 0.060851097106933594 0.0561981201171875
61 0.5926254734848484 0.43992660984848486 0.05030776515151514 0.0609611742424242
61 0.5929214015151515 0.49674479166666663 0.04853219696969702 0.046756628787878673
42 0.43431648485588303 0.5065237009164059 0.0473735000147964 0.028382522409612365
42 0.3840087197043679 0.5139219016739817 0.04263865152994789 0.04081149968233966
