18 0.5503725051879883 0.4789220809936523 0.051418972015380815 0.10805778503417968
51 0.45989155769348145 0.2681548535823822 0.05338268280029301 0.1714433789253235
52 0.6191040992736816 0.27003116011619566 0.05205535888671875 0.16986552476882938
51 0.4069905400276184 0.2682048797607422 0.05012300014495852 0.167939567565918
59 0.7281805992126464 0.2698115885257721 0.054466629028320335 0.17582587003707884
18 0.4981942653656006 0.4788468360900879 0.05114879608154299 0.10834178924560545
25 0.48955492973327636 0.8904322624206542 0.04402008056640627 0.09351596832275388
19 0.4975031852722168 0.7360623836517334 0.04314975738525395 0.09925813674926753
14 0.5945258140563965 0.7370873451232911 0.04448642730712882 0.09437980651855471
18 0.44664430618286133 0.47912073135375977 0.04861087799072261 0.10830192565917973
14 0.5903923034667968 0.6261665344238281 0.045928573608398415 0.10769767761230475
24 0.6755706310272216 0.8846785545349121 0.04607191085815432 0.09648513793945312
47 0.3013018608093262 0.7258967399597168 0.04519186019897464 0.11617679595947261
19 0.45119800567626955 0.7355727195739746 0.0467573165893555 0.1014492034912109
16 0.7415293693542481 0.6239224433898926 0.04732561111450195 0.11028976440429683
25 0.5350560188293457 0.8899139404296875 0.04558782577514653 0.09249038696289058
17 0.28841490745544435 0.47832460403442384 0.05361781120300291 0.10805854797363279
26 0.31456708908081055 0.8894584655761719 0.04357166290283199 0.09819831848144533
26 0.4456130027770996 0.8886896133422852 0.04200706481933597 0.09655628204345701
55 0.7845906734466552 0.26971676349639895 0.0530270576477051 0.18079380989074706
14 0.5415644645690918 0.6235820293426514 0.04425954818725586 0.10907335281372066
16 0.643841552734375 0.734337568283081 0.047240257263183594 0.09387998580932622
25 0.6274062156677246 0.886358642578125 0.045688629150390625 0.09256916046142583
16 0.6936726570129395 0.7348248481750488 0.048089027404785156 0.09795722961425779
16 0.6405717372894286 0.6250411033630371 0.048431777954101585 0.1050918579101563
19 0.44687366485595703 0.6221817493438722 0.04697685241699223 0.1066307067871094
19 0.493516492843628 0.621121072769165 0.04482526779174806 0.10693922042846682
18 0.3954865455627441 0.47976160049438477 0.050131988525390636 0.1122991561889648
24 0.719913625717163 0.8838958740234375 0.04054107666015627 0.09593582153320312
25 0.5812687397003173 0.8879452705383301 0.04454174041748049 0.09177379608154301
26 0.40250372886657715 0.8887063980102539 0.04278125762939455 0.09516754150390627
16 0.6920371055603027 0.6264521598815918 0.04992179870605473 0.11074581146240237
52 0.6737492561340332 0.26923938393592833 0.05205307006835935 0.16821430921554567
14 0.5455336093902587 0.7384699821472167 0.04726982116699219 0.09888515472412107
26 0.35918126106262205 0.8889477729797364 0.04298152923583981 0.09712619781494147
16 0.7417795658111572 0.733825397491455 0.04624853134155282 0.0979951858520508
15 0.34175019264221196 0.4800323486328125 0.052370262145996105 0.11174144744873044
23 0.6522929191589355 0.47922616004943847 0.0515316963195801 0.10556154251098626
23 0.6014049530029297 0.47894234657287593 0.04757385253906243 0.10603523254394526
56 0.3518113613128662 0.726292896270752 0.046907901763916016 0.11149101257324212
19 0.766358470916748 0.4818920135498047 0.05149574279785152 0.11314754486083989
23 0.7074888229370118 0.47869558334350587 0.05592212677001951 0.10561790466308596
50 0.3519795417785645 0.2717106580734253 0.05472688674926757 0.16758160591125487
50 0.2874566623142788 0.2699667964662824 0.05472688674926757 0.16758160591125487
56 0.3954079014914376 0.7228051730564662 0.046907901763916016 0.11149101257324212
