36 0.4708387586805556 0.47897677951388895 0.0981083622685186 0.057418258101851916
36 0.4742296006944445 0.5341344762731481 0.09765625000000011 0.04837601273148162
36 0.4746817129629629 0.5820583767361112 0.09765624999999994 0.04837601273148162
36 0.5755027488425927 0.5861273871527778 0.09765625 0.04837601273148162
36 0.5750506365740742 0.5382034866898148 0.09765625000000022 0.04837601273148162
36 0.5732421875 0.4828197337962963 0.10127314814814814 0.057870370370370405
58 0.6805759501089822 0.48645313239220067 0.10146785343167064 0.052029211864693226
58 0.6723785276637266 0.5325421830646796 0.09647811803021089 0.041838535330494864
58 0.6723785276637266 0.5792318500354825 0.0922012019718167 0.04611545138888895
58 0.7654014519337997 0.5785190306924168 0.0922012019718167 0.04611545138888895
58 0.7682527293060624 0.5336114120792781 0.09647811803021089 0.041838535330494864
58 0.7870879904197081 0.4857436131386861 0.09801265967153283 0.05346145072992686
