19 0.37691545486450195 0.30372703075408936 0.048603725433349565 0.09592633247375493
15 0.4224654197692871 0.14652512073516846 0.054455947875976574 0.11405711174011231
25 0.5289881229400635 0.30933427810668945 0.049612998962402344 0.0944986343383789
14 0.5343554496765137 0.1524357318878174 0.05513343811035154 0.11309218406677247
15 0.47804880142211914 0.14974524974822997 0.053500366210937456 0.11349692344665528
5 0.5406057357788085 0.6936007499694824 0.0508695602416992 0.12659912109375004
25 0.5810596466064453 0.31167314052581785 0.04927196502685549 0.09267835617065429
17 0.30910344123840333 0.1390357047319412 0.05916705131530764 0.1131731927394867
17 0.36713712215423583 0.14266688823699952 0.054362154006957986 0.11479787826538086
28 0.3690882682800293 0.8864519119262695 0.0423110008239746 0.10200386047363275
25 0.4772311210632324 0.30777552127838137 0.050375938415527344 0.09461989402770993
25 0.6328032493591309 0.312191104888916 0.04951419830322268 0.09434528350830079
13 0.6037552833557129 0.7173674583435059 0.06854038238525384 0.10307102203369134
14 0.6461124420166016 0.1572676658630371 0.05382061004638672 0.1102217674255371
14 0.5903250694274902 0.15425117015838624 0.05254650115966797 0.11292386054992677
14 0.7054374694824219 0.16082355976104737 0.06255245208740234 0.10781474113464357
17 0.24800527095794678 0.1377508044242859 0.06189336776733401 0.1130352258682251
2 0.4840683937072754 0.6941844463348388 0.054352092742919966 0.12998666763305666
14 0.3258960723876953 0.30245745182037354 0.05025110244750974 0.09812502861022954
29 0.4989493370056152 0.8666164636611939 0.05751476287841795 0.1513045787811279
59 0.2960046291351318 0.5595422267913819 0.04027099609375001 0.09474115371704095
59 0.45592193603515624 0.5619032859802247 0.03848686218261721 0.08996086120605462
25 0.6846128463745118 0.31043386459350586 0.04764690399169924 0.10051755905151372
29 0.5576184272766114 0.8657039880752564 0.05958137512207029 0.15156092643737795
3 0.31839663982391353 0.6949887275695801 0.0562885284423828 0.12433757781982413
25 0.42645845413208006 0.3049426555633545 0.04741725921630863 0.09641895294189451
3 0.3751003980636597 0.6940506935119629 0.05392327308654782 0.12887554168701176
14 0.2722728490829468 0.3059964179992676 0.05256571769714352 0.107701587677002
59 0.41677379608154297 0.5606258392333985 0.036508369445800826 0.08934335708618157
24 0.42917938232421876 0.45247511863708495 0.04472980499267576 0.08432388305664062
24 0.5195433616638183 0.4517601013183594 0.043714714050293035 0.08806915283203126
28 0.325412654876709 0.8911707878112793 0.04348306655883788 0.09945278167724603
24 0.47448530197143557 0.4524864196777344 0.04300327301025392 0.08518733978271481
59 0.33745889663696294 0.5589053153991699 0.03857164382934569 0.0907818794250489
24 0.3363202095031739 0.4490995407104492 0.045662593841552745 0.08721294403076174
51 0.5323915958404541 0.5625678539276123 0.037615299224853516 0.09011201858520512
24 0.3828880786895752 0.45017690658569337 0.044291114807128884 0.0882415771484375
59 0.37827677726745607 0.5599428176879883 0.038147354125976585 0.09035158157348633
1 0.42899694442749026 0.6939378738403321 0.05212364196777347 0.13021793365478518
24 0.2862695217132568 0.4502498626708984 0.05099644660949704 0.08617095947265624
55 0.6570381030701753 0.44973273026315785 0.03769188596491235 0.0959429824561403
55 0.6118941751590987 0.4489070024939801 0.04060309705022358 0.09771806200550398
55 0.5688048245614035 0.44630619517543857 0.03769188596491235 0.0959429824561403
32 0.45030510355029585 0.8914917714497042 0.037560096153846145 0.0889885355029586
32 0.4115893121301775 0.8891803809171599 0.03524870562130178 0.0889885355029586
