56 0.3268181324005127 0.5302088737487793 0.035805511474609364 0.08991947174072268
19 0.6448003768920898 0.26573715209960935 0.03445911407470703 0.07793741226196288
14 0.5732728958129882 0.26575937271118166 0.032928752899169855 0.07500801086425782
19 0.6799670219421386 0.2676785945892334 0.033225059509277344 0.07983107566833497
19 0.6086367607116699 0.26553223133087156 0.03456001281738286 0.07675728797912601
14 0.43772788047790523 0.2616479158401489 0.03282909393310546 0.07270936965942382
17 0.36861248016357423 0.2554835319519043 0.03441705703735354 0.07488603591918946
17 0.403883409500122 0.25862939357757564 0.03328819274902345 0.07185988426208495
17 0.3333532094955444 0.2538529634475708 0.03437361717224119 0.07628707885742189
59 0.5684981346130371 0.5260567188262939 0.0334278106689454 0.11080503463745112
18 0.43590993881225587 0.37887308597564695 0.03432312011718752 0.07703480720520023
25 0.5061154365539551 0.3820097208023071 0.032711791992187544 0.07755799293518068
14 0.4712810516357422 0.26413075923919677 0.03176898956298824 0.07282309532165529
16 0.32971174716949464 0.3715959548950195 0.03636565208435061 0.0811168670654297
1 0.44660024642944335 0.10357118844985962 0.04793834686279297 0.1603062868118286
3 0.395537805557251 0.10174105167388915 0.05187377929687498 0.1615453004837036
28 0.5045572280883789 0.9120609283447265 0.043177318572998 0.1705036163330078
5 0.5949905395507813 0.11019676923751831 0.047006416320800715 0.16656978130340577
24 0.6073238372802734 0.38907537460327146 0.032492637634277344 0.07690172195434569
24 0.5734358787536621 0.38741810321807857 0.03283424377441402 0.07677416801452636
14 0.5387830257415771 0.2657127618789673 0.03363599777221682 0.07413458824157718
26 0.6424891471862793 0.3890721797943115 0.03499279022216795 0.07797956466674805
16 0.3668816328048706 0.3733289957046509 0.03329014778137207 0.07872376441955564
14 0.504462718963623 0.2660478115081787 0.03163356781005855 0.07295818328857423
47 0.3669878005981445 0.5319438457489014 0.036098766326904286 0.08878021240234368
5 0.6453615665435791 0.11391401588916779 0.0499364852905273 0.16031355261802674
16 0.40158805847167967 0.37624349594116213 0.03238658905029296 0.07644348144531249
18 0.47130575180053713 0.38090617656707765 0.034308052062988315 0.07787098884582522
26 0.6773656368255615 0.3900604724884033 0.03324556350708008 0.08287897109985354
28 0.5514112472534181 0.9156339645385743 0.05034503936767576 0.16750183105468752
29 0.4511532783508301 0.8701069831848145 0.06212120056152348 0.25124969482421877
25 0.5392642974853515 0.38478133678436277 0.03141288757324223 0.07610287666320797
29 0.3261900424957276 0.873023509979248 0.06606321334838866 0.25318927764892574
29 0.39047603607177733 0.8681255340576172 0.059561729431152344 0.24895401000976558
54 0.43583469390869145 0.5244240760803223 0.03225879669189452 0.10889053344726562
0 0.5458041191101074 0.10871629416942596 0.04805212020874028 0.1655569612979889
52 0.5022812843322754 0.5236732482910156 0.03192119598388671 0.11190385818481452
51 0.4031355381011963 0.5246634483337402 0.03174476623535161 0.10684909820556637
51 0.4689498424530029 0.522007131576538 0.03208980560302732 0.11260042190551756
8 0.3387386924342105 0.09765625 0.05396792763157887 0.16190378289473684
