14 0.40507172346115117 0.1504000425338745 0.03868086338043214 0.09439291954040528
47 0.8247636795043946 0.17025961875915527 0.03905372619628911 0.09459834098815917
23 0.5750174522399902 0.330610990524292 0.03781061172485356 0.08655776977539065
47 0.8649734497070313 0.17095632553100587 0.04034614562988281 0.09568905830383302
15 0.2846046447753906 0.15148600339889529 0.03916206359863278 0.09009299278259278
54 0.3925676822662354 0.4163321018218994 0.03247995376586915 0.10302991867065431
23 0.6128010749816895 0.33098061084747316 0.036808013916015625 0.08644628524780273
15 0.32416443824768065 0.15170085430145264 0.039344167709350564 0.09212651252746583
43 0.7536589622497558 0.6796975612640381 0.056212997436523415 0.044763374328613215
43 0.7480815887451172 0.7581305503845215 0.05594997406005864 0.03372764587402344
18 0.40746687650680546 0.2962677240371704 0.03671820163726808 0.0655832290649414
44 0.8134875297546387 0.7250846862792968 0.05514926910400386 0.03823986053466799
41 0.7331918716430664 0.8996158599853517 0.04964942932128902 0.04792156219482424
19 0.33050477504730225 0.29462690353393556 0.03638548851013179 0.06752524375915525
46 0.20208532810211183 0.8805715560913085 0.06762933731079102 0.07202663421630862
41 0.6150722026824951 0.8951416015625 0.05007543563842776 0.047774887084961026
41 0.6787164688110352 0.8438650131225587 0.05117406845092776 0.05569992065429685
14 0.3647914886474609 0.1514979124069214 0.03845615386962892 0.09629006385803221
26 0.13651343584060668 0.5435688495635986 0.03208746910095216 0.07588520050048819
26 0.1698078155517578 0.5424793243408204 0.032593441009521495 0.07675457000732422
19 0.2926713228225708 0.2933540344238281 0.03732247352600093 0.06736898422241211
26 0.23574075698852537 0.5448547363281251 0.031237125396728488 0.07257232666015623
16 0.1450060844421387 0.2897196769714355 0.03705801963806152 0.06621894836425785
16 0.10797957181930543 0.28883986473083495 0.035811161994934074 0.06584825515747073
18 0.36928620338439944 0.2959173440933227 0.03916869163513187 0.06636910438537597
16 0.18170289993286132 0.2903412342071533 0.03424463272094727 0.06596755981445312
59 0.4317761421203613 0.5373048782348633 0.02950572967529297 0.09748821258544926
24 0.8844459533691407 0.3300752639770508 0.039605331420898504 0.09139757156372075
56 0.7411939144134522 0.17062197923660277 0.040522861480712935 0.09655616283416749
16 0.2184828996658325 0.29126577377319335 0.03675589561462403 0.06645870208740234
26 0.30028624534606935 0.5479823112487794 0.0316897392272949 0.07020702362060549
17 0.17105915546417236 0.15246291160583497 0.03907949924468995 0.08720483779907226
52 0.35842313766479494 0.41547646522521975 0.032414913177490234 0.1008594512939453
26 0.33405470848083496 0.5481525421142578 0.0330602645874023 0.07226676940917964
15 0.24584097862243653 0.15168440341949463 0.0381701946258545 0.0886739730834961
41 0.618883228302002 0.8425850868225098 0.05122909545898435 0.0523889541625977
24 0.767008399963379 0.33027331829071044 0.03766479492187502 0.08762326240539553
26 0.20300920009613038 0.5431180000305176 0.03164410591125488 0.07445669174194336
41 0.7382549285888672 0.8482057571411132 0.051197814941406294 0.05203647613525397
41 0.5567830085754395 0.8941431045532227 0.04872980117797854 0.04774551391601567
17 0.09382838010787964 0.15438764095306395 0.04476068019866944 0.09051675796508789
44 0.807771110534668 0.7621642112731933 0.05282859802246098 0.03726940155029301
41 0.5587825298309326 0.8421342849731446 0.04989051818847656 0.056243515014648415
41 0.5305559635162354 0.7126599311828614 0.03221750259399414 0.03864297866821287
47 0.9102424621582031 0.1714707612991333 0.04282569885253906 0.09828462600708009
29 0.789225196838379 0.8803654670715333 0.05606231689453123 0.16776313781738283
24 0.8054661750793457 0.33031792640686036 0.03941211700439462 0.09015989303588867
18 0.4388410568237305 0.2964400053024292 0.025522708892822266 0.06598291397094724
26 0.26783692836761475 0.5457230091094971 0.031130075454711914 0.07095918655395506
41 0.7272739410400391 0.9431913375854493 0.0485021591186523 0.035979843139648415
24 0.8449499130249023 0.32941379547119143 0.03884181976318357 0.09068450927734378
31 0.76394624710083 0.5798771858215332 0.03802223205566413 0.1142393112182617
25 0.7289281845092773 0.329590892791748 0.03799867630004883 0.08455533981323243
41 0.6744625091552734 0.898742389678955 0.0515104293823242 0.048598861694335915
56 0.6985011577606202 0.16988133192062377 0.04110116958618171 0.0969231367111206
14 0.43871102333068845 0.15027313232421874 0.026482868194580067 0.09422154426574707
17 0.13334256410598755 0.15253351926803588 0.03649737834930421 0.08723261356353759
28 0.5908674716949462 0.5613321304321289 0.04421396255493171 0.12863731384277344
25 0.6512701511383057 0.33083229064941405 0.03837909698486319 0.08584108352661135
44 0.8173439025878906 0.6831735134124757 0.05727157592773435 0.04482545852661135
28 0.6812249660491944 0.566528034210205 0.04175300598144527 0.12974929809570312
19 0.2556437015533447 0.29296269416809084 0.03534870147705077 0.06655988693237308
42 0.5774367809295654 0.7135420799255371 0.04845447540283199 0.0382898330688477
28 0.7227352142333985 0.5690064430236816 0.04473237991333001 0.1300247192382813
15 0.20841143131256104 0.15477418899536133 0.036412715911865234 0.08882441520690919
56 0.7827798843383789 0.17080886363983155 0.04079589843749998 0.09493021965026856
59 0.40033597946166993 0.5370526313781738 0.0315681457519531 0.09549417495727536
28 0.6362443447113038 0.5628461360931396 0.045318603515625 0.12813024520874022
34 0.1559068441390991 0.4211234927177429 0.03350338935852051 0.0797006845474243
25 0.6902433395385742 0.33041749000549314 0.03792591094970699 0.08410983085632323
61 0.6342691421508789 0.6870898246765136 0.0510004043579102 0.06332817077636721
43 0.7514782905578613 0.7221648216247558 0.05617237091064453 0.03860263824462884
59 0.36826281547546386 0.5366123199462891 0.03172698020935061 0.09563503265380857
42 0.5292792320251465 0.7502568244934082 0.030839920043945312 0.03738059997558596
46 0.41992621421813964 0.8413889884948731 0.0555442810058594 0.03788394927978522
61 0.6929778575897216 0.6883345603942871 0.052085590362548895 0.06526355743408208
61 0.6909307479858398 0.7487701892852783 0.05348978042602537 0.050610256195068426
51 0.3240554094314575 0.41374382972717283 0.03250136375427243 0.10181331634521484
28 0.5471533775329589 0.5607838153839111 0.03996334075927732 0.12738027572631838
41 0.6709451675415039 0.9410048484802247 0.05113277435302743 0.035324478149414085
45 0.3413231372833252 0.8846258163452148 0.06790924072265625 0.07032241821289065
31 0.8031010627746582 0.5824206352233887 0.038366508483886674 0.11663417816162103
33 0.12218208312988282 0.4205628871917725 0.03323678970336914 0.08350505828857419
31 0.8433671951293946 0.5849076271057129 0.04100646972656252 0.12101631164550786
42 0.5760949134826661 0.6734878063201903 0.050065803527831965 0.041825389862060525
41 0.6136957168579102 0.9378053665161132 0.04937181472778318 0.036316299438476585
61 0.6317031383514404 0.7460320472717286 0.05132999420166007 0.05128488540649412
42 0.5762422561645508 0.7505948066711425 0.04937448501586916 0.037125015258789085
46 0.4131406307220459 0.892934226989746 0.07134084701538085 0.07693519592285158
41 0.5553779125213623 0.9355164527893067 0.05029087066650384 0.0348335266113281
46 0.3408139705657959 0.8849778175354004 0.06795053482055663 0.06958713531494132
55 0.42526683807373045 0.4168792724609375 0.030272197723388683 0.10074796676635739
42 0.5306091785430909 0.6733313560485841 0.02983083724975588 0.038017654418945335
35 0.16394981971153846 0.6229341947115384 0.0634765625 0.035682091346153744
58 0.2257361778846154 0.6238731971153846 0.05934495192307693 0.03605769230769229
58 0.22611177884615385 0.6625600961538461 0.0593449519230769 0.03605769230769229
35 0.1624474158653846 0.6627478966346154 0.0634765625 0.035682091346153744
46 0.27097120948984654 0.8843597400037548 0.06795053482055669 0.06958713531494132
46 0.23759334238269653 0.8216105074822149 0.05554428100585937 0.03788394927978522
46 0.3006372506105447 0.8277912827986704 0.0555442810058594 0.03788394927978522
46 0.3599726936485194 0.831499747988544 0.0555442810058594 0.03788394927978522
23 0.541511811528887 0.3287072079522269 0.02809198243277422 0.08623792784554618
