9 0.27010326385498046 0.5015619277954102 0.044410514831542985 0.15712957382202142
0 0.49367799758911135 0.5243498802185058 0.04131927490234372 0.15470504760742182
59 0.39162263870239256 0.3746074438095093 0.030995273590087857 0.09439473152160649
17 0.3575495004653931 0.1577363967895508 0.03399810791015623 0.07796854972839357
18 0.31382336616516116 0.25966382026672363 0.03156509399414059 0.07713212966918948
26 0.3013825178146362 0.37639420032501225 0.03052377700805664 0.07360320091247557
34 0.2811318874359131 0.2544992446899414 0.03153834342956546 0.0766901969909668
14 0.49108381271362306 0.17629222869873046 0.03003749847412107 0.07605228424072266
14 0.5226947784423828 0.18198723793029786 0.03218841552734375 0.07574152946472168
28 0.4611190319061279 0.6663268566131593 0.03827524185180664 0.1076239585876465
17 0.3232921361923218 0.15087692737579345 0.03362216949462893 0.0795067310333252
1 0.35914213657379146 0.5104881286621094 0.044176626205444325 0.15761375427246094
15 0.5874621391296386 0.18942781686782836 0.03254280090332029 0.0718759298324585
0 0.2901044368743897 0.8317639350891113 0.0421306610107422 0.14996414184570306
25 0.41103429794311525 0.2720170259475708 0.03142414093017576 0.07854309082031247
25 0.4430513858795166 0.2773293495178223 0.03213367462158201 0.0773428916931152
51 0.5637679100036621 0.39638509750366213 0.027984333038330034 0.09370040893554688
2 0.4488163948059082 0.5206809520721436 0.04541196823120114 0.1545329093933106
29 0.3815784215927124 0.8227028846740723 0.050010251998901356 0.18632946014404306
16 0.4584959030151367 0.17013059854507445 0.032661056518554665 0.07512881755828857
13 0.24531469345092774 0.8308885574340821 0.04702816009521488 0.09893302917480462
16 0.3919544696807862 0.16266019344329835 0.03342599868774415 0.07716636657714844
52 0.5084522247314454 0.3906351804733276 0.0277929306030274 0.09142460823059084
25 0.3785563468933105 0.26737265586853026 0.031847476959228516 0.07810287475585939
29 0.42958650588989256 0.8234040975570678 0.046596527099609375 0.18131031990051272
23 0.3459094047546387 0.2642943859100342 0.031659889221191395 0.07959089279174802
16 0.42623238563537597 0.1642349123954773 0.032652854919433594 0.07667534351348876
26 0.2684600353240967 0.37520029544830324 0.03170785903930662 0.07325367927551268
16 0.32926087379455565 0.06825701147317886 0.03340063095092771 0.08344716727733612
55 0.5950518608093263 0.39844598770141604 0.032450294494628884 0.09442815780639652
28 0.38711986541748045 0.6606975555419923 0.033409881591796864 0.10997447967529295
28 0.4977256774902344 0.6698325157165528 0.03482265472412116 0.10743331909179688
29 0.4775261878967285 0.8299311637878417 0.04977817535400386 0.18362579345703123
15 0.5549196243286132 0.1863877296447754 0.03065433502197268 0.07256555557250977
16 0.5663471221923828 0.11035679578781128 0.034825897216796964 0.07684841156005859
24 0.474765682220459 0.2822873115539551 0.031208229064941417 0.07805318832397459
16 0.2950770854949951 0.06628281474113465 0.034533691406249956 0.0822109580039978
52 0.45058045387268064 0.38188648223876953 0.028943729400634777 0.0910612106323242
28 0.42252378463745116 0.6630488395690918 0.038289451599121116 0.11065979003906246
47 0.5380158424377441 0.2868556261062622 0.030307006835937456 0.07764277458190916
28 0.5331184387207031 0.6731671333312989 0.03718414306640627 0.10780506134033208
17 0.2897683620452881 0.14645533561706542 0.03498544692993161 0.07827448844909667
16 0.3985981702804565 0.08064165115356445 0.03388686180114747 0.08142495155334473
31 0.35320296287536623 0.6614359855651856 0.03267478942871094 0.1047275543212891
24 0.5065640449523926 0.28606419563293456 0.0308544158935547 0.0760261058807373
3 0.31490650177001955 0.5056469917297364 0.04442548751831055 0.15802898406982424
1 0.4039166927337646 0.5150874137878418 0.046202850341796886 0.1563186645507813
25 0.5619666099548339 0.5101640224456787 0.03040733337402346 0.06796245574951176
25 0.5531477928161621 0.5771046161651612 0.028808212280273526 0.06145687103271491
15 0.6206041336059571 0.19286664724349978 0.032577896118164085 0.07161209583282471
25 0.5321255683898927 0.5091290473937988 0.030751132965087913 0.06797714233398433
54 0.47905130386352535 0.38567502498626705 0.029150676727294933 0.09282774925231935
16 0.364087438583374 0.07406543493270874 0.03475580215454105 0.08364527225494384
16 0.6000301361083984 0.11257088482379914 0.03251075744628906 0.08096951842308045
25 0.5245943069458008 0.5758830070495606 0.027618598937988237 0.0614656448364258
56 0.6021100997924804 0.2932358264923096 0.03605670928955085 0.08150749206542968
16 0.6355026245117188 0.11689645051956177 0.03671073913574219 0.08012580871582031
51 0.4204337366165654 0.3795840222348449 0.027984333038330034 0.09370040893554688
33 0.3309391801075269 0.38449260752688175 0.028876848118279563 0.07612987231182794
31 0.3190757787355813 0.6624860527694867 0.03267478942871094 0.1047275543212891
31 0.28861822594878495 0.6616346343871086 0.02951338009167742 0.1032801894731421
31 0.25659117621760213 0.6605845671828074 0.03476371611318285 0.10012998786023874
11 0.5284340486947792 0.8580729166666667 0.0529461596385542 0.1568775100401606
