47 0.8052217483520507 0.8664358139038086 0.03413829803466795 0.08611640930175779
18 0.3999289035797119 0.5925640106201172 0.037531661987304676 0.08319358825683598
18 0.3989610433578491 0.6766873836517333 0.03731722831726075 0.08061161041259768
47 0.768830680847168 0.8679945945739747 0.035736083984375 0.0905683517456054
15 0.24289612770080568 0.6761675834655763 0.036743831634521495 0.07926120758056643
19 0.3606860160827637 0.6768129348754883 0.03827824592590334 0.08089084625244147
15 0.3197985887527466 0.677022647857666 0.03820505142211916 0.07845706939697272
15 0.28077049255371095 0.6763608932495118 0.03695201873779297 0.07881679534912112
56 0.7307246685028076 0.8670381546020507 0.03683252334594722 0.08649101257324221
25 0.4757390975952148 0.5927508354187012 0.034366607666015625 0.08030071258544924
26 0.7396900653839111 0.677386474609375 0.03473596572875981 0.07854137420654295
23 0.43691082000732423 0.6767810821533202 0.03730201721191406 0.07801666259765627
25 0.4733332633972168 0.6758028984069824 0.033971023559570324 0.07889270782470703
26 0.7033689498901368 0.6775236129760742 0.033654403686523504 0.07681903839111337
26 0.5930051803588867 0.6770537376403809 0.035212135314941495 0.0773153305053711
26 0.7439492225646973 0.5929053783416748 0.03659486770629883 0.07809734344482422
24 0.5526866912841797 0.675685977935791 0.039274406433105424 0.08030624389648433
25 0.5125299453735351 0.5925061225891113 0.0370832443237305 0.07925958633422858
15 0.3195923328399658 0.5932348251342774 0.03940000534057614 0.08582429885864251
25 0.5109184265136719 0.6752593040466308 0.03761749267578118 0.07903289794921875
26 0.7055940628051758 0.5929677009582519 0.03659191131591788 0.08005809783935547
19 0.36178414821624755 0.5924274444580078 0.0379911422729492 0.084896183013916
15 0.20497536063194274 0.676542091369629 0.036703407764434814 0.07929325103759766
17 0.15993633270263674 0.5937681198120117 0.04220786094665527 0.08370151519775382
15 0.24067981243133546 0.5934490203857422 0.03725991249084473 0.08638496398925777
15 0.27977380752563474 0.5936835289001465 0.037562704086303744 0.08633956909179685
56 0.6929632186889648 0.8680736541748046 0.03628520965576176 0.08937911987304681
54 0.5445399761199952 0.8619441986083984 0.033700180053711004 0.11257667541503902
26 0.6666128635406494 0.677372932434082 0.03394508361816406 0.07649555206298819
54 0.5798162460327149 0.8625950813293457 0.03407001495361328 0.1073871612548829
15 0.20161406993865966 0.5944640159606933 0.039415025711059565 0.08664302825927728
51 0.40134057998657224 0.8624767303466797 0.03623838424682618 0.1105239868164063
26 0.6285028457641602 0.593142032623291 0.03659629821777344 0.08110771179199228
33 0.18063638210296631 0.886531925201416 0.03654980659484863 0.0720769882202148
26 0.5897003173828126 0.5930239677429199 0.037081336975097634 0.07961902618408201
26 0.6665871620178223 0.5922963142395019 0.03625297546386719 0.07895336151123045
59 0.8073066711425781 0.6578280448913574 0.03580589294433589 0.113677978515625
26 0.6300483703613281 0.6771842956542968 0.03365249633789058 0.07702941894531257
51 0.3655951976776123 0.863568115234375 0.034584808349609364 0.10286617279052734
33 0.1446592092514038 0.8857269287109375 0.032516336441040045 0.06030197143554683
17 0.1663125276565552 0.6783562660217285 0.038198113441467285 0.08204574584960933
24 0.5506808757781982 0.5914058685302734 0.03506832122802739 0.08008003234863281
59 0.7776842443717703 0.6591080116671866 0.03247489697138861 0.11301428282804415
55 0.5095741421568627 0.8631791258169934 0.029998978758169925 0.12574040032679734
52 0.474468954248366 0.8644556781045751 0.029998978758169925 0.11808108660130723
52 0.4400020424836601 0.8644556781045751 0.029998978758169925 0.11808108660130723
33 0.17744500138401206 0.8067474072275598 0.03654980659484863 0.0720769882202148
34 0.219796772875817 0.8073299632352942 0.041487949346405234 0.07021037581699352
34 0.2223498774509804 0.8832848243464051 0.041487949346405234 0.07021037581699352
33 0.142074396238356 0.8105820648264428 0.03039633184679072 0.07974630341798072
23 0.43917900219298245 0.5938013980263159 0.03555030153508776 0.08266515899122806
23 0.43703741776315785 0.6790364583333333 0.03555030153508776 0.08266515899122806
