55 0.3090397357940674 0.5925422668457031 0.03902187347412106 0.10901355743408203
16 0.6273909568786621 0.11249500513076782 0.057859611511230424 0.1512864351272583
18 0.3282752650124686 0.42756968055452615 0.04455973761422294 0.09777637549809043
26 0.3885075807571411 0.7389836311340332 0.03640131950378417 0.06006212234497066
55 0.5051112333933512 0.5844281196594239 0.03886830012003578 0.10635623931884763
15 0.3919996738433838 0.12114980220794677 0.0578312873840332 0.1425171375274658
14 0.5680870056152343 0.11471953392028808 0.05652465820312502 0.14801778793334963
15 0.33434083461761477 0.12199821472167968 0.05435695648193356 0.14029145240783691
19 0.7471978187561035 0.10771688222885131 0.06203155517578118 0.15658247470855713
59 0.35325334072113035 0.7247325897216796 0.03266510963439945 0.08773326873779297
52 0.38899739583333337 0.5878803571065268 0.038411458333333315 0.10805238087972013
14 0.45089378356933596 0.11674844324588775 0.0554155349731445 0.13956605792045593
54 0.42816362380981443 0.5861986160278321 0.03965120315551757 0.10837211608886721
19 0.27960457120622906 0.4305543507848467 0.051909719194684734 0.10314213548387796
14 0.5086761951446533 0.11489547491073608 0.05623750686645512 0.1416619539260864
25 0.5167349815368651 0.4234868049621582 0.04691467285156248 0.09806842803955079
16 0.6866856575012207 0.1110550433397293 0.05696754455566411 0.15241121649742126
25 0.42042951583862304 0.42440176010131836 0.048528194427490234 0.09265899658203125
25 0.5651535034179688 0.42343119382858274 0.04801177978515625 0.09677450656890868
52 0.3492042501767476 0.5888631820678711 0.040856417020161906 0.10546073913574217
25 0.4688009262084961 0.4240302085876465 0.04724369049072269 0.09652957916259769
17 0.22139153480529786 0.13011951446533204 0.06046972274780277 0.1494913101196289
17 0.2786703586578369 0.12553675174713136 0.05582342147827146 0.13912758827209473
29 0.36850881576538086 0.8430901527404785 0.056097316741943404 0.12748241424560547
24 0.6155370897716945 0.42019177848457273 0.04930776490105526 0.09836299072982913
55 0.46708054542541505 0.5855147361755371 0.03698873519897461 0.10738067626953118
47 0.46117391586303713 0.7316114425659179 0.034770393371582 0.07239274978637689
34 0.712348840583084 0.4187611858050029 0.049163493131979874 0.10648804505666098
56 0.4250979423522949 0.7329953193664551 0.03533496856689455 0.07020530700683592
1 0.6359552860260009 0.8529867172241211 0.04786462783813483 0.1187143325805664
33 0.6639892351933014 0.41708220294398124 0.045927188335320834 0.10466387169992825
23 0.37293365036231885 0.42848448822463764 0.04387454710144928 0.0983639039855072
11 0.584876019021739 0.8559074954710144 0.04458220108695643 0.10968636775362317
28 0.4321371822033898 0.8657971398305084 0.04262115995762711 0.09144928495762716
