52 0.5803017616271973 0.17116639614105225 0.04189872741699219 0.12138829231262206
19 0.47839932441711425 0.41999043226242067 0.034978294372558616 0.069130539894104
26 0.5388314723968506 0.5465884685516358 0.03210773468017569 0.0646047592163086
26 0.44061594009399413 0.5304275035858155 0.032508468627929665 0.06270170211791998
15 0.45057373046875 0.3011305332183838 0.03521156311035156 0.07318277359008785
2 0.28842451572418215 0.6331758022308349 0.04435992240905762 0.14647455215454108
19 0.44325695037841795 0.41472859382629396 0.03235597610473634 0.06694068908691408
17 0.3800547122955322 0.2916748046875 0.03471355438232426 0.07242164611816404
54 0.5010070323944091 0.1627663254737854 0.03692407608032233 0.11726768016815185
14 0.272748327255249 0.3889867544174195 0.033059501647949185 0.0654898166656494
54 0.38475522994995115 0.15234920978546143 0.037590980529785156 0.10851669311523438
14 0.30645914077758785 0.3932482719421387 0.03142232894897462 0.0663752555847168
19 0.40888739824295045 0.40856066942214964 0.033359313011169456 0.06679055690765384
19 0.5152580261230468 0.42619752883911133 0.03535270690917963 0.07185058593750004
26 0.4732655048370361 0.5354393482208252 0.03267498016357423 0.0651235580444336
3 0.33478703498840334 0.6381532669067382 0.04525575637817386 0.14852294921874998
26 0.5708723068237305 0.5516912937164307 0.030955791473388672 0.06131963729858403
19 0.37503681182861326 0.4040561199188233 0.0321657657623291 0.06597871780395509
16 0.487861442565918 0.30689547061920164 0.03859138488769537 0.0728907585144043
28 0.44384765625 0.8926078478495281 0.03352864583333337 0.11073652903238929
17 0.27106437683105467 0.2786553859710693 0.03659524917602536 0.07173194885253906
13 0.5294167041778565 0.701229190826416 0.06266164779663086 0.10555286407470699
14 0.3396563053131103 0.3973978519439697 0.03229861259460448 0.06676988601684569
19 0.5853760719299317 0.436400032043457 0.035881996154785156 0.06998882293701175
54 0.4609209060668945 0.15694401562213897 0.03876266479492191 0.11910328269004822
59 0.6214839458465575 0.186605429649353 0.03899679183959959 0.1364774703979492
16 0.6036283493041992 0.3203444242477417 0.03842144012451165 0.07767081260681152
16 0.52713623046875 0.31157076358795166 0.037072944641113326 0.0746630668640137
25 0.40654950141906737 0.5238892078399658 0.032051467895507835 0.06657905578613282
0 0.4721001148223877 0.6642621040344239 0.047485256195068326 0.15274639129638679
16 0.5647688865661621 0.31614663600921633 0.03750200271606441 0.07624697685241699
1 0.3799659252166748 0.6444940090179443 0.044742870330810536 0.14667329788208006
29 0.323277759552002 0.8387569665908814 0.04483847618103026 0.15948824882507318
5 0.42574386596679686 0.6546342849731446 0.042395591735839844 0.1483454704284668
28 0.5176991144816081 0.9028061548868815 0.03670031229654952 0.11355501810709634
26 0.5061921596527099 0.5404757499694824 0.03233556747436522 0.06518821716308598
29 0.27628159523010254 0.828484058380127 0.04717645645141599 0.16158390045166016
54 0.4225786209106446 0.15577466487884523 0.034947586059570324 0.11249608993530272
19 0.5503151893615723 0.43205695152282714 0.031892013549804754 0.0713482856750488
15 0.4153300285339355 0.2956909656524658 0.034565258026123036 0.07376604080200194
29 0.37032432556152345 0.8541481971740723 0.04954824447631834 0.16599311828613283
28 0.410906982421875 0.8893297831217448 0.03196659088134768 0.10649795532226569
25 0.3411245346069336 0.5125346660614014 0.031194543838500954 0.0663882255554199
17 0.30718345642089845 0.2806302547454834 0.0333894729614258 0.07170381546020504
25 0.3091946125030518 0.5069302558898926 0.031043338775634755 0.06618518829345704
25 0.27801358699798584 0.5031957149505615 0.029795360565185502 0.06687412261962888
25 0.37353091239929204 0.5186454772949218 0.031772565841674816 0.06618347167968752
17 0.3433135032653809 0.2851771116256714 0.03395862579345704 0.07202973365783694
56 0.2635648250579834 0.15005605220794677 0.038987255096435525 0.0890674591064453
28 0.4797381083170573 0.8997875213623047 0.03890329996744796 0.11402816772460933
51 0.539585256576538 0.16656460762023928 0.036890602111816384 0.11909089088439942
56 0.30396078389332476 0.15240921485854916 0.038987255096435525 0.0890674591064453
