45 0.47191593124572023 0.8166099118996426 0.0668709561169386 0.09250767240486302
45 0.5395149230957031 0.8234468460083009 0.06916599273681645 0.08482208251953127
41 0.6672607421875 0.4890882492065429 0.05856113433837895 0.06669979095458983
41 0.32698850631713866 0.10972126722335815 0.06871452331542971 0.09501125812530518
41 0.46523566246032716 0.4887128353118897 0.0581822395324707 0.06405420303344728
41 0.477694320678711 0.21313663125038146 0.06869029998779302 0.08495577573776245
41 0.6022645950317382 0.42579251527786255 0.06036987304687502 0.06868512630462642
41 0.33339571952819824 0.4010186195373535 0.05316362380981443 0.07066106796264648
41 0.33425171375274654 0.28163745403289797 0.06540412902832032 0.07538375854492188
41 0.6689250946044922 0.4194483757019043 0.0588448524475097 0.07427835464477539
41 0.5988910675048829 0.49147758483886717 0.05752964019775397 0.060552406311035145
41 0.393918514251709 0.4823757171630859 0.06064109802246098 0.06297931671142581
41 0.33153200149536133 0.20229148268699645 0.06609315872192378 0.08556443452835083
41 0.48247661590576174 0.12067781686782836 0.07397098541259767 0.0915771722793579
41 0.5333710670471191 0.4284880638122559 0.05534858703613277 0.06867856979370118
41 0.6187511444091797 0.30212652683258057 0.0636281967163086 0.07791399955749512
41 0.46790218353271484 0.42243920564651494 0.0595527648925781 0.06813066005706786
41 0.4723252773284912 0.2944074153900147 0.06775674819946287 0.07497806549072267
41 0.40456252098083495 0.20789870619773865 0.06466569900512698 0.08522187471389772
41 0.4059042453765869 0.11780195236206055 0.06560287475585935 0.0868208646774292
45 0.5998692767078657 0.8252371981799365 0.053840878855184626 0.08408370910887708
41 0.4038095951080322 0.2877929449081421 0.06078710556030276 0.0727381706237793
41 0.33656792640686034 0.46857576370239257 0.04978475570678709 0.06411991119384763
41 0.5524356842041016 0.21956076622009277 0.06889553070068366 0.08135418891906737
41 0.5480809211730957 0.29739351272583003 0.06665248870849605 0.07315711975097655
41 0.39786419868469236 0.41444921493530273 0.060783481597900424 0.07398242950439449
41 0.6348121069173898 0.12648205493403747 0.07163684811212312 0.09877123305227903
41 0.6273535144012585 0.2208422809575511 0.07099817031252698 0.08562814598589871
41 0.5336820125579833 0.49184236526489256 0.0560792922973633 0.05794639587402339
41 0.5594810009002685 0.12332823574542999 0.06445722579956059 0.09312695860862732
45 0.6584399497560166 0.8107837525560109 0.060333083320584846 0.06831312793518851
58 0.3550109955674765 0.6894825430952922 0.05223929358726914 0.03239390563502875
58 0.35536763453678477 0.7345506215940054 0.046566331743869205 0.03219729223433243
