41 0.2732647180557251 0.4852679252624512 0.039171457290649414 0.042234897613525446
41 0.47369246482849126 0.4835898399353027 0.036786270141601574 0.03921413421630854
41 0.31381411552429195 0.48473663330078126 0.0351728916168213 0.04079761505126955
41 0.5131942749023437 0.48339214324951174 0.0350614547729492 0.0392162322998047
41 0.3536040306091308 0.4838720321655273 0.036463546752929676 0.04046802520751952
41 0.35173649787902833 0.4399892330169678 0.0372041702270508 0.04365568161010741
41 0.43380107879638674 0.48306255340576176 0.03678855895996097 0.03921413421630865
41 0.47382640838623047 0.6361544609069825 0.03497581481933598 0.03842353820800781
41 0.31144337654113774 0.4416322231292724 0.03603343963623046 0.04271478652954103
41 0.5123436927795411 0.5949663162231444 0.03528308868408209 0.03923664093017576
41 0.5537896156311035 0.4826846122741699 0.038636207580566406 0.038615608215332
41 0.3939108371734619 0.48404779434204104 0.03851461410522461 0.04026832580566403
41 0.5123218536376953 0.44085216522216797 0.035475730895996094 0.04083652496337886
27 0.5273669242858887 0.7930768013000489 0.053042030334472634 0.04164733886718752
41 0.6341088294982911 0.4805453300476074 0.03843383789062493 0.04061946868896482
41 0.6337503433227539 0.39556193351745605 0.035213470458984375 0.04194650650024412
41 0.26747984886169435 0.3976676225662231 0.0372673988342285 0.04390807151794435
41 0.39258899688720705 0.4403887271881104 0.03686189651489258 0.04234819412231444
41 0.31690571308135984 0.5982020378112793 0.03739047050476074 0.04083595275878904
41 0.5930000305175781 0.3958979368209839 0.03533649444580078 0.043265676498413064
41 0.5535965919494629 0.44084596633911133 0.03881053924560551 0.041077613830566406
41 0.5131814002990722 0.635861301422119 0.035398960113525335 0.03865394592285154
41 0.5935752868652344 0.48240385055541996 0.03611965179443366 0.039307022094726585
41 0.552546215057373 0.5947186470031738 0.03617248535156248 0.03901596069335944
41 0.4728227615356445 0.4409152984619141 0.03626422882080077 0.04062566757202146
41 0.4738131523132324 0.5530132293701172 0.03496465682983402 0.03990669250488277
41 0.5913856506347657 0.594275951385498 0.03499526977539069 0.03755760192871094
41 0.3573933362960815 0.5981757164001464 0.03751773834228517 0.041126251220703125
41 0.39550056457519533 0.5537696838378906 0.03501834869384762 0.04112167358398433
41 0.5908126831054688 0.5516788005828857 0.034517860412597745 0.041862869262695335
41 0.43506646156311035 0.5965424537658692 0.03535308837890627 0.03972682952880857
41 0.5937154293060303 0.4398859977722168 0.03445024490356441 0.04098825454711913
41 0.47342643737792967 0.5955358505249023 0.03522682189941406 0.0383148193359375
41 0.4333038806915283 0.4405303955078125 0.03726491928100584 0.04139251708984376
41 0.6323694705963134 0.5930209159851074 0.03675308227539065 0.037390708923339844
41 0.3506318092346191 0.39676697254180904 0.03731822967529297 0.04241042137145995
41 0.5528046607971191 0.6352038383483887 0.03653011322021482 0.04018220901489267
41 0.5526355743408203 0.396958065032959 0.03606967926025395 0.04225015640258789
41 0.2711932897567749 0.4420392036437988 0.03948516845703126 0.04137401580810546
41 0.2797159671783447 0.6394044399261475 0.037879276275634755 0.040045738220214844
41 0.4351487159729004 0.5540082931518555 0.03472690582275395 0.040978622436523504
41 0.3915353059768677 0.3963641166687012 0.0361212253570557 0.043958187103271484
41 0.2775449514389038 0.5983426570892334 0.03566694259643555 0.039594268798828214
41 0.4350224018096924 0.6372294902801514 0.03634138107299806 0.03914699554443357
41 0.5918155193328858 0.6342767715454101 0.03634700775146482 0.04067649841308596
41 0.552110767364502 0.5520267486572266 0.03528270721435545 0.041953086853027344
41 0.3195220470428467 0.6393541336059569 0.0368647575378418 0.039080238342285134
41 0.43200149536132815 0.3972604513168335 0.035817241668701205 0.043500661849975586
41 0.358293342590332 0.6395163059234619 0.037259578704833984 0.03748264312744143
41 0.6317474365234375 0.5507583618164062 0.03531303405761721 0.04272518157958993
41 0.30922775268554686 0.3973175764083862 0.03786325454711914 0.044309377670288086
41 0.6337530612945557 0.438289737701416 0.03662796020507808 0.040326309204101574
41 0.35656490325927737 0.5543438911437988 0.035974979400634766 0.041962623596191406
41 0.4712270736694336 0.3973544597625732 0.034522342681884755 0.04286413192749022
41 0.6328171730041504 0.6336363792419434 0.03735561370849605 0.04127426147460933
41 0.39563164710998533 0.5964611530303955 0.034377956390380826 0.03922824859619145
41 0.2765312194824219 0.5565625190734863 0.03577127456665041 0.04297561645507808
41 0.5115818977355957 0.3970800399780273 0.0348811149597168 0.04316244125366214
41 0.3166174173355103 0.5558045387268067 0.03568391799926757 0.04151153564453125
27 0.3639382362365723 0.7809859275817871 0.046724796295166016 0.03609390258789058
41 0.396587324142456 0.6369647979736328 0.035796356201171886 0.03992195129394527
41 0.5130347251892089 0.5529202461242676 0.035056686401367165 0.040905761718750044
27 0.41742467880249023 0.7842262268066407 0.04961175918579097 0.03284111022949221
27 0.4182660222053528 0.7519279479980469 0.04869573116302489 0.030930709838867143
27 0.47318143844604493 0.7550360679626464 0.053427696228027344 0.02932472229003913
27 0.5781685705665204 0.802395113595098 0.0464506286511317 0.057473711658724724
