16 0.4716120719909668 0.6805828094482422 0.030180549621582065 0.0697201728820801
16 0.4714204788208008 0.6097941398620605 0.030048942565917947 0.06920204162597665
16 0.502744483947754 0.6108572959899903 0.030480957031249978 0.07009410858154297
16 0.501713228225708 0.6821071624755859 0.02794513702392576 0.06823139190673821
25 0.5671150207519531 0.6128318786621094 0.029845809936523415 0.07160415649414065
25 0.5346210479736329 0.6118596076965332 0.03146781921386721 0.07186965942382806
28 0.6426234245300293 0.6611244201660156 0.03896980285644536 0.13587198257446287
25 0.5644145965576172 0.6840941429138183 0.03148632049560551 0.07006292343139642
28 0.6020809173583985 0.657968282699585 0.03954324722290037 0.1294097900390625
28 0.6839814186096191 0.6636848449707031 0.04203529357910152 0.13594493865966806
25 0.531775951385498 0.6833787441253663 0.030368614196777388 0.06857175827026374
