18 0.4005709767341614 0.3647150039672852 0.034735846519470204 0.07818288803100587
34 0.3347936153411865 0.5891463279724121 0.029996299743652366 0.07520122528076179
47 0.605145263671875 0.24643712043762206 0.03158035278320315 0.08686399459838867
25 0.4653829574584961 0.2579397201538086 0.03367242813110355 0.08353986740112301
19 0.36621994972229 0.36485393047332765 0.033119869232177745 0.07896828651428223
59 0.4899470329284668 0.5683894634246827 0.027532958984375022 0.09617462158203127
14 0.5299736976623535 0.14801206588745117 0.035499954223632835 0.08542556762695312
19 0.36112434864044185 0.25923547744750974 0.033503007888793956 0.08265929222106932
25 0.4683647155761719 0.36291935443878176 0.03260383605957029 0.07824931144714359
47 0.6371033668518067 0.2448809623718262 0.029902839660644553 0.0859243392944336
15 0.3880693435668945 0.14911290407180786 0.03395586013793944 0.07904565334320068
3 0.4119045376777649 0.710974931716919 0.04566781520843505 0.15565805435180669
23 0.43494291305541993 0.36370830535888676 0.03257560729980469 0.0777581214904785
32 0.4566401481628418 0.932749080657959 0.03758668899536133 0.13450183868408205
16 0.6369244575500488 0.1454097270965576 0.03356113433837893 0.08501286506652832
26 0.3983347415924072 0.5873253822326661 0.030619239807128884 0.07078762054443366
8 0.5042665004730225 0.7072597026824952 0.04368400573730469 0.15529165267944334
56 0.5702098846435546 0.24881608486175538 0.03264293670654295 0.08790459632873537
19 0.325554084777832 0.2591241836547852 0.03611106872558595 0.08562355041503905
51 0.39114363193511964 0.4618398666381836 0.030623197555541992 0.09225883483886721
19 0.3332676887512207 0.36462061405181884 0.032087516784667924 0.0791933536529541
52 0.4221971511840821 0.46162958145141597 0.02925987243652345 0.09134941101074218
16 0.5660194396972656 0.14743316173553467 0.033535671234130815 0.0833106517791748
56 0.5371757507324219 0.25110502243041993 0.03101425170898442 0.08766622543334959
18 0.39614319801330566 0.2593710899353027 0.034953403472900435 0.08241500854492187
17 0.3536949157714844 0.1498011350631714 0.03465461730957031 0.08016567230224608
26 0.4286785125732422 0.5864549636840821 0.02981147766113279 0.07015361785888674
59 0.5192954063415527 0.5670821666717529 0.029891681671142645 0.09430074691772461
16 0.6014142990112306 0.14614304304122927 0.03431167602539065 0.08397278785705567
29 0.4094001889228821 0.9052743911743164 0.053352141380310025 0.1894512176513672
26 0.45968151092529297 0.5842053890228271 0.03143253326416018 0.07135553359985347
6 0.5956469058990479 0.7028478622436523 0.04639892578124993 0.15838661193847658
29 0.3538042068481445 0.9077028274536133 0.05362200736999512 0.1845943450927734
23 0.43152666091918945 0.25859935283660884 0.03332996368408203 0.08221178054809569
15 0.4582516193389893 0.14775943756103516 0.03400878906249999 0.08358078002929686
54 0.4534320831298828 0.46050910949707036 0.03127222061157231 0.09317893981933595
2 0.6449616432189942 0.7028423309326172 0.047821998596191406 0.15612411499023438
14 0.49342041015625 0.14806063175201417 0.033774185180663996 0.0864220142364502
15 0.4229681968688965 0.14853208065032958 0.03583374023437502 0.08014183044433595
17 0.3169695377349854 0.1511061191558838 0.03959436416625978 0.08289794921874999
24 0.5025063514709472 0.36125593185424804 0.03368835449218749 0.07705774307250979
3 0.3638209342956543 0.711518669128418 0.04852323532104491 0.15630435943603516
33 0.3662863254547119 0.5878393173217773 0.030548954010009788 0.07284717559814446
28 0.5698065280914306 0.9353841781616211 0.035452079772949285 0.12923164367675777
8 0.4583014488220215 0.7101691246032715 0.04523010253906251 0.15446681976318366
24 0.5008563995361328 0.25590336322784424 0.03582706451416012 0.08580589294433594
28 0.5315240859985351 0.9364505767822265 0.039871597290039085 0.12670631408691402
51 0.5139739036560058 0.45728726387023927 0.029314613342285134 0.09212741851806638
8 0.5497482776641845 0.7046420097351074 0.04391355514526363 0.15800170898437493
31 0.6376793032786885 0.9278464395491803 0.03401959528688525 0.10526063012295073
32 0.49333438873291013 0.930631160736084 0.03446216583251949 0.1376972198486328
55 0.48435611724853517 0.4591513633728027 0.029324150085449197 0.09098873138427738
31 0.6037701130485307 0.9336497822745902 0.02899601877998803 0.11286501024590156
