47 0.41889696121215825 0.5336630344390869 0.03075857162475587 0.07437915802001949
23 0.5195396900177003 0.3584805965423584 0.03216991424560545 0.08003292083740238
23 0.5529744625091553 0.35828342437744143 0.033203411102294966 0.07929439544677735
18 0.4847764015197754 0.358211088180542 0.03522377014160161 0.0805511474609375
18 0.4490910530090332 0.35741872787475587 0.0351421356201172 0.08091497421264648
15 0.44663600921630864 0.1421847939491272 0.03589229583740233 0.09153273105621339
18 0.4133453369140625 0.35572290420532227 0.035657310485839866 0.08125467300415035
59 0.675262451171875 0.6688064098358155 0.02930593490600586 0.0923739433288574
16 0.5974795860526836 0.1471104817052858 0.03913927922206639 0.09121874897880891
17 0.37263197898864747 0.14123687744140626 0.0381317138671875 0.09279460906982423
25 0.6229697704315185 0.3617103099822998 0.03501405715942385 0.08318519592285156
59 0.5877532958984375 0.6676485061645507 0.028580093383788974 0.09165363311767571
26 0.38345861434936523 0.6842355728149414 0.02961807250976567 0.06351003646850595
26 0.47168664932250975 0.6832508087158203 0.028747177124023415 0.06328563690185551
17 0.33440518379211426 0.14098695516586301 0.03737659454345699 0.09245290756225585
26 0.3537580966949463 0.6836023330688477 0.028482437133789062 0.06497201919555673
14 0.5580839157104491 0.14646018743515016 0.0365272521972656 0.09064266681671143
25 0.5880551338195801 0.3607569217681885 0.03393917083740239 0.08132572174072267
14 0.5207204818725586 0.14632124900817872 0.036145782470703214 0.09164047241210939
16 0.7081821918487549 0.14928593635559084 0.03752851486206055 0.0942317008972168
26 0.41325911283493044 0.6839037895202636 0.028979516029357943 0.06243782043457036
29 0.6540390014648438 0.8159749984741211 0.05151309967041018 0.17535095214843743
24 0.6590776443481445 0.3639184951782226 0.034996986389160156 0.0871288299560547
16 0.6360866144565194 0.14766834369433926 0.03597018088348192 0.09322935325171565
56 0.386140251159668 0.5313699245452881 0.03258657455444336 0.07861757278442383
59 0.6454649925231934 0.6690365314483643 0.02863368988037107 0.09138517379760747
15 0.4103691577911377 0.1416971892118454 0.035176658630371116 0.09166136384010315
19 0.3769055366516113 0.354918384552002 0.0346682071685791 0.08220920562744144
16 0.6717967987060547 0.1483803868293762 0.03225650787353507 0.09235160350799562
24 0.6949971199035645 0.3634116411209106 0.03537044525146482 0.0864359378814697
29 0.602749252319336 0.8165186882019043 0.04788951873779301 0.17582912445068355
59 0.5587972640991211 0.6683967113494873 0.02815532684326172 0.09066438674926758
26 0.5014324188232422 0.6824369430541992 0.02929916381835934 0.06341495513916007
26 0.4425810813903809 0.6836084365844727 0.028729343414306607 0.06303100585937504
54 0.6377376079559326 0.5315135478973388 0.02993555068969722 0.09709959030151366
28 0.4865238189697266 0.8432411193847656 0.035255813598632835 0.12113933563232426
14 0.4837913513183594 0.14460110664367676 0.03552312850952144 0.09194793701171876
59 0.530610990524292 0.6683219909667968 0.02803726196289069 0.08895359039306638
52 0.6052403926849366 0.526998233795166 0.029937934875488348 0.09531364440917967
28 0.523370116359585 0.8441597042502937 0.03713682772039062 0.12259997168740078
34 0.48324084281921387 0.5398743152618408 0.029905986785888627 0.07003755569458003
59 0.6166142463684082 0.6676848411560059 0.027781677246093706 0.09094438552856443
19 0.34052133560180664 0.354599142074585 0.03537349700927739 0.08067083358764648
28 0.5596291149363798 0.8454158558565027 0.035704691269818456 0.12474140840418202
28 0.44993438720703127 0.8436905860900878 0.035842132568359386 0.1177293777465821
51 0.574686336517334 0.5263643741607666 0.028475284576416016 0.09662694931030275
55 0.6705596923828125 0.5334837913513184 0.03217649459838867 0.10002689361572259
33 0.44960764657079644 0.5373254286504424 0.03154383296460178 0.06956927544247793
