31 0.6930074691772461 0.5697238922119141 0.05637340545654301 0.19580268859863287
28 0.49946731706208825 0.5542726652531684 0.06445085247860677 0.2272162165822862
56 0.20936547256097562 0.28891958841463417 0.05478277439024393 0.13100228658536583
56 0.2665301067073171 0.2927305640243903 0.0547827743902439 0.13100228658536583
56 0.3198837652439025 0.29511242378048785 0.05478277439024393 0.13100228658536583
47 0.3770483993902439 0.2922541920731707 0.05478277439024393 0.1290967987804878
47 0.43326028963414637 0.29320693597560976 0.05478277439024393 0.1290967987804878
32 0.43434873949579833 0.5512900472689075 0.06154805672268909 0.23142069327731096
32 0.3650045955882353 0.5549829306722689 0.07221638655462181 0.23060005252100857
28 0.5664723353102634 0.5528470265670371 0.06445085247860671 0.2272162165822862
28 0.6306260761861758 0.5571239426254312 0.06445085247860671 0.2272162165822862
31 0.7478945585933046 0.5654469761535199 0.05637340545654301 0.19580268859863287
31 0.8060877907885253 0.5666380645584885 0.05688931332887537 0.19533358803630757
