51 0.2766127586364746 0.631700611114502 0.03041706085205076 0.07549438476562498
15 0.25352978706359863 0.3324654579162598 0.04285564422607424 0.07022361755371093
54 0.3085354804992676 0.6312606811523438 0.032380247116088834 0.07493762969970696
14 0.4131600856781006 0.3451517105102539 0.034968662261962935 0.0687255859375
16 0.211193186044693 0.43735218048095703 0.04064062833786011 0.06397352218627927
16 0.2531408786773682 0.4408562660217285 0.040976524353027344 0.06051101684570315
14 0.29605517387390134 0.3342425346374512 0.03816118240356442 0.07083072662353518
14 0.3756822109222412 0.34190568923950193 0.037081527709960926 0.06924285888671872
16 0.2942334175109863 0.4435590267181396 0.037673282623291005 0.060052967071533236
25 0.24630885124206542 0.5436327457427979 0.0347447395324707 0.056492614746093794
59 0.17773995399475098 0.6324447631835938 0.029713201522827137 0.09031295776367188
15 0.2098834991455078 0.3271064519882202 0.040832424163818354 0.07462182044982907
52 0.36739444732666016 0.6326218605041504 0.0280359268188477 0.0716150283813477
19 0.4896304130554199 0.3503903865814209 0.03573036193847651 0.06574811935424807
16 0.36830859184265136 0.44795956611633303 0.03454170227050779 0.05839872360229492
2 0.7221864700317382 0.49881486892700194 0.03846397399902346 0.1257981300354004
14 0.3360618829727173 0.3378108501434326 0.0393343925476074 0.07025499343872071
5 0.6528404235839844 0.49556169509887693 0.042380905151367165 0.12407226562499996
16 0.3320873737335205 0.4463029861450195 0.03594083786010743 0.05815582275390624
2 0.7725070953369141 0.500984001159668 0.05855751037597656 0.12485561370849607
13 0.593885326385498 0.6482530593872071 0.0472389221191406 0.07966270446777346
16 0.17262243032455443 0.4412548542022705 0.03390114307403566 0.079898738861084
29 0.5680077552795411 0.8548576354980468 0.0354387283325196 0.08983707427978516
9 0.6762884140014649 0.6316637516021728 0.04246358871459954 0.10432500839233405
19 0.4270810127258301 0.7045187950134277 0.028043746948242188 0.039861106872558505
25 0.7064838409423828 0.7713740825653077 0.023874855041503995 0.03145208358764651
25 0.4464162826538086 0.5506309509277344 0.030653953552246094 0.051364898681640625
14 0.45037360191345216 0.34861087799072266 0.03863916397094724 0.06565008163452146
25 0.34928741455078127 0.5471525192260742 0.03246221542358402 0.053771591186523526
25 0.3110455989837646 0.7077593803405762 0.029469776153564442 0.04004688262939449
25 0.3821712970733643 0.5473587989807129 0.0313676834106445 0.05408267974853509
25 0.6187409400939942 0.776019287109375 0.02199630737304692 0.03342914581298828
25 0.31583080291748045 0.5463381290435791 0.033507537841796886 0.05419311523437498
25 0.2811694622039795 0.7086198806762696 0.028761625289916992 0.0400316238403321
25 0.414490807056427 0.5492662429809569 0.03172376155853274 0.05259857177734373
25 0.2818583726882935 0.5453072547912599 0.034071874618530285 0.05420885086059568
17 0.47154483795166013 0.4542904376983643 0.03189735412597655 0.05825443267822267
17 0.4383770942687988 0.45315704345703123 0.033173370361328114 0.05709695816040039
25 0.21066219806671144 0.5419807434082031 0.035325908660888666 0.05865802764892569
25 0.6833500862121582 0.771935224533081 0.021248054504394487 0.03248682022094718
26 0.21599147319793702 0.7094889640808106 0.0359025478363037 0.0411964416503906
25 0.175159752368927 0.544149923324585 0.032610344886779774 0.06701002120971677
25 0.5956405639648438 0.7774794578552247 0.02232427597045894 0.03408422470092776
59 0.21066205501556395 0.632451629638672 0.0330726146697998 0.07786760330200193
25 0.5258777618408204 0.7821628093719482 0.024070358276367165 0.03657045364379885
25 0.4779667854309082 0.5535865783691406 0.03093585968017576 0.0533349990844727
17 0.5041862010955811 0.45848245620727535 0.03304052352905279 0.06260995864868163
25 0.6071684837341309 0.7351503372192383 0.02407131195068357 0.04600639343261714
25 0.5494481563568115 0.7813661575317383 0.022601413726806685 0.03587875366210935
19 0.5248595237731933 0.3608380317687988 0.0334320068359375 0.07920322418212894
25 0.6408405303955078 0.774776029586792 0.020856475830078214 0.03390693664550781
25 0.25021967887878416 0.7089596271514893 0.030975151062011708 0.03964719772338865
15 0.16971180438995362 0.33368597030639646 0.03806185722351074 0.09121274948120117
19 0.36977243423461914 0.7063405513763428 0.027834987640380837 0.040461063385009766
25 0.5822761058807373 0.7366886138916016 0.024084091186523438 0.04507846832275386
8 0.6370010852813721 0.6329991817474365 0.041773509979248113 0.10367441177368164
52 0.3968055009841919 0.6329397201538086 0.02863106727600101 0.06860237121582036
47 0.8586984634399414 0.3872044563293457 0.02729873657226567 0.06610727310180664
19 0.3982112884521485 0.7054708480834961 0.028276634216308605 0.03961753845214844
17 0.4046622276306152 0.45171027183532714 0.0348210334777832 0.05674448013305666
0 0.6097424030303955 0.49583272933959965 0.04461650848388676 0.12967300415039068
25 0.5579699039459228 0.737570858001709 0.023259353637695268 0.04461746215820317
25 0.5726998329162598 0.7792017936706543 0.022533607482910223 0.035514450073242165
25 0.6764857769012451 0.7328932285308838 0.021848964691162154 0.04276552200317374
25 0.7200854301452637 0.7300042152404785 0.022784996032714777 0.039646816253662065
25 0.6620331764221191 0.7735923290252685 0.021345329284667924 0.034152984619140625
25 0.6315552234649658 0.7342448234558105 0.023507308959960893 0.045572853088378995
25 0.6541804313659667 0.7334228515625001 0.022314453125000022 0.044014358520507835
25 0.6984350204467773 0.7319172859191895 0.021363258361816406 0.042687416076660156
52 0.4248783111572266 0.6329492568969726 0.026060962677001975 0.06648120880126951
51 0.2443453311920166 0.6319290161132813 0.03128852844238278 0.07621135711669924
25 0.5331411838531495 0.7390456199645996 0.02639217376708991 0.04565086364746085
19 0.4543188095092774 0.7052962779998779 0.025087547302246105 0.042208099365234286
2 0.6864909172058105 0.4980030059814453 0.03645668029785154 0.1262590408325195
28 0.6210196971893311 0.8678268432617188 0.02028522491455076 0.054043579101562544
52 0.4542699980504305 0.6320011379649337 0.026060962677001975 0.06648120880126951
26 0.1794808547473648 0.7079826137394581 0.031178032310263643 0.040079978831763396
45 0.5156439623786409 0.8626554915048543 0.04361347087378642 0.07584951456310673
32 0.6701005923202614 0.8516901552287581 0.028084150326797452 0.06063623366013071
28 0.5980417560128606 0.866550290974137 0.02028522491455076 0.054043579101562544
28 0.6436104134017346 0.867789424322789 0.019783122555103283 0.057798398086448155
19 0.34072279024727736 0.7069586289079883 0.027834987640380837 0.040461063385009766
