52 0.6871739387512207 0.5249587059020996 0.027687263488769487 0.090077018737793
18 0.5392796516418457 0.3906086921691895 0.02786884307861326 0.06711425781249997
56 0.4480645179748535 0.6644587039947509 0.025032424926757835 0.0611142158508301
15 0.5333292961120606 0.22332751750946045 0.029208374023437567 0.0746551036834717
15 0.5038631439208985 0.2258516550064087 0.027721977233886697 0.07344036102294924
14 0.5639220714569092 0.22124245166778564 0.029448509216308594 0.0754098415374756
56 0.4722724914550781 0.5302508354187012 0.02595005035400394 0.057915115356445335
24 0.6595279693603515 0.3876508712768555 0.030976867675781228 0.07385196685791012
56 0.49889578819274905 0.669482421875 0.025521659851074185 0.06371021270751953
18 0.4824982643127441 0.39116220474243163 0.026896286010742176 0.06523513793945312
14 0.5955642700195313 0.21773931980133054 0.03215713500976558 0.07783141136169433
56 0.4445775032043457 0.5289700508117676 0.026752948760986328 0.05740070343017578
16 0.6941134452819824 0.20988600254058837 0.03144340515136712 0.07716007232666014
25 0.6286052703857422 0.38880214691162107 0.02899932861328125 0.06992521286010739
18 0.5104643821716308 0.3909286022186279 0.027769088745117132 0.06619997024536134
16 0.6608863830566407 0.21362318992614748 0.0330940246582031 0.07619285583496097
56 0.47295827865600587 0.6661582946777344 0.024813270568847634 0.06208543777465825
14 0.6279466629028321 0.21601133942604064 0.03108921051025393 0.07788418531417846
19 0.4556488037109375 0.3915093898773193 0.02547988891601566 0.06582622528076171
19 0.43005857467651365 0.39209208488464353 0.02501850128173827 0.06493587493896485
59 0.6048067092895508 0.519592571258545 0.026887512207031228 0.09203948974609377
47 0.6685139179229737 0.6867898464202882 0.02736663818359375 0.06903896331787107
47 0.640352201461792 0.6840590476989746 0.02686033248901365 0.06756191253662114
33 0.7222732543945312 0.38789076805114747 0.030795192718505837 0.07329034805297852
51 0.6586216926574707 0.5239687442779541 0.02686023712158203 0.08870487213134759
28 0.6038598537445068 0.8368587493896484 0.03170633316040039 0.09458293914794913
17 0.44910898208618166 0.23089127540588378 0.025762462615966764 0.07232055664062498
16 0.727546787261963 0.20659213066101073 0.03281126022338865 0.07931504249572754
28 0.5055637836456299 0.8232828140258789 0.03026018142700193 0.09057121276855473
28 0.5364943504333496 0.8274704933166503 0.029750061035156206 0.09370937347412112
59 0.5771735668182373 0.522429370880127 0.026996803283691362 0.08459644317626958
56 0.5269996643066406 0.6729162216186524 0.026711463928222656 0.06584625244140618
23 0.5980521202087402 0.38978137969970705 0.030008125305175826 0.06958732604980472
56 0.4982296943664551 0.5309324741363526 0.024468612670898504 0.05940809249877932
17 0.4219231605529785 0.23203211426734924 0.026881408691406206 0.07135571241378785
28 0.5697145462036133 0.8324663162231445 0.03267040252685538 0.09481410980224603
15 0.4760403633117676 0.22740485668182372 0.027469062805175803 0.07188935279846193
16 0.7573966026306153 0.20389890670776367 0.026764869689941406 0.07853059768676757
26 0.5248786926269531 0.5308019638061523 0.027988624572753973 0.06178817749023435
28 0.6374244689941406 0.8412854194641113 0.031010437011718794 0.09607391357421868
31 0.703331014088222 0.862280695778983 0.03347564424787253 0.08284653254917684
28 0.47420458793640136 0.8203328132629395 0.029399299621582053 0.0858755111694336
56 0.6103695392608643 0.6827883720397949 0.027301216125488303 0.06740331649780273
55 0.7177434921264648 0.5278513908386231 0.030874443054199174 0.08808593749999993
28 0.44761867523193355 0.8161566734313965 0.023261260986328136 0.08765449523925783
54 0.745600700378418 0.5306705951690673 0.02091217041015625 0.08339080810546873
23 0.5681214332580566 0.39014396667480467 0.02803726196289058 0.06853628158569336
31 0.6709924773166054 0.8511667904100919 0.02790874849285996 0.08117793233771065
33 0.6900730898505762 0.3893529231088203 0.023238284964310463 0.07450139062446454
34 0.7512678179824561 0.3863418311403508 0.017132675438596423 0.07709703947368424
32 0.3262958829365079 0.7994636656746031 0.02480158730158727 0.08293030753968256
32 0.35497271825396826 0.8033389136904762 0.02480158730158727 0.08293030753968256
32 0.3805493551587301 0.8041139632936508 0.02480158730158727 0.08293030753968256
