29 0.4401679039001465 0.29143035411834717 0.06525573730468748 0.21037755012512205
29 0.3739635944366455 0.2968401849269867 0.061455059051513716 0.21120043992996212
28 0.5454726219177246 0.3185707092285156 0.04662513732910156 0.14309120178222653
29 0.3115109443664551 0.30190749168395997 0.060564517974853516 0.20790882110595701
28 0.49711256027221684 0.3209850549697876 0.04663963317871095 0.14241404533386232
28 0.6865476131439209 0.8288057327270508 0.052197933197021484 0.18845329284667967
32 0.7228079490291262 0.30895403519417475 0.055939016990291246 0.13084041262135923
32 0.6687651699029127 0.30895403519417475 0.055939016990291246 0.13084041262135923
32 0.6099817961165048 0.31369462985436897 0.055939016990291246 0.13084041262135923
28 0.6368918928049379 0.8271505420490846 0.052197933197021484 0.18845329284667967
