18 0.34010524749755855 0.5958261013031005 0.0254380226135254 0.05431442260742181
18 0.3655863761901855 0.5959125518798829 0.02428584098815917 0.05392322540283201
23 0.3913242816925049 0.5963726043701172 0.024940872192382835 0.0545391082763671
17 0.2393488883972168 0.3235502243041992 0.029481792449951194 0.06263346672058101
29 0.27950772469770824 0.8565097518001042 0.048974355569122496 0.15270811175623678
15 0.3266216039657593 0.2611626148223877 0.028919458389282227 0.06542105674743653
16 0.3088662147521972 0.4801149368286133 0.0257431983947754 0.05597534179687497
17 0.18159217834472657 0.3236189842224121 0.023603487014770524 0.06272964477539061
16 0.254180908203125 0.47963857650756836 0.02773990631103518 0.05599212646484375
15 0.3255080699920654 0.328148627281189 0.028354835510253917 0.06496548652648926
14 0.3352835655212402 0.4815933227539062 0.025290489196777344 0.0569141387939453
17 0.2691721439361572 0.324771785736084 0.028914976119995106 0.06290884017944337
17 0.2970608711242676 0.32727656364440916 0.02768769264221188 0.06304368972778324
29 0.4151232600212097 0.8620903015136718 0.047982048988342296 0.14900264739990232
16 0.3095107078552246 0.41966700553894043 0.02552785873413088 0.05902795791625981
16 0.22306151390075685 0.48008127212524415 0.03010926246643067 0.05724258422851569
16 0.2823365211486817 0.48015365600585935 0.026975345611572277 0.056834411621093706
16 0.2830291748046875 0.4180775761604309 0.02469773292541505 0.058172202110290505
17 0.24080815315246581 0.2563844919204712 0.03008108139038085 0.0659733295440674
17 0.27000896930694585 0.2587162971496582 0.027496147155761708 0.06690282821655272
29 0.32711148262023926 0.8576468467712403 0.045562362670898415 0.15176792144775386
17 0.2976984977722168 0.26077172756195066 0.02747311592102053 0.06608328819274906
24 0.39832797050476076 0.6925046443939209 0.023627662658691373 0.053331851959228516
24 0.3732326030731201 0.6933239936828612 0.025288963317871116 0.05260553359985354
28 0.4836099894650011 0.8889196729085531 0.03075537049626731 0.08953927051590138
25 0.27107858657836914 0.6950785160064697 0.02469692230224607 0.04827814102172856
25 0.3473830699920655 0.6944358825683594 0.025402259826660167 0.0502504348754883
23 0.4174178600311279 0.5962435245513916 0.025733375549316373 0.05566387176513676
25 0.3224190711975098 0.6947718620300294 0.024811553955078114 0.0492424011230469
25 0.29705784320831297 0.6951718330383301 0.02562508583068851 0.048810577392578214
16 0.2564521789550781 0.41640518903732304 0.028252887725830067 0.059120965003967296
28 0.515148484563253 0.8886553775833315 0.031473550451807275 0.09018726119075915
14 0.3618579387664795 0.4821846961975098 0.026167774200439475 0.05721397399902345
16 0.19573941230773928 0.4169622898101807 0.02706370353698731 0.06087999343872069
19 0.28796360492706297 0.5951256275177002 0.026144170761108365 0.0560677528381347
17 0.20850722789764403 0.3229879379272461 0.030556917190551758 0.06363315582275392
24 0.42319598197937014 0.6908528327941894 0.024439334869384766 0.05387744903564451
16 0.22491073608398438 0.4165470004081726 0.028917312622070312 0.06018698215484619
19 0.31393721103668215 0.5951435565948486 0.024723529815673828 0.05504732131958012
31 0.5750584860882128 0.8956724747117744 0.02695851728140597 0.07598350364041617
25 0.23774923534258036 0.6946482103767124 0.0316542774227494 0.05465858811182345
14 0.3884312152862549 0.48299369812011717 0.02512178421020511 0.057207870483398426
31 0.6029148101806641 0.896512222290039 0.026798057556152388 0.07522773742675781
16 0.19687318801879883 0.480845832824707 0.021531963348388694 0.056810951232910134
28 0.4532504564568738 0.8901189359669721 0.028736020335622614 0.08933343238734492
14 0.4147049903869629 0.48411650657653804 0.026007080078125022 0.05608253479003905
15 0.35465507507324223 0.2626622200012207 0.026264381408691417 0.06377458572387695
19 0.2092965364456177 0.5947945594787598 0.022477722167968756 0.0585752487182617
29 0.37021732330322266 0.8603544235229492 0.04091424942016597 0.14781112670898433
17 0.20755448399520499 0.258677724512612 0.030556917190551758 0.063633155822754
17 0.17906128836841118 0.25681853061769067 0.0256149547856028 0.0646784875451065
15 0.3556802929901495 0.32976017579799743 0.028919458389282227 0.06542105674743653
15 0.38371376409763247 0.33125978097683045 0.026264381408691417 0.06377458572387695
15 0.4108669653171446 0.26456770780609873 0.026264381408691417 0.06377458572387695
15 0.38283349420966173 0.26306810262726577 0.028919458389282227 0.06542105674743653
15 0.4108529055990824 0.33023121356964114 0.02528351807012791 0.06552842651925439
14 0.4151813623381824 0.42361726877166006 0.026007080078125022 0.05608253479003911
14 0.38890758723747443 0.4224944603152392 0.02512178421020511 0.057207870483398426
14 0.362334310717699 0.4216854583926317 0.026167774200439475 0.05721397399902345
14 0.33575993747245975 0.4210940849490282 0.025290489196777344 0.0569141387939453
31 0.5462322436183333 0.8959196159638554 0.030488261257309524 0.07765436746987953
32 0.6345075548260444 0.8897476571613021 0.03175630092725645 0.09547846923444292
32 0.6648358850671141 0.8898057361577181 0.028182676174496657 0.09536231124161076
19 0.23367609146869545 0.595401431574966 0.02566391554745759 0.05919713685006811
19 0.26060554222627114 0.595401431574966 0.02566391554745759 0.05919713685006811
