18 0.3657929182052612 0.49238519668579106 0.03101215362548826 0.05592060089111334
55 0.7212278842926025 0.5056734085083008 0.024015522003173917 0.06915340423583988
24 0.3855342149734497 0.5936914443969726 0.028530979156494163 0.049844551086425826
18 0.3961854219436646 0.4952488899230957 0.030213689804077182 0.05656204223632816
18 0.42657952308654784 0.4971600532531738 0.029745101928710938 0.05710754394531253
14 0.374437952041626 0.41000415086746217 0.032610416412353516 0.06482064723968506
14 0.3412404537200928 0.4065424919128418 0.032280397415161144 0.06464385986328125
18 0.33411540985107424 0.49111318588256836 0.03157491683959962 0.057283210754394576
14 0.40716066360473635 0.41296429634094234 0.0324711799621582 0.06272192001342775
59 0.7754335281130992 0.5089556257964067 0.031153202056884766 0.06985721588134775
23 0.20139541625976565 0.5894594669342041 0.031089878082275396 0.055048561096191384
14 0.34380483627319336 0.3357827186584472 0.034311437606811546 0.07336397171020509
14 0.4122611045837402 0.3438952684402466 0.033147621154785145 0.07319531440734861
24 0.17702661752700805 0.7082759380340575 0.028318977355957037 0.04920949935913088
16 0.44603404998779295 0.3475900888442993 0.03409347534179691 0.07093563079833987
26 0.2357028007507324 0.6566393852233887 0.028044128417968744 0.054149627685546875
17 0.19550076723098753 0.3176918029785156 0.03892042636871337 0.07577714920043943
14 0.37831072807312016 0.339162540435791 0.03370018005371095 0.074994421005249
23 0.23340489864349367 0.5899842262268067 0.031239604949951177 0.05216407775878906
41 0.6818097114562989 0.7103650093078613 0.0430986404418946 0.03958339691162116
16 0.4783740997314453 0.35043520927429195 0.031926918029785145 0.07083721160888673
18 0.3021996021270752 0.48972187042236326 0.031859397888183594 0.059095191955566395
16 0.4388834953308105 0.41453557014465336 0.03039379119873048 0.05912141799926757
41 0.5853955268859863 0.750123405456543 0.037917709350585915 0.03484268188476558
26 0.2364750623703003 0.7056229591369629 0.02686710357666014 0.04823741912841795
19 0.23531179428100588 0.48667001724243164 0.032898616790771495 0.06337890625000003
41 0.6712902069091797 0.7470297813415527 0.03840560913085944 0.03495426177978511
18 0.4557997703552246 0.5004719734191895 0.02753734588623047 0.05621051788330078
17 0.15741419792175293 0.31502609252929686 0.03638594150543212 0.07705426216125488
26 0.2637138366699219 0.7060885429382324 0.025863122940063432 0.04582347869873038
54 0.6728004455566406 0.5038753509521484 0.028446865081787065 0.06863994598388667
24 0.20641484260559084 0.7061034202575683 0.027978038787841802 0.050977897644042924
15 0.3072062253952026 0.4021117687225342 0.03424830436706544 0.06468601226806636
25 0.2648277759552002 0.5907076835632324 0.03007273674011232 0.0512029647827148
26 0.34777078628540037 0.6596701622009278 0.027139949798583973 0.04893207550048828
18 0.16982045173645022 0.5885710716247559 0.02949306964874268 0.059541511535644576
41 0.5687600135803222 0.8157983779907226 0.036199092864990234 0.0299224853515625
54 0.6987794876098633 0.5045791149139405 0.023709106445312544 0.06885499954223634
29 0.28629183769226074 0.8150026082992554 0.04309215545654299 0.1075104236602783
19 0.16670597791671754 0.48426513671875004 0.033184051513671875 0.0666265487670899
41 0.5614660263061524 0.847257423400879 0.03813667297363288 0.03400421142578125
26 0.4202542304992676 0.7066524028778076 0.024035739898681685 0.04558887481689444
17 0.1627546787261963 0.39048614501953127 0.036587738990783686 0.06937532424926757
26 0.2642505407333374 0.6568864822387696 0.02764167785644528 0.05130882263183589
41 0.6596200942993165 0.7809079170227051 0.03821926116943353 0.03193206787109382
59 0.7463774163483687 0.5071075886155593 0.02547798156738279 0.06935739517211909
16 0.46958088874816895 0.41728672981262205 0.02864418029785154 0.05943698883056642
24 0.41400852203369143 0.5950764656066895 0.02739887237548827 0.048592567443847656
41 0.6088224887847901 0.8139677286148072 0.03593015670776367 0.032798719406127885
15 0.2720931529998779 0.3985484123229981 0.03429288864135743 0.06480484008789061
25 0.32554559707641606 0.5919932365417481 0.02856140136718749 0.050203132629394576
15 0.30741722583770753 0.3310347318649292 0.03626384735107424 0.07570996284484866
15 0.2709167003631592 0.3262307643890381 0.03472313880920408 0.07528958320617674
24 0.1749807596206665 0.6573735237121582 0.029689693450927757 0.05368614196777344
25 0.35485916137695317 0.5929185390472411 0.02916569709777833 0.04957666397094729
25 0.29563102722167967 0.5910963058471679 0.03112821578979491 0.050153160095214866
26 0.2919745445251465 0.657189702987671 0.027517414093017556 0.04805889129638674
26 0.428467845916748 0.6598232746124267 0.02694950103759769 0.04661302566528325
19 0.20092451572418213 0.4854084968566894 0.03422913551330564 0.06465129852294921
41 0.5761595726013183 0.7839600563049316 0.03782844543457031 0.03347644805908201
19 0.2688270092010498 0.4880950927734375 0.03285207748413088 0.061881637573242165
41 0.6511045455932618 0.8130820989608765 0.03970680236816404 0.03335461616516122
26 0.3200684547424316 0.657589054107666 0.026842975616455045 0.04649066925048828
24 0.441497802734375 0.5960309028625488 0.026906585693359353 0.04924621582031252
26 0.2357236385345459 0.6798875808715821 0.02830982208251953 0.10047664642333987
61 0.5328258037567138 0.7849307060241699 0.03751325607299805 0.034888267517089844
47 0.7664488792419434 0.4277446746826172 0.02478437423706059 0.06475982666015623
17 0.20021235942840576 0.39114227294921877 0.037903881072998025 0.06531324386596676
28 0.2146042764186859 0.8368121147155761 0.0317665219306946 0.07120780944824223
41 0.6284576416015625 0.7485167503356933 0.03707485198974614 0.03365325927734375
52 0.6450462818145752 0.5025589942932129 0.02733116149902337 0.06918792724609368
24 0.17590277194976806 0.6805891036987305 0.029252052307128906 0.10226516723632817
41 0.6376368522644043 0.7130838871002197 0.038032913208007835 0.03837652206420894
28 0.24737329483032225 0.8359709739685058 0.03185443878173827 0.07217807769775386
46 0.6523038864135742 0.6031675338745117 0.056030654907226585 0.0539342880249023
26 0.2900536060333252 0.7057135581970215 0.025893354415893577 0.04598598480224603
47 0.7920348644256592 0.42827006578445437 0.02953691482543941 0.06428468227386475
1 0.6017968938253183 0.37265691757202146 0.04833221435546875 0.15757827758789061
15 0.23440401554107665 0.32317261695861815 0.035813665390014626 0.07462182044982912
46 0.596869945526123 0.6068351745605469 0.05734882354736337 0.0568764686584472
46 0.7064787864685058 0.5992247104644776 0.05261030197143557 0.05165796279907231
41 0.5944843292236328 0.7141422748565673 0.037449645996093794 0.039292335510253906
24 0.20548219084739686 0.6548835277557373 0.029272377490997314 0.05380535125732422
41 0.6422757148742676 0.8460724830627442 0.03860597610473637 0.03276519775390618
61 0.5400285243988037 0.7513010978698731 0.03843536376953127 0.03447360992431647
28 0.18302753883249617 0.8370840689715218 0.02959634696736055 0.07576510485480814
26 0.31879254431273807 0.7076073855309938 0.026256084442138672 0.04937343597412114
61 0.5259509086608887 0.8178224563598633 0.03806362152099618 0.03390617370605464
41 0.6018141269683839 0.8466233253479003 0.036622142791748025 0.03306446075439451
51 0.6193598747253418 0.5019755363464355 0.025030899047851607 0.06883983612060551
29 0.371177864074707 0.8108859062194824 0.03918333053588868 0.10708122253417973
41 0.6200549125671386 0.7822694778442383 0.03632278442382819 0.03530826568603507
26 0.2640140295028687 0.6770455360412597 0.027492332458496083 0.09300441741943366
15 0.2373589038848877 0.3957273006439209 0.032841777801513705 0.06289157867431644
26 0.374006793748087 0.6596701622009278 0.027139949798583973 0.04893207550048828
26 0.4017459864640117 0.6603091266024765 0.02694950103759769 0.04661302566528325
26 0.39450407502663076 0.7085958108380066 0.024035739898681685 0.04558887481689444
26 0.3697256235340935 0.7085958108380066 0.024035739898681685 0.04558887481689444
26 0.3439754680614567 0.7085958108380066 0.024035739898681685 0.04558887481689444
29 0.3293945929304284 0.8133151661697312 0.03918333053588868 0.10708122253417973
44 0.4785918731231231 0.8356383727477479 0.03167229729729726 0.02082160285285284
44 0.4841638513513515 0.815696555930931 0.03167229729729748 0.02082160285285284
43 0.49398812875375375 0.7872501407657658 0.030205987237237275 0.026686843093093104
61 0.5174463103125404 0.8524273737772807 0.03806362152099618 0.03390617370605464
61 0.5483783152909969 0.7179019343010997 0.03843536376953127 0.03447360992431647
46 0.5423514944026905 0.6098994169093419 0.05239292839645904 0.057922471943397946
11 0.6488440985130112 0.3749346538104089 0.04610536710037172 0.15392657992565056
