15 0.4598876476287842 0.09346157312393188 0.039393997192382846 0.07228865623474122
15 0.4198427200317383 0.0949136734008789 0.03896331787109375 0.07015509605407713
15 0.5015298843383789 0.09195474982261657 0.040848922729492254 0.07175687551498414
23 0.3951988697052002 0.3381413221359253 0.03600311279296875 0.06582760810852051
26 0.5474868297576905 0.33789477348327634 0.03828229904174807 0.06796550750732422
19 0.4799883842468262 0.21547396183013917 0.03827829360961915 0.06893243789672851
54 0.3711441040039063 0.4614219665527344 0.033814239501953114 0.09576797485351562
17 0.29684271812438967 0.09693326950073242 0.04602732658386227 0.07244293689727782
19 0.6383221626281739 0.2123925447463989 0.036586761474609375 0.07273354530334472
14 0.588273000717163 0.08995253443717957 0.041482830047607444 0.07060681581497193
16 0.36371049880981443 0.21832628250122071 0.038327980041503895 0.06735153198242186
19 0.44098892211914065 0.2167332112789154 0.036489295959472645 0.06831990480422973
19 0.403737211227417 0.2171530246734619 0.036458110809326205 0.06766014099121093
19 0.5199549674987793 0.2148063898086548 0.03669471740722663 0.0692049503326416
0 0.40282750129699707 0.6175728797912597 0.05041790008544922 0.15743989944458003
26 0.47150382995605467 0.3381720781326294 0.037015151977539074 0.06657328605651858
5 0.5051425933837891 0.6188318252563476 0.048321533203125044 0.16474208831787107
14 0.5452046871185303 0.09080078601837158 0.04220428466796877 0.07239143848419188
52 0.43843955993652345 0.46400928497314453 0.031146144866943337 0.09461736679077148
23 0.35764412879943847 0.33835315704345703 0.03560981750488279 0.06585226058959959
31 0.5087437933525153 0.9019181335921835 0.03599001285249148 0.11688936452950005
29 0.602956199645996 0.8879993200302123 0.05995616912841795 0.20901570320129392
26 0.5095579624176025 0.338486909866333 0.03692550659179683 0.0673627376556396
19 0.5593299865722656 0.21326684951782227 0.03775300979614249 0.06989665031433107
19 0.598319673538208 0.21243634223937988 0.03608589172363286 0.07051091194152831
16 0.3232943534851074 0.22005012035369875 0.039054107666015636 0.06671009063720704
47 0.5887328624725342 0.33243250846862793 0.03664321899414058 0.08004894256591799
25 0.433471155166626 0.3373471736907959 0.035157299041748025 0.0665886878967285
3 0.3502303123474121 0.6157683372497559 0.05082159042358397 0.15423507690429683
17 0.3791088104248047 0.09586418867111206 0.04097270965576172 0.06954143047332764
13 0.4609344959259033 0.8909432411193847 0.05551118850708009 0.1170427322387696
17 0.3388395309448242 0.09726630449295043 0.03858814239501951 0.06884658336639403
14 0.6302185535430909 0.09296789169311524 0.039810562133789085 0.07714018821716309
2 0.4534900665283203 0.6181407928466797 0.04971847534179685 0.15897006988525386
59 0.508315658569336 0.46328992843627925 0.03466167449951174 0.0967844009399414
5 0.40979663133621214 0.8659757375717163 0.04492394924163817 0.15135006904602055
4 0.3597906351089477 0.8651447534561156 0.04774694442749022 0.1560958385467529
28 0.5508323809679816 0.9000639621173698 0.04507811490227198 0.1421258562200337
52 0.4055761814117432 0.46293840408325193 0.031295394897460915 0.09375076293945311
59 0.5585475444793702 0.4634421348571778 0.033780384063720637 0.09844875335693365
56 0.6277372360229492 0.3319894313812256 0.03753662109375 0.08130235671997071
23 0.3211349010467529 0.34126739501953124 0.03528003692626952 0.07138967514038086
55 0.33525934219360354 0.4620408535003662 0.033541584014892545 0.09460649490356443
51 0.5443307976973685 0.6514100191885965 0.030838815789473673 0.10193941885964908
