23 0.25306565761566163 0.494426155090332 0.02517843246459961 0.05761108398437498
18 0.5367440223693848 0.43278117179870607 0.028172302246093794 0.05997838973999026
18 0.5650225639343261 0.4338215827941895 0.02750873565673828 0.059754753112792935
34 0.38896100521087645 0.5002973556518555 0.02522587776184082 0.05727539062499998
14 0.5422652244567872 0.35053863525390627 0.027645874023437433 0.06386022567749022
52 0.4343445301055908 0.625356912612915 0.022733116149902366 0.06796150207519536
26 0.5332542419433594 0.5075850486755371 0.02532749176025395 0.05468664169311527
4 0.534725570678711 0.6035781860351563 0.037786006927490234 0.1210516929626465
14 0.6291330814361572 0.35507907867431643 0.028818798065185502 0.06467227935791015
18 0.6212026596069335 0.4366874694824219 0.02812690734863288 0.06101303100585942
47 0.29300467967987065 0.6290116310119629 0.02466731071472167 0.05599641799926758
18 0.5931924819946288 0.4349668502807617 0.027120208740234353 0.05942726135253906
23 0.22687082290649413 0.4932081699371338 0.026279115676879877 0.05723457336425786
14 0.5708263397216797 0.3527217864990234 0.02816638946533201 0.06434907913208004
29 0.5685511589050293 0.853929615020752 0.03782367706298828 0.11396160125732424
17 0.17449936866760252 0.3350959300994873 0.03070297241210937 0.06488599777221682
34 0.4143739223480225 0.5010200023651123 0.02425699234008788 0.05520477294921877
15 0.26268403530120854 0.337399673461914 0.02857656478881837 0.06374483108520507
29 0.5306023597717285 0.8511473655700683 0.03601360321044922 0.11369190216064451
15 0.2347801685333252 0.33630895614624023 0.027729225158691417 0.06464123725891113
15 0.29139060974121095 0.3385227918624878 0.02850284576416018 0.0629082679748535
19 0.32515702247619627 0.4235640525817871 0.027130317687988292 0.060508632659912076
14 0.5997983932495117 0.35420989990234375 0.028299331665039062 0.0645351886749268
19 0.2978673934936523 0.422128963470459 0.02603464126586913 0.05958223342895508
54 0.274308967590332 0.7277926445007323 0.02227725982666018 0.06238403320312502
26 0.5592103004455566 0.5085863590240478 0.0256389617919921 0.054681301116943304
19 0.18868746757507326 0.4175110816955566 0.027026033401489263 0.060256195068359386
19 0.379975962638855 0.4267904281616211 0.027147722244262706 0.061489105224609375
16 0.7765335083007813 0.36106069087982173 0.02902431488037105 0.0664677143096924
19 0.2706705093383789 0.420899498462677 0.026578807830810514 0.059056639671325684
52 0.22939686775207518 0.7277496337890625 0.02234735488891601 0.06361808776855471
54 0.31839795112609864 0.7283086776733398 0.02119479179382322 0.0627834320068359
19 0.216447114944458 0.4182404041290283 0.026951122283935536 0.058589553833007846
19 0.352428674697876 0.42506909370422363 0.0260467529296875 0.06091327667236324
26 0.5857693672180175 0.5100432395935058 0.026516151428222723 0.054642486572265614
59 0.36201632022857666 0.7307594776153564 0.02133722305297847 0.06132583618164067
26 0.7180242538452148 0.5160091876983642 0.026239204406738326 0.05588312149047847
55 0.3400396823883057 0.7299154281616211 0.020491027832031272 0.06139526367187498
59 0.40527523756027223 0.7309770584106445 0.020898842811584495 0.061540985107421786
15 0.37882084846496583 0.3417969226837158 0.029069042205810525 0.0649090766906738
52 0.25171172618865967 0.727827787399292 0.02144598960876465 0.06272611618042001
4 0.5046238422393798 0.6032956123352051 0.02196559906005857 0.11736612319946282
16 0.6894525527954102 0.35820419788360597 0.028100967407226562 0.06519427299499514
59 0.384135365486145 0.7312100410461426 0.020640420913696333 0.06045951843261721
26 0.7448979377746582 0.5158980369567872 0.02720928192138672 0.05488433837890627
59 0.4273998737335205 0.7304920196533203 0.022105026245117232 0.06265373229980464
19 0.2437968969345093 0.41997237205505367 0.026427221298217757 0.058560562133789074
16 0.6595101356506348 0.35725624561309816 0.030840015411377042 0.06484332084655764
29 0.6937396049499511 0.8610975265502929 0.0404172897338867 0.10940589904785158
26 0.6911404132843018 0.5151524066925048 0.02636852264404288 0.05537033081054682
26 0.612569522857666 0.5110809326171875 0.02550163269042971 0.054571628570556585
28 0.26241440773010255 0.8637008666992188 0.026396656036376975 0.0701862335205079
15 0.4074411511421203 0.34299793243408205 0.02788083553314208 0.06500606536865233
19 0.40749793052673344 0.4281058788299561 0.02648324966430665 0.06185312271118165
54 0.29646844863891597 0.7274590969085694 0.021448326110839855 0.063013744354248
29 0.6085773468017579 0.8578754425048828 0.03932800292968752 0.1110794067382812
15 0.3488426208496094 0.34061660766601565 0.029683017730712913 0.06371760368347168
34 0.43779935836791994 0.5008687019348145 0.020545864105224576 0.054066848754882824
16 0.7189322471618652 0.3588315725326538 0.028576660156250044 0.06532273292541502
15 0.20561497211456298 0.3351731300354004 0.030252742767334 0.065516185760498
15 0.3196865558624268 0.3395812511444092 0.028159523010253873 0.06334781646728516
18 0.5120144367218018 0.4323216438293457 0.021499252319335915 0.059566116333007846
16 0.7476999282836914 0.36036615371704106 0.02775306701660163 0.0659478187561035
23 0.7652908802032471 0.4420118808746338 0.02930736541748047 0.055604839324951194
26 0.6384380817413331 0.5123706817626953 0.025709533691406272 0.055614089965820346
28 0.34837718009948726 0.8665130615234375 0.029815244674682606 0.07065582275390625
14 0.43519296646118166 0.34490089416503905 0.02631263732910155 0.06450376510620115
9 0.5296628952026368 0.721333122253418 0.032464218139648504 0.08693695068359375
25 0.3065223217010498 0.4968576431274414 0.026473855972290017 0.05697402954101566
28 0.29042072296142574 0.8651018142700195 0.026917171478271495 0.06892738342285165
29 0.6507120132446289 0.8594720840454102 0.043276405334472745 0.10931320190429694
26 0.6644574165344238 0.5137714862823486 0.026582527160644576 0.05596046447753905
28 0.31898596286773684 0.8664352416992187 0.028364801406860318 0.06943149566650397
25 0.3336798667907715 0.4980404853820801 0.02720155715942385 0.057973098754882824
23 0.7353655815124511 0.44100489616394045 0.02776622772216797 0.05631618499755858
28 0.23491263389587402 0.8640589714050293 0.02553691864013674 0.068990135192871
28 0.405495736473485 0.8685186059851395 0.027685551894338523 0.06968523828606865
25 0.27952001094818113 0.49599499702453614 0.025473451614379916 0.05723915100097654
5 0.5729247093200683 0.605962085723877 0.034698486328125 0.12031154632568353
31 0.4314007675438596 0.8759322952805904 0.02192982456140352 0.058470950210303574
18 0.4348755836486816 0.42880902290344236 0.02680091857910155 0.06074848175048825
23 0.19983887672424316 0.4926698684692383 0.026841449737548817 0.05717296600341798
51 0.3643490791320801 0.6254869461059571 0.022287750244140647 0.06525192260742185
28 0.3780337333679199 0.8673866271972657 0.02826032638549808 0.07003860473632806
23 0.7069545745849609 0.43991937637329104 0.02754974365234375 0.05878734588623047
51 0.38756268024444585 0.6247767925262451 0.021942567825317394 0.06742362976074212
23 0.6778676033020019 0.43915905952453616 0.02815303802490232 0.059906673431396495
51 0.41109175682067867 0.6256776809692384 0.02261657714843751 0.06858787536621092
55 0.41086540222167967 0.6256517410278319 0.022739601135253917 0.06958999633789065
24 0.361513900756836 0.49916439056396483 0.027138996124267567 0.05839519500732415
18 0.6492949962615967 0.43820667266845703 0.02758502960205078 0.060731697082519576
11 0.672549915913516 0.7305138354031544 0.03525743484497068 0.09517421722412112
3 0.5633903026580811 0.7242367744445801 0.033589649200439387 0.08997154235839844
47 0.26692953109741213 0.62916259765625 0.023771858215332065 0.0545427322387696
1 0.7259544660460273 0.618275740761427 0.03364753723144531 0.12265701293945308
14 0.5162705495323934 0.35083430082025663 0.022421488963382363 0.06651471702145861
34 0.5091463903313902 0.5039901345832163 0.02054586410522463 0.054066848754882824
1 0.6848037191906814 0.6145905992519931 0.03364753723144531 0.12265701293945308
1 0.647774730538422 0.6131167855652623 0.03645944535357393 0.12191949880348063
1 0.6084665544377932 0.6100458343074007 0.03645944535357393 0.12191949880348063
11 0.7106297115110001 0.7323564061578716 0.03525743484497068 0.09517421722412112
11 0.6363126910707486 0.7292854549000098 0.03525743484497068 0.09517421722412112
11 0.5994612759764091 0.7274428841452929 0.03525743484497068 0.09517421722412112
9 0.5008560180664061 0.7197302794306533 0.022757303489829073 0.09601507006951104
