0 0.37813858985900883 0.24524476528167724 0.09099798202514647 0.31508593559265136
14 0.5827857494354247 0.4691683769226074 0.05088367462158205 0.08417587280273436
15 0.48011307716369633 0.47067637443542476 0.05023832321166993 0.08270549774169916
0 0.28160676956176756 0.24406242966651917 0.09970240592956542 0.31778935194015506
15 0.4280144214630127 0.4726705551147461 0.05123920440673829 0.07981758117675786
16 0.7435167312622071 0.4673800468444824 0.05414352416992185 0.08865604400634769
14 0.5315995216369629 0.4702233791351318 0.048792457580566495 0.08188056945800776
16 0.6832711219787597 0.5701718330383301 0.04765949249267576 0.06898002624511723
16 0.4906018257141114 0.57058687210083 0.044672966003418024 0.06738033294677737
16 0.3810518980026245 0.6887802600860595 0.03760519027709963 0.04936838150024414
17 0.37573318481445317 0.4752265930175781 0.049567508697509755 0.0773391723632812
16 0.732518482208252 0.5728317260742188 0.04722290039062493 0.0676856994628906
16 0.5375012874603271 0.5711954593658447 0.04737462997436526 0.06568622589111328
2 0.5653265476226806 0.24199271202087402 0.0916752815246582 0.3150411128997803
16 0.634406566619873 0.5690645217895507 0.046625709533691495 0.07039699554443357
16 0.6893960952758789 0.46694107055664064 0.051615428924560613 0.08639163970947272
16 0.3534184455871582 0.5714504718780518 0.0437790870666504 0.06713895797729497
25 0.5754921913146973 0.689530897140503 0.03979949951171868 0.04580478668212884
16 0.6361453056335449 0.4676352024078369 0.05176267623901365 0.08421888351440432
16 0.5857098579406739 0.569440221786499 0.04655790328979492 0.06884784698486324
25 0.6562540054321289 0.6868957519531249 0.039980506896972634 0.04829940795898435
17 0.32569355964660646 0.4779322624206543 0.05017170906066892 0.07882127761840818
25 0.47174482345581054 0.7680340766906738 0.03492450714111328 0.03498582839965825
26 0.6870036602020264 0.7613288402557372 0.035899448394775324 0.04070434570312498
16 0.44454450607299806 0.570720100402832 0.04608440399169922 0.06634092330932617
16 0.4193070411682129 0.687649917602539 0.038586997985839866 0.047509193420410156
25 0.6159060001373291 0.6880297660827637 0.03945341110229483 0.04728431701660152
16 0.39794483184814455 0.5707932949066161 0.044959259033203136 0.06708154678344724
25 0.6502681255340577 0.7619415283203126 0.035975170135498113 0.0396238327026367
29 0.42920889854431155 0.8534823417663574 0.053448009490966786 0.11641006469726567
25 0.6978178024291992 0.6864813804626464 0.03872890472412105 0.04903182983398435
25 0.577033281326294 0.7648236274719238 0.0352320671081543 0.0369415283203125
25 0.5417223930358888 0.7659565925598144 0.03462657928466795 0.036423873901367254
25 0.5353611946105956 0.6891514778137207 0.03862466812133791 0.04704093933105469
25 0.5066885471343994 0.7674971580505372 0.03496704101562498 0.03459510803222654
28 0.6708014011383057 0.8812002182006835 0.038965702056884766 0.0775016784667969
25 0.43568944931030273 0.768880271911621 0.03449535369873047 0.03389396667480471
19 0.458480167388916 0.6883061408996582 0.0388359069824219 0.04712944030761712
25 0.4017706394195557 0.7699066162109375 0.03206510543823243 0.035877990722656294
25 0.6135241508483886 0.7636889457702636 0.03622245788574219 0.03741874694824221
28 0.6312381744384765 0.8812321662902832 0.03691730499267576 0.07913799285888667
29 0.5384077072143555 0.8547213554382325 0.05373497009277339 0.11956081390380857
25 0.49686417579650877 0.6888327121734619 0.03624973297119144 0.04649562835693366
5 0.6648135185241699 0.24272561073303223 0.09637336730957036 0.3030250072479248
29 0.48331618309020996 0.8529894828796387 0.05284900665283199 0.1192090988159179
2 0.4714627265930176 0.24455773830413818 0.08817043304443356 0.3120420932769775
28 0.5916793823242188 0.8784988403320313 0.0407737731933594 0.0803255081176758
5 0.7659056386639995 0.23793188333511353 0.10653405958606366 0.30538623332977294
