14 0.4953321933746338 0.45907983779907224 0.0363737106323242 0.06541805267333983
26 0.40211077928543093 0.7229197502136231 0.03486669063568115 0.0651309967041015
56 0.44204092025756836 0.18043863773345947 0.03439865112304685 0.0699592590332031
56 0.4032186985015869 0.18023853302001952 0.03754129409790041 0.07193217277526856
14 0.4585394859313965 0.4587841987609863 0.03427314758300781 0.0656881332397461
26 0.5103851318359375 0.7276429176330567 0.03626270294189449 0.0631723403930664
14 0.5335249900817871 0.45939621925354 0.03711681365966801 0.06553354263305661
26 0.5848383903503418 0.7300681114196776 0.03557586669921875 0.06482753753662107
26 0.3659982442855835 0.7218982219696044 0.03544449806213379 0.06528701782226565
26 0.5477724552154541 0.7288946628570556 0.03651351928710944 0.0645770072937012
54 0.5950131416320801 0.3141836881637573 0.03377170562744136 0.11180882453918456
34 0.2883906364440918 0.7191239356994629 0.03781738281250002 0.06647109985351562
26 0.43815460205078127 0.723912525177002 0.03480720520019531 0.06505966186523438
26 0.32912864685058596 0.7207903861999512 0.0363300323486328 0.06528873443603511
54 0.4903667449951172 0.3169649600982666 0.03386554718017576 0.11168413162231444
17 0.3868401765823364 0.4580430030822754 0.03435988426208497 0.0649240493774414
14 0.5726364135742188 0.4597043514251709 0.036957740783691406 0.06725311279296875
26 0.4738700866699219 0.7260150909423828 0.03427581787109374 0.06333160400390625
19 0.3245651245117187 0.5809722900390625 0.031446266174316395 0.0645599365234375
54 0.5597737789154054 0.3138822078704834 0.033999061584472634 0.11275911331176758
56 0.4786259651184082 0.17984411716461182 0.035425758361816384 0.06962661743164061
16 0.4222882270812989 0.45823602676391606 0.03477840423583983 0.06512813568115233
17 0.3523788690567017 0.45729856491088866 0.03293275833129883 0.06518115997314455
59 0.5533255100250245 0.169496488571167 0.03261337280273435 0.09191966056823732
14 0.6119422912597656 0.46060771942138673 0.039060211181640714 0.07147254943847658
26 0.6205959320068359 0.7309453010559082 0.03288345336914067 0.06239128112792969
59 0.5906030654907226 0.16714348793029785 0.03468589782714837 0.09211139678955077
47 0.32814702987670896 0.183970844745636 0.033301877975463856 0.06940157413482667
47 0.36390089988708496 0.1820172905921936 0.03468027114868166 0.07092654705047607
25 0.3589268684387207 0.5829999923706055 0.03493022918701172 0.0630516052246094
25 0.3962382793426514 0.5832962036132813 0.035873794555664085 0.06456975936889653
19 0.29124016761779786 0.5780205726623535 0.033684730529785156 0.06958446502685556
56 0.5174621105194093 0.17930060625076294 0.03597631454467776 0.06965324878692625
51 0.35726242065429686 0.31689062118530276 0.033644580841064475 0.1077739715576172
54 0.525477409362793 0.3151581287384033 0.032824134826660245 0.1121414184570313
17 0.280204176902771 0.4567095279693604 0.035609102249145486 0.06312389373779298
47 0.29227180480957027 0.18352360725402833 0.03376264572143556 0.07005257606506346
17 0.31676185131073 0.456962776184082 0.035809898376464866 0.06460838317871093
51 0.32204771041870117 0.31739377975463867 0.03471078872680666 0.10996465682983403
52 0.45691661834716796 0.31703977584838866 0.03159523010253906 0.10760202407836916
51 0.42506809234619136 0.3174416542053223 0.030904579162597645 0.10330667495727541
51 0.3918498992919922 0.3163225173950195 0.03283329010009767 0.10367136001586913
56 0.32872471809387205 0.18363656997680664 0.03374166488647462 0.07025909423828125
