24 0.5467982292175293 0.40050721168518066 0.031001853942871138 0.05875692367553709
23 0.4830678939819336 0.39920635223388673 0.030684661865234386 0.05658731460571287
51 0.4387646675109863 0.533875846862793 0.028092956542968783 0.08353881835937504
14 0.48344817161560055 0.22734391689300537 0.03444299697875974 0.058858728408813454
14 0.4485987663269043 0.2263396978378296 0.03300018310546876 0.05939402580261233
15 0.4151166439056396 0.22506537437438964 0.032485866546630826 0.05852813720703126
18 0.451111888885498 0.3986001968383789 0.031014060974121127 0.05546483993530277
18 0.4191118240356445 0.39818477630615234 0.03232822418212894 0.055550575256347656
54 0.5282963752746582 0.5357807159423829 0.029032897949218706 0.08348541259765618
17 0.31057114601135255 0.22050306797027588 0.035193347930908225 0.05903134346008304
24 0.578145694732666 0.4006383061408997 0.02870883941650393 0.05881021022796634
52 0.46821937561035154 0.5351487636566162 0.02781963348388672 0.08246345520019532
16 0.5183564186096192 0.22773094177246095 0.03301944732666018 0.05866351127624514
18 0.38566298484802247 0.39691705703735347 0.032806396484375 0.05620832443237306
34 0.3476102828979492 0.5458498001098633 0.030930519104003906 0.05876770019531241
33 0.28199028968811035 0.5454016685485841 0.03044261932373049 0.05725870132446287
25 0.5148783683776855 0.40004754066467285 0.03064441680908203 0.05693664550781252
26 0.41206679344177244 0.6966519355773926 0.02821035385131837 0.054542160034179776
26 0.4712685585021973 0.6955235481262207 0.029746532440185547 0.05521106719970703
18 0.35240840911865234 0.3955047130584717 0.032551574707031294 0.056867694854736306
15 0.38120081424713137 0.22309601306915283 0.03377985954284668 0.0597586154937744
16 0.584408664703369 0.22966103553771974 0.03234710693359377 0.0581066131591797
19 0.2855116367340088 0.3930525779724121 0.0304553985595703 0.05870189666748049
15 0.34588184356689455 0.2215429365634918 0.03485403060913089 0.06024883985519408
17 0.2746977090835571 0.2193455696105957 0.036892271041870095 0.05855202674865723
56 0.28243703842163087 0.6910649299621582 0.03238534927368164 0.06815891265869145
16 0.5517894744873046 0.22907848954200746 0.03210182189941413 0.05842961072921754
19 0.3177863597869873 0.3941889047622681 0.03274822235107422 0.057962274551391635
29 0.2946066379547119 0.8330493688583374 0.04903364181518555 0.17138943672180174
29 0.3458961725234986 0.8343749046325684 0.05238766670227052 0.1736940383911132
54 0.49832892417907715 0.5350728034973145 0.028687000274658203 0.08231124877929691
26 0.44105691909790035 0.6968645095825194 0.02979583740234376 0.05304012298583982
47 0.38319749832153316 0.6927889347076417 0.028256368637084972 0.06319799423217776
28 0.38852291107177733 0.8568873405456543 0.03409910202026367 0.12269477844238286
34 0.37887566089630126 0.5450977325439452 0.030261659622192405 0.06032905578613279
31 0.45909823653972254 0.865504318000996 0.030711159663917686 0.10887782847986827
55 0.5581268310546875 0.5362575054168701 0.028100204467773393 0.0824161529541016
28 0.4248100757598877 0.859062933921814 0.03638935089111328 0.12248044013977055
33 0.3145087718963623 0.5455421447753905 0.03221855163574222 0.0580171585083008
56 0.3193604285738109 0.6916789232102114 0.033638103029369204 0.06333739694240881
47 0.35381420186135626 0.6936531493094116 0.028256368637084972 0.06319799423217776
31 0.493234713309634 0.8663685326027659 0.030711159663917575 0.10887782847986827
31 0.5260748681768908 0.8672393528761062 0.030711159663917686 0.10802682522123874
31 0.5545939500352978 0.8676714601769911 0.028118515858607918 0.10975525442477863
