0 0.5579232215881347 0.7673274040222168 0.05432758331298826 0.20777606964111328
0 0.4482062339782715 0.7621277809143067 0.05162057876586912 0.21190090179443355
2 0.39161975383758546 0.769746971130371 0.05575823783874512 0.20863304138183592
14 0.3688385963439942 0.4522244453430176 0.03887720108032228 0.06232643127441406
0 0.5024197578430176 0.7615302562713624 0.05337219238281243 0.21173486709594724
16 0.33082895278930663 0.4520069122314453 0.035300254821777344 0.06199798583984378
0 0.6135956764221191 0.7726299285888671 0.054152297973632746 0.2083665847778321
25 0.4099215984344482 0.4519975662231445 0.03826599121093749 0.0633267402648926
25 0.6326228141784669 0.4535396575927735 0.03399314880371096 0.06385784149169921
25 0.4851259231567383 0.4524407863616943 0.03597011566162106 0.06446828842163088
25 0.4478753566741943 0.45209579467773436 0.03581390380859378 0.06441917419433596
25 0.5218997478485108 0.4525147914886475 0.03621969223022459 0.06380081176757812
25 0.5593102455139161 0.45278224945068357 0.03631668090820306 0.06351928710937499
25 0.5965903282165528 0.4529376983642578 0.035330009460449285 0.0633274078369141
2 0.3324174404144287 0.7787722587585449 0.0614906311035156 0.20706100463867183
