59 0.5396443843841553 0.4816012382507324 0.04776544570922847 0.16462230682373047
59 0.539116382598877 0.7491568565368653 0.04971237182617183 0.1813793182373047
59 0.4900058269500732 0.48194199800491333 0.050746154785156206 0.16503465175628662
59 0.48764376640319823 0.7495572566986084 0.05071458816528318 0.18138151168823247
59 0.43572645187377934 0.7495579242706298 0.04991550445556642 0.1820294380187989
59 0.43992300033569337 0.48294510841369626 0.04888477325439455 0.1641818046569824
59 0.5884918212890625 0.4809852600097656 0.04921360015869136 0.16575536727905277
59 0.5903823852539063 0.7480289459228515 0.05031108856201172 0.1823078155517578
59 0.38951358795166013 0.4840032577514648 0.05118398666381835 0.16386699676513666
59 0.3831197738647461 0.751384687423706 0.05248651504516599 0.18016119003295905
59 0.5367798805236816 0.22700512409210205 0.048612213134765714 0.158748197555542
59 0.5856728553771973 0.2245415210723877 0.048096656799316406 0.1587646484375
59 0.48703022003173824 0.22684511542320251 0.04917888641357421 0.15826512575149534
59 0.4371400356292725 0.22815444469451904 0.04920072555541993 0.15814819335937497
59 0.3848241874149868 0.23512989112309046 0.04920072555541993 0.15814819335937494
