16 0.6063158988952637 0.2909987926483154 0.04941864013671882 0.09156827926635741
16 0.5125336647033691 0.12817214727401732 0.05614805221557617 0.10356566905975342
16 0.406782865524292 0.29754815101623533 0.04770994186401367 0.0949418067932129
16 0.4557356834411621 0.2965660333633423 0.0487791061401367 0.09394497871398927
16 0.5683642387390136 0.12605561017990113 0.053314208984375 0.10338170528411864
16 0.5049878120422364 0.294782829284668 0.048125171661376975 0.09387054443359377
16 0.5548343181610107 0.2924569129943848 0.048286056518554665 0.09387488365173341
16 0.33988251686096194 0.13158357441425322 0.05773468017578126 0.10848559737205507
16 0.6797249794006348 0.11990635395050049 0.05158977508544915 0.10788350105285646
16 0.3575305461883545 0.2998107194900513 0.049100399017333984 0.0932016372680664
16 0.624180793762207 0.12250899076461792 0.054058837890625044 0.10618298053741457
16 0.4546024322509765 0.1289103388786316 0.05486755371093749 0.10598092079162598
25 0.5287593841552735 0.5555413722991943 0.03957080841064453 0.06386661529541016
29 0.6480596542358399 0.8583188056945801 0.051239013671875 0.1556266784667968
25 0.5459762573242187 0.4266934394836426 0.04230690002441406 0.07959594726562502
29 0.5945810317993164 0.8657273292541503 0.05270309448242183 0.15391292572021487
16 0.657502031326294 0.28865704536437986 0.049233531951904275 0.0908403396606445
16 0.2792439222335815 0.14971196949481963 0.0618174076080322 0.13728803992271424
16 0.30347506999969487 0.30731730461120604 0.05319542884826661 0.10033645629882815
25 0.601407814025879 0.6433784484863281 0.03464374542236326 0.06294136047363275
25 0.4089003086090088 0.5605105400085449 0.039165496826171875 0.06506080627441402
25 0.6086005210876465 0.5522708415985107 0.03849773406982426 0.06373405456542969
16 0.3976076602935791 0.1302772730588913 0.05565891265869144 0.10738754868507386
25 0.5309595584869384 0.6465905189514161 0.03428850173950193 0.0621615409851074
25 0.5022259712219239 0.42810964584350586 0.04134025573730471 0.07876005172729494
25 0.36897361278533936 0.5620308876037597 0.040282487869262695 0.06511611938476558
25 0.4484928131103516 0.5588868141174317 0.03843383789062499 0.06535882949829108
25 0.4883420944213867 0.5568588256835938 0.03827466964721682 0.06511287689208978
25 0.589985466003418 0.42429180145263673 0.04229240417480473 0.07859125137329104
25 0.4587090492248535 0.4316867828369141 0.042784690856933594 0.07631778717041016
25 0.4152813792228699 0.433806312084198 0.041913628578186035 0.07573797702789309
25 0.4218693733215332 0.6505319595336914 0.035218238830566406 0.062499046325683594
25 0.49482202529907227 0.6483914375305175 0.035352897644042924 0.06305694580078125
25 0.568664264678955 0.5538478851318359 0.03844852447509772 0.06378097534179683
25 0.45848584175109863 0.6489687442779541 0.03579635620117183 0.06303863525390618
25 0.6346002578735352 0.4223611831665039 0.043289566040039085 0.0776242256164551
31 0.5506174329851494 0.9045210040983607 0.03413910943953713 0.08260758196721307
28 0.3924710273742676 0.9134534835815429 0.03946256637573242 0.09757652282714846
25 0.37245564460754393 0.4353775501251221 0.04168758392333982 0.07549905776977539
16 0.7348371505737304 0.11864497661590576 0.053221702575683594 0.10823445320129393
28 0.5134450451272432 0.8982643627729572 0.038043311384857614 0.10147237308689805
25 0.3279797554016113 0.43806390762329106 0.04558129310607911 0.07768707275390624
25 0.3847566366195679 0.6528806686401367 0.037463045120239236 0.06294460296630855
16 0.7076830863952637 0.28511848449707033 0.04390220642089848 0.09192543029785155
25 0.6481400966644287 0.5508474349975586 0.039280605316162065 0.06441402435302734
25 0.6885858535766601 0.5490218162536621 0.03904228210449223 0.0650274276733398
28 0.47464551534809046 0.906176088677078 0.03740578479454171 0.10384807899350035
25 0.5659377098083496 0.6451305389404297 0.03430719375610358 0.0630636215209961
28 0.43451957702636723 0.9119298934936524 0.04082508087158204 0.09813652038574217
25 0.6792485237121582 0.42013821601867674 0.043320655822753906 0.077620792388916
24 0.6379050254821776 0.6414206504821778 0.03568420410156248 0.06422786712646478
47 0.6717668685121108 0.6374689121972319 0.027708693771626325 0.06994755622837368
