18 0.6673121452331543 0.3926900148391723 0.04311952590942392 0.09511094093322753
18 0.5790890693664551 0.3968357086181641 0.04380111694335942 0.09554529190063477
19 0.4015143871307373 0.41346893310546873 0.048710250854492154 0.10358953475952148
18 0.6229206562042237 0.39229273796081543 0.04112100601196289 0.09502735137939455
16 0.4534515380859375 0.5391205787658692 0.041716194152832065 0.08876228332519531
15 0.3165578842163086 0.5615265846252442 0.04610376358032231 0.08417434692382819
16 0.6164586544036865 0.5140547752380371 0.03663301467895508 0.08009586334228519
15 0.4090397357940674 0.5458166122436523 0.042375469207763694 0.08710575103759766
19 0.29769411087036135 0.42183464765548706 0.05231952667236328 0.10709803104400639
15 0.2697887659072876 0.5657271862030029 0.04490079879760739 0.08777837753295892
19 0.35102343559265137 0.4175830364227295 0.050044250488281206 0.10505971908569334
16 0.5770153045654297 0.5208672523498535 0.037384986877441406 0.0822099685668945
25 0.4554633617401123 0.6430756568908691 0.03726634979248045 0.081787109375
16 0.5369465827941895 0.5266273498535157 0.03951454162597656 0.08507347106933599
16 0.6562347412109375 0.5109904289245606 0.037735366821288974 0.07992382049560548
16 0.4958312511444092 0.5343197345733642 0.03972406387329097 0.08917245864868167
15 0.3636100769042969 0.5555073261260985 0.045590829849243175 0.08260974884033201
59 0.2277017116546631 0.23716712594032288 0.05623931884765626 0.16866530179977418
51 0.43580107688903813 0.23191470503807068 0.04677982330322267 0.15044509172439574
56 0.5863730430603027 0.2346111059188843 0.046117973327636785 0.1193594455718994
16 0.24605708122253417 0.4286962985992432 0.048302936553955095 0.11406221389770504
54 0.33618688583374023 0.2333308458328247 0.05372762680053711 0.15633602142333983
17 0.4480213642120361 0.40626031160354614 0.04236574172973634 0.10283219814300537
47 0.6355729103088379 0.23437199592590333 0.042494773864746094 0.11821599006652833
17 0.49159259796142574 0.40131487846374514 0.04406356811523432 0.09917879104614258
25 0.49388794898986815 0.6361340522766112 0.03772964477539065 0.0805229187011719
14 0.5354579448699952 0.39914498329162595 0.04066095352172849 0.09911031723022462
25 0.5328569412231445 0.6305516242980957 0.03701009750366202 0.07887840270996094
25 0.6065662384033204 0.6172477722167968 0.03437499999999993 0.07980976104736326
25 0.6429018020629882 0.6123088836669921 0.034560775756835915 0.07967605590820315
25 0.5701793670654296 0.6250055313110352 0.03432407379150393 0.07794570922851562
55 0.2823033809661865 0.2341606378555298 0.050208663940429665 0.1628565311431885
33 0.2934945106506348 0.6693508625030518 0.04165620803833009 0.08501033782958989
33 0.3354833602905274 0.6649443626403808 0.040586042404174794 0.08433055877685547
47 0.6765570163726806 0.23483863472938538 0.03838224411010749 0.11773699522018433
33 0.37717618942260744 0.6569808006286622 0.03988528251647949 0.0851523399353028
33 0.4174513090370048 0.6531725343475994 0.037793910809052256 0.08922117062104062
3 0.6088908920940171 0.9433844150641026 0.04423744658119655 0.09807358440170943
52 0.3870849609375 0.22664969308035715 0.0453404017857143 0.15869140624999997
