47 0.694081687927246 0.282305908203125 0.02642259597778318 0.06457080841064455
47 0.6665376663208008 0.2819870710372925 0.025814247131347612 0.06398415565490723
34 0.2370584964752197 0.4577932357788086 0.022622919082641607 0.057649421691894576
17 0.28542747497558596 0.2907799959182739 0.024606323242187533 0.05210819244384768
18 0.5784761428833007 0.38060412406921384 0.028095054626464777 0.059388542175292935
56 0.6089686870574951 0.28276658058166504 0.026948833465576194 0.06538286209106448
51 0.3300209045410156 0.4509803771972656 0.021003341674804665 0.07546739578247069
4 0.6146711826324462 0.8763629913330078 0.03986310958862305 0.12391796112060549
47 0.7223275184631348 0.28305840492248535 0.02705936431884759 0.06553568840026858
56 0.637866735458374 0.28280348777770997 0.0274921417236329 0.06605191230773924
17 0.31066188812255857 0.2904433012008667 0.02484312057495114 0.0517298221588135
24 0.6891758441925049 0.3779444217681885 0.02728681564331059 0.04881582260131834
33 0.2606490135192871 0.45838327407836915 0.023382186889648438 0.0585350036621094
41 0.6888872146606445 0.7362919807434083 0.045141410827636674 0.04638614654541018
25 0.6340220451354981 0.37727057933807373 0.024472904205322332 0.049166727066040083
15 0.3357686996459961 0.29049189090728755 0.024465179443359353 0.05320544242858888
17 0.26147401332855225 0.29018583297729494 0.022797584533691406 0.05189809799194339
19 0.437537956237793 0.3680232524871826 0.024366188049316395 0.05565805435180665
52 0.30772199630737307 0.45061550140380857 0.02134933471679684 0.0749197006225586
56 0.5542557716369629 0.2799077987670898 0.02592678070068366 0.0637742519378662
16 0.3622522830963135 0.3708315849304199 0.0232837677001953 0.060147476196289074
41 0.5897441864013672 0.6782203674316406 0.04161853790283199 0.05507440567016597
56 0.7522418022155761 0.28433232307434086 0.030137252807617254 0.06761951446533204
24 0.6610174655914307 0.3774574279785156 0.026550769805908203 0.047449588775634766
56 0.5816460609436035 0.2812157154083252 0.02576379776000981 0.06550893783569334
16 0.3375582695007324 0.3723110675811767 0.02489447593688965 0.06242771148681642
15 0.3865113019943237 0.2903634309768677 0.02514567375183102 0.05408363342285161
16 0.2876503705978394 0.3723243474960327 0.024040126800537076 0.06315712928771977
26 0.23360819816589357 0.5693469047546387 0.02065753936767578 0.05669345855712882
16 0.3122528076171875 0.37298858165740967 0.02386817932128904 0.06335091590881348
54 0.37796993255615235 0.4522847175598145 0.023668289184570312 0.07714042663574222
41 0.7384933948516845 0.7388111114501954 0.04696178436279297 0.04824199676513674
26 0.2561769723892212 0.5720829486846923 0.02295589447021487 0.05890979766845705
41 0.6381022453308105 0.68031005859375 0.04326477050781252 0.05426654815673826
24 0.7181498050689697 0.37865424156188965 0.028990745544433594 0.04945106506347652
52 0.2846070766448975 0.45027589797973633 0.02194356918334961 0.07402439117431636
41 0.6898465156555176 0.6843958854675293 0.04323730468750009 0.05444126129150395
26 0.2802437305450439 0.5721282958984375 0.02337331771850587 0.057185363769531206
16 0.26282482147216796 0.3711239814758301 0.02423682212829592 0.061127662658691406
41 0.5873920440673828 0.7307658195495605 0.04395771026611328 0.04710521697998038
15 0.3609931230545044 0.2906583547592163 0.024604034423828136 0.05413103103637695
16 0.23798065185546874 0.36756970882415774 0.023495006561279314 0.05514020919799806
14 0.4127693176269531 0.2902364253997803 0.025419616699218772 0.05433621406555178
41 0.7417248249053955 0.6870879173278809 0.047165870666503906 0.055243492126464844
19 0.4122505187988281 0.369189715385437 0.02398891448974605 0.05920863151550293
54 0.3533656358718872 0.4519033908843994 0.023289537429809604 0.07701969146728516
41 0.6376971244812011 0.733630084991455 0.04705867767333982 0.04694309234619143
24 0.747523021697998 0.3799023151397705 0.027846908569335915 0.049997806549072266
14 0.43936090469360356 0.2894261360168457 0.026667404174804676 0.05373086929321291
17 0.23737492561340334 0.2906099796295166 0.023704910278320307 0.05248289108276366
59 0.4449028968811035 0.567506980895996 0.022970962524414107 0.07539730072021478
19 0.3867537260055542 0.37012648582458496 0.02417645454406736 0.06074886322021489
4 0.5756701469421387 0.873677635192871 0.03790264129638676 0.12467346191406248
4 0.6976507186889649 0.8854219436645507 0.03985137939453132 0.12812957763671873
19 0.456888484954834 0.367446756362915 0.014066123962402366 0.05509099960327152
4 0.537357759475708 0.8709434509277344 0.03877124786376951 0.12175750732421875
59 0.32775938510894775 0.5630510330200196 0.021900320053100608 0.07475643157958978
59 0.3507611513137817 0.5648788928985595 0.02158837318420409 0.07783079147338867
44 0.5426199913024903 0.6960307121276856 0.03638324737548826 0.04035243988037107
24 0.7746916294097901 0.3861845016479492 0.02663068771362298 0.05995931625366213
59 0.37388291358947756 0.5644896507263184 0.022312355041503917 0.0758079528808594
56 0.7839778900146485 0.2847930431365967 0.029445838928222612 0.0685556411743164
59 0.4211861610412598 0.566354513168335 0.023426055908203125 0.07628097534179679
18 0.6068934917449951 0.38014209270477295 0.027694988250732355 0.05718541145324707
2 0.31147069931030275 0.848749828338623 0.034369802474975564 0.11693210601806647
44 0.5413215160369873 0.7323813915252686 0.03828411102294926 0.03165102005004883
59 0.3972987174987793 0.5647880554199218 0.022660255432128906 0.07484493255615232
56 0.5295926570892334 0.2795413970947266 0.02073526382446289 0.06563653945922848
2 0.27557487487792964 0.8470556259155273 0.036268043518066395 0.11509208679199212
4 0.6565307140350343 0.8828796386718749 0.04082260131835935 0.1238578796386719
23 0.5507691860198974 0.3794174909591675 0.026031017303466797 0.059128522872924805
36 0.29529389880952384 0.6886315724206349 0.04495287698412703 0.03177703373015872
58 0.3425719246031746 0.687468998015873 0.0418526785714286 0.03255208333333326
36 0.38829985119047616 0.6897941468253969 0.0418526785714286 0.03255208333333326
36 0.43325272817460314 0.6952194940476191 0.0418526785714286 0.03255208333333326
36 0.29296875 0.7176959325396826 0.046502976190476164 0.023251488095238027
58 0.34024677579365076 0.7184709821428572 0.046502976190476164 0.023251488095238027
36 0.3805493551587302 0.7223462301587302 0.046502976190476164 0.023251488095238027
36 0.4293774801587302 0.7238963293650795 0.046502976190476164 0.023251488095238027
4 0.34571468195266275 0.8519092085798816 0.034093010355029596 0.11614737426035504
1 0.3826969304733727 0.8545095229289941 0.03640440088757396 0.11903661242603547
4 0.42083487426035504 0.8553762943786982 0.034093010355029596 0.11614737426035504
55 0.45031020220588236 0.4543313419117647 0.01723345588235292 0.0689338235294118
