52 0.44106645584106446 0.5386996269226074 0.045351600646972634 0.1291416168212891
14 0.4683681488037109 0.14614471197128295 0.05428295135498046 0.13061087131500243
16 0.24511137008666992 0.1332194298505783 0.052637290954589855 0.1313416540622711
18 0.3001493215560913 0.9514502525329589 0.053616571426391646 0.09623279571533205
13 0.2722027142023303 0.5241454291589481 0.10114672995105234 0.16837784285397878
56 0.5376734733581543 0.34317574501037595 0.04046020507812509 0.09334964752197267
54 0.4889392852783203 0.536599063873291 0.04671440124511722 0.13097686767578126
25 0.5723492622375488 0.15011005103588104 0.04853000640869143 0.12579470276832583
14 0.4136254057051644 0.14173908044421485 0.054755637002369684 0.13311853787255665
59 0.39468703269958494 0.539731788635254 0.044159889221191406 0.13039817810058596
29 0.35399563312530513 0.820416259765625 0.06911249160766603 0.3109912872314453
28 0.4890290260314941 0.9016634941101074 0.06601123809814452 0.19667301177978513
24 0.32492737770080565 0.3480362415313721 0.04696235656738279 0.08029508590698242
25 0.52200345993042 0.1477204829454422 0.05050296783447267 0.1283559739589691
16 0.1882328152656555 0.13024414777755738 0.05622055530548095 0.13073337078094482
28 0.5547202110290528 0.8987356662750244 0.06012935638427741 0.20252866744995113
16 0.3018561840057373 0.1368006467819214 0.05290670394897462 0.13076705932617189
56 0.49010004997253415 0.33747105598449706 0.05218706130981443 0.10359764099121094
24 0.2683955192565918 0.3402258396148682 0.059240722656249994 0.09521446228027347
28 0.4217227935791016 0.9021387100219727 0.06466665267944333 0.19542751312255868
29 0.2722674131393433 0.778138542175293 0.07942962646484375 0.23094577789306636
29 0.19223099946975708 0.7846137046813966 0.07424933910369874 0.2491621017456055
51 0.5815321445465088 0.5378262996673584 0.04506349563598633 0.12490634918212895
16 0.35689778327941896 0.1382111817598343 0.05416021347045896 0.1309550702571869
18 0.2457899570465088 0.9518752098083496 0.048163414001464844 0.09612464904785156
56 0.4381550788879395 0.33773303031921387 0.04599533081054691 0.1030405521392822
16 0.1419363260269165 0.13018398582935334 0.03327763080596924 0.1301180303096771
51 0.5361502647399903 0.5395617008209228 0.043543434143066384 0.12602376937866205
12 0.17421293313287514 0.5280604711278841 0.09885989404352807 0.17620792679185077
