23 0.6370102882385253 0.3714485168457031 0.022920989990234397 0.0439203262329102
23 0.6128852367401123 0.3711838722229004 0.022717285156250044 0.04369964599609377
0 0.3823465585708618 0.5788115501403809 0.035607099533081055 0.11908483505249023
23 0.6350243568420411 0.32192173004150393 0.023219490051269553 0.05337677001953128
23 0.5889548778533935 0.37054834365844724 0.022656917572021484 0.04386863708496097
9 0.2694045305252075 0.5772593975067138 0.037116956710815385 0.11940689086914058
47 0.43305239677429197 0.4536349296569824 0.02308073043823239 0.048873138427734386
23 0.610972023010254 0.32181673049926757 0.022694206237792947 0.053243398666381836
14 0.7000114440917968 0.24958901405334472 0.02284107208251951 0.0359797477722168
16 0.37622990608215334 0.3548942089080811 0.02317667007446289 0.03808288574218749
14 0.676187801361084 0.24832637310028075 0.02261419296264655 0.03572087287902831
16 0.4259308338165283 0.3555391073226929 0.023888301849365245 0.03771390914916989
16 0.40057582855224605 0.35488524436950686 0.0246903419494629 0.038063764572143555
26 0.6830052852630615 0.3217073678970337 0.02201070785522463 0.05072827339172359
16 0.33004117012023926 0.30553040504455564 0.023780536651611284 0.0540618896484375
59 0.7299753189086915 0.4511713027954102 0.02093925476074221 0.061649703979492154
14 0.6523861408233642 0.24590272903442384 0.022882080078124978 0.035923576354980474
23 0.6608712673187256 0.37154808044433596 0.0233251571655273 0.04523487091064454
41 0.5804526805877686 0.7175219058990479 0.040793323516845614 0.056530094146728604
14 0.628798246383667 0.2445749521255493 0.022888755798339933 0.03586578369140625
16 0.30573842525482176 0.30467474460601807 0.023552894592285156 0.05431728363037114
16 0.2812629222869873 0.30338211059570314 0.024174308776855447 0.0551027297973633
17 0.30701389312744143 0.2217287540435791 0.023510122299194303 0.038687705993652344
16 0.3523275136947632 0.35403857231140134 0.02330770492553713 0.03851194381713868
16 0.2559309482574463 0.3019411087036133 0.025284767150878906 0.05544605255126955
16 0.32752351760864257 0.3527650833129883 0.024036884307861328 0.03902387619018555
47 0.35700078010559083 0.45111160278320317 0.02431430816650393 0.04931182861328126
41 0.7247282028198242 0.7734626770019531 0.04214115142822261 0.04995536804199219
19 0.538705587387085 0.321155595779419 0.022925472259521573 0.05296964645385743
14 0.5820796489715576 0.19744383096694945 0.02245397567749019 0.0467355966567993
41 0.7260538101196289 0.8220724105834961 0.043226432800292924 0.043505859374999956
41 0.629455280303955 0.7741480827331543 0.0451585769653321 0.05391674041748051
47 0.3828566551208496 0.45176115036010744 0.022885894775390603 0.04892673492431637
17 0.33141398429870605 0.22314658164978027 0.02391805648803713 0.0379791259765625
16 0.3023915767669678 0.3518510580062866 0.024342727661132824 0.03987102508544921
23 0.659198808670044 0.32197732925415035 0.022963523864746094 0.053199100494384755
23 0.5870301246643066 0.32142043113708496 0.02335071563720703 0.05294303894042973
16 0.23009648323059081 0.30060963630676274 0.025475263595581055 0.05565195083618163
47 0.40750274658203123 0.45256843566894533 0.02302722930908202 0.048468780517578136
16 0.35425806045532227 0.3063213348388672 0.023263072967529275 0.054360389709472656
17 0.45026578903198244 0.22810730934143067 0.022643280029296886 0.03922390937805176
41 0.6783817291259766 0.7731206893920899 0.044776535034179665 0.05215034484863279
17 0.35567574501037597 0.22449097633361814 0.023031330108642556 0.03745474815368652
41 0.6762560844421386 0.7182151794433593 0.039395713806152366 0.05486087799072259
17 0.37932975292205806 0.2255549669265747 0.02346606254577638 0.03774743080139159
41 0.6281100749969482 0.717070198059082 0.04175176620483401 0.056188869476318404
59 0.7076717376708984 0.4508676528930664 0.022715282440185502 0.0604978561401367
16 0.42840604782104497 0.30774626731872556 0.023146820068359386 0.05431070327758786
26 0.6849787712097168 0.3715951442718506 0.021831607818603493 0.045389652252197266
41 0.582816982269287 0.8239113807678222 0.04421386718749998 0.045289230346679754
15 0.5591737747192382 0.19569566249847414 0.02166614532470701 0.045631504058837896
16 0.2775131702423096 0.35085530281066896 0.023936748504638672 0.0402341842651367
16 0.3789875030517578 0.3066061496734619 0.024580001831054688 0.05435895919799805
14 0.6053315162658691 0.24309587478637695 0.023018836975097656 0.03542528152465818
41 0.5330996513366699 0.7734909057617188 0.042445373535156206 0.05404605865478507
16 0.44956369400024415 0.35575847625732426 0.022360229492187522 0.037238311767578136
26 0.7307238101959228 0.3717092514038086 0.021238327026367188 0.045522594451904264
41 0.6787073135375976 0.8222371101379394 0.04491882324218743 0.04454517364501953
41 0.5818482398986817 0.7738744258880614 0.04335556030273435 0.053804302215576194
16 0.2523810386657715 0.34960465431213383 0.02421369552612307 0.04020948410034181
26 0.7289877891540528 0.32043824195861814 0.02183189392089846 0.05018033981323239
54 0.6398069381713867 0.4504924297332764 0.022572135925292947 0.058768558502197255
16 0.40383110046386717 0.3071572303771972 0.023776531219482422 0.054654645919799794
41 0.6306500434875488 0.8235065460205078 0.044093322753906206 0.044562149047851496
28 0.5913529396057129 0.6072579383850097 0.0282800674438477 0.08827705383300777
41 0.5315174102783203 0.7168101310729981 0.038074493408203125 0.05571250915527348
17 0.4030163288116455 0.22662620544433593 0.02306432723999019 0.03804922103881836
16 0.22808420658111572 0.3486954212188721 0.02372746467590331 0.04085454940795902
14 0.58224515914917 0.24138326644897462 0.02261009216308596 0.03536090850830079
17 0.3083179950714111 0.180621600151062 0.024052572250366222 0.040710544586181646
14 0.7232271194458008 0.2509181499481201 0.02281875610351558 0.03752493858337402
16 0.45192070007324214 0.3079099178314209 0.021632957458496083 0.05388941764831545
17 0.2822377681732178 0.22017028331756594 0.024224281311035156 0.03744230270385743
41 0.7235254287719727 0.7178768157958983 0.04085350036621094 0.05461540222167971
14 0.6994304180145263 0.20562751293182374 0.022638130187988215 0.049914169311523454
26 0.7060538291931152 0.32108521461486816 0.022476387023925737 0.05115041732788084
17 0.33264734745025637 0.18208028078079225 0.023623514175415028 0.0401324510574341
17 0.42646965980529783 0.2267601490020752 0.024122905731201183 0.038687992095947255
9 0.231630539894104 0.5767638683319092 0.03639097213745118 0.11830501556396489
2 0.3448744773864746 0.5771573066711426 0.03627233505249022 0.12088871002197266
17 0.45177278518676756 0.1875131368637085 0.023422431945800792 0.04015040397644043
26 0.7080995559692382 0.37168116569519044 0.022513198852538996 0.0452853202819824
14 0.6523953437805177 0.2021339178085327 0.022265815734863303 0.049515438079833995
52 0.5705702781677247 0.451115083694458 0.02186298370361328 0.055832958221435525
14 0.6053035736083985 0.19927563667297363 0.022478008270263694 0.046820592880249035
47 0.45284719467163087 0.45446367263793946 0.013467407226562478 0.04886970520019529
28 0.622010612487793 0.605816125869751 0.031687927246093706 0.0877884864807128
14 0.6284598350524903 0.20028523802757264 0.024021911621093794 0.048308575153350825
14 0.7227451801300049 0.20591273307800295 0.02361164093017587 0.05037937164306641
5 0.4200722694396972 0.5796076774597168 0.03457098007202147 0.11501941680908201
54 0.6624411582946778 0.4507571220397949 0.02150173187255855 0.05887012481689452
17 0.42769060134887693 0.18609426021575926 0.023951911926269498 0.03970394134521485
14 0.6758523941040039 0.20407626628875733 0.02282094955444336 0.04944415092468263
51 0.5489309787750245 0.450555419921875 0.020406818389892556 0.055374908447265614
17 0.2579580545425415 0.21876757144927977 0.02317776679992678 0.037484741210937506
18 0.5627854824066162 0.3205925464630127 0.02414484024047847 0.05253448486328122
15 0.5601906776428223 0.24069128036499024 0.02174386978149423 0.03752813339233402
17 0.35685906410217283 0.18328384160995484 0.023038673400878895 0.039866089820861816
17 0.4040626049041748 0.18497915267944337 0.02334909439086913 0.038736057281494124
17 0.23436310291290283 0.21808614134788512 0.023292350769042958 0.03695679903030394
18 0.565736961364746 0.36942191123962403 0.023226451873779363 0.04496774673461912
16 0.5418018817901611 0.36920075416564946 0.023949050903320335 0.045142698287963856
17 0.3805954694747925 0.1844385862350464 0.024277257919311512 0.038793373107910145
41 0.5337999343872071 0.8234645843505859 0.04208002090454099 0.04605407714843757
56 0.2513716220855713 0.44849443435668945 0.025466728210449235 0.048148822784423784
27 0.6653793334960938 0.6330222129821776 0.053473472595214844 0.040651893615722634
17 0.28276937531052737 0.17989710277790644 0.021755027599471954 0.04207180163843169
17 0.2602873609220382 0.1784919768786259 0.021755027599471954 0.04207180163843169
15 0.5365382200834767 0.19569566249847414 0.02166614532470701 0.045631504058837896
15 0.5385252182057362 0.23875108996763922 0.02174386978149423 0.03752813339233396
29 0.5577902492088608 0.5825133504746836 0.03399426424050622 0.14030359968354422
55 0.6846552309782608 0.4524562669836956 0.021229619565217406 0.05678923233695654
17 0.23685797061363276 0.17923748715080484 0.023292350769042958 0.03695679903030394
27 0.7202569607084831 0.6356148567874875 0.053473472595214844 0.040651893615722634
56 0.27758083623998314 0.44849443435668945 0.025466728210449374 0.048148822784423784
56 0.3317944162032183 0.4513666770037483 0.025466728210449263 0.048148822784423784
56 0.30702132337233606 0.44921249501845417 0.025466728210449374 0.048148822784423784
56 0.22408531693851244 0.4474173433640424 0.025466728210449208 0.048148822784423784
