41 0.3680454730987549 0.8813972473144531 0.0724618911743164 0.09598274230957027
41 0.4492773532867431 0.8723331451416015 0.067549991607666 0.09572410583496094
41 0.44891996383666993 0.9608683586120605 0.07047042846679685 0.0782632827758789
41 0.5234668731689454 0.8631244659423828 0.06286163330078126 0.0929468154907227
41 0.36469249725341796 0.9666341781616211 0.07486209869384763 0.06673164367675777
41 0.5238434314727783 0.9560737609863281 0.0656601905822754 0.08681983947753902
41 0.5939723014831544 0.946512794494629 0.06373109817504885 0.08854713439941408
41 0.6228204727172852 0.6625963211059571 0.056714439392089866 0.04799022674560549
41 0.5923789024353028 0.857093620300293 0.059465217590331965 0.08640441894531248
43 0.39885151386260986 0.49097771644592286 0.06302475929260254 0.05001487731933596
41 0.6855157852172852 0.7109673500061036 0.057425498962402344 0.052501678466796875
43 0.33417682647705077 0.4361821174621582 0.05881180763244631 0.051863861083984386
43 0.4641972541809082 0.4474160194396973 0.055561065673828125 0.04824542999267578
43 0.3998735427856445 0.4420587539672851 0.05956659317016599 0.04751415252685548
61 0.6517903804779053 0.8493242263793945 0.0502208709716796 0.08453292846679683
44 0.5270403385162353 0.497491455078125 0.058474349975585926 0.047507286071777344
41 0.6828641891479492 0.6600067138671875 0.054666328430175826 0.04760456085205078
41 0.6212884426116944 0.6115007400512695 0.057606506347656294 0.048712730407714844
44 0.6875773906707763 0.5094450950622559 0.04757127761840818 0.040162086486816406
44 0.5850724220275879 0.4556432723999023 0.048833179473877 0.04022674560546874
44 0.6379627704620361 0.459841251373291 0.04908285140991209 0.03895978927612309
43 0.3313462105350217 0.49279443630273795 0.05881180763244631 0.05186386108398444
43 0.2676573518393696 0.375323874708535 0.05881180763244631 0.051863861083984386
43 0.2662420438683552 0.42627496166505674 0.05881180763244631 0.051863861083984386
43 0.25633488807125376 0.48571789644766544 0.05881180763244631 0.05186386108398444
44 0.5312862624292788 0.45220160000566123 0.05847434997558598 0.04750728607177729
44 0.5255498814494148 0.40403729201861494 0.05847434997558598 0.04750728607177729
44 0.5816102499903297 0.4110085072302689 0.05040068322544744 0.04719815729518739
44 0.6365474624910217 0.4187973202138707 0.04908285140991209 0.03895978927612309
44 0.6847467747287472 0.46698585593182107 0.04757127761840818 0.04016208648681635
44 0.6875773906707763 0.4216960008593573 0.04757127761840818 0.04016208648681635
45 0.5469452562949639 0.7043193570143884 0.08219986510791377 0.07517423561151071
46 0.456665917266187 0.7313680305755395 0.09273830935251798 0.043558902877697814
61 0.7121596986597235 0.8463649460763643 0.0502208709716796 0.08453292846679683
61 0.717486403205178 0.932184074864243 0.0502208709716796 0.08453292846679683
61 0.6553415168415415 0.9327759309248491 0.0502208709716796 0.08453292846679683
44 0.5842250625965959 0.502627403453245 0.050448841967825175 0.04812509245791674
44 0.6391034037379895 0.5059580124030679 0.04827955375283455 0.048912232609118256
