23 0.5643415927886963 0.5621949672698974 0.0302401542663574 0.06547889709472654
23 0.5338246345520019 0.5636428833007812 0.028856849670410134 0.06457099914550779
23 0.5041261196136475 0.5654656887054443 0.028273677825927712 0.06433763504028311
18 0.4666567802429199 0.4046775341033936 0.027884101867675815 0.0583332061767578
23 0.5576265335083008 0.49565515518188474 0.0267791748046875 0.0628955841064453
15 0.266416597366333 0.3509364604949951 0.028742885589599587 0.06130385398864746
15 0.23770270347595213 0.3515612125396729 0.026803398132324213 0.062131118774414074
15 0.21008768081665039 0.3521017551422119 0.02791314125061034 0.06368122100830076
18 0.47158794403076176 0.49971585273742675 0.02856140136718749 0.06369056701660158
14 0.29406692981719973 0.41304091215133665 0.025844383239746083 0.06035406589508058
23 0.5297055721282959 0.4970244407653809 0.027446079254150324 0.0642232894897461
14 0.35459065437316895 0.34905338287353516 0.027192783355712846 0.05842704772949214
13 0.6415172576904297 0.8852436065673828 0.05671043395996089 0.12677612304687502
14 0.3507643699645996 0.41073921918869016 0.02750201225280763 0.060402512550354004
14 0.2980780124664307 0.35066566467285154 0.02745809555053713 0.05916929244995117
13 0.7027780055999756 0.8829146385192871 0.06156520843505864 0.12630939483642578
18 0.4748246669769287 0.5669153213500977 0.028703022003173873 0.06621227264404295
14 0.32113544940948485 0.4117430210113525 0.027960538864135742 0.06055603027343753
15 0.2117952823638916 0.5794886589050293 0.02876477241516115 0.06620292663574223
18 0.46244540214538576 0.3409760475158692 0.027376651763916016 0.061699581146240245
16 0.37946500778198244 0.4088196277618408 0.02719764709472655 0.059116077423095714
14 0.23989090919494627 0.5792462825775146 0.025082969665527338 0.06550836563110352
59 0.47063026428222654 0.7272286415100098 0.027079296112060558 0.09560909271240225
14 0.3266730546951294 0.35049164295196533 0.02685508728027347 0.05839343070983882
25 0.5939440250396728 0.5609198570251466 0.02923707962036126 0.06598701477050783
26 0.2728723526000977 0.7475235462188721 0.02592430114746097 0.06829175949096689
16 0.3842243432998657 0.5715150833129883 0.028436565399169944 0.06645774841308594
14 0.332950496673584 0.5069396018981933 0.02770004272460941 0.06133689880371096
24 0.6734597206115722 0.4871038436889648 0.03116607666015625 0.06664905548095701
14 0.35515270233154295 0.574256992340088 0.027297019958496094 0.06749382019042971
54 0.7033336639404297 0.7171949386596679 0.02852420806884759 0.09967670440673826
16 0.4164884090423584 0.5031716346740722 0.02598791122436528 0.06085605621337897
14 0.29425692558288574 0.5768936157226563 0.02918720245361328 0.06600828170776374
15 0.23639583587646484 0.4148866176605225 0.028765296936035134 0.061229991912841786
26 0.30042667388916017 0.747011661529541 0.027262449264526367 0.0685623168945313
16 0.3897797584533691 0.5046833992004395 0.025701236724853527 0.06021003723144536
16 0.4148875713348389 0.5704678535461425 0.029979419708251964 0.0668312072753906
14 0.3252243518829346 0.5757310867309571 0.029276371002197266 0.06553640365600588
16 0.40802640914916993 0.4067916393280029 0.028215789794921897 0.05908803939819335
15 0.2658203363418579 0.41421189308166506 0.02775263786315918 0.06109046936035156
33 0.21781053543090823 0.7499391555786132 0.026944065093994135 0.06739006042480467
16 0.3816286563873291 0.3471653938293457 0.026145172119140636 0.05830297470092771
18 0.43785386085510253 0.4062434196472168 0.028265094757080056 0.05898265838623046
24 0.6570722103118897 0.5583432197570801 0.03156681060791011 0.06727409362792969
26 0.3610450744628906 0.670033836364746 0.027465057373046886 0.06554546356201174
26 0.3331749439239502 0.6713935852050781 0.02643527984619143 0.06420917510986335
26 0.3286115646362304 0.7461884498596192 0.027832794189453114 0.06949977874755853
24 0.6407547473907471 0.39047465324401853 0.029987525939941473 0.06453790664672848
18 0.4438321590423584 0.5010251998901367 0.02740964889526365 0.0629459381103516
3 0.45247097015380855 0.8834232330322266 0.043263626098632824 0.14105300903320317
14 0.27593929767608644 0.5105278015136718 0.02802553176879885 0.061846351623535134
14 0.30461299419403076 0.5092450141906738 0.027452039718627974 0.061414909362792924
25 0.6139162540435791 0.4910479545593262 0.028756904602050826 0.06619205474853518
14 0.26596798896789553 0.5784894943237304 0.025123023986816373 0.06527023315429681
59 0.4145036697387695 0.7294991970062257 0.026514053344726562 0.09714736938476565
18 0.44574875831604005 0.5686447620391846 0.02849636077880857 0.06681432723999015
24 0.6628499507904053 0.3179678440093994 0.03403043746948242 0.06525096893310545
25 0.5810905456542969 0.3946962594985962 0.027894210815429643 0.06211428642272948
52 0.6151528358459473 0.7224523544311523 0.028949737548828125 0.1013201713562012
51 0.5847129821777344 0.7230151176452637 0.030004119873046964 0.09902620315551758
25 0.6029349327087402 0.32758345603942873 0.027658939361572266 0.06046466827392577
25 0.6105190277099609 0.39260025024414064 0.03111886978149414 0.064056396484375
16 0.4077296257019043 0.3454524278640747 0.025793361663818404 0.05924544334411619
24 0.6894198417663575 0.5570832252502441 0.031918907165527366 0.06849403381347652
26 0.30630915164947514 0.6727640151977539 0.026057672500610363 0.06483650207519531
9 0.226918625831604 0.8849420547485352 0.046705007553100586 0.14003105163574214
25 0.5754207611083985 0.330888319015503 0.027729034423828125 0.06154937744140626
25 0.6251728057861328 0.560230827331543 0.03070831298828125 0.06627006530761714
26 0.2794788837432861 0.6742432594299317 0.02606029510498048 0.06541595458984373
25 0.585141372680664 0.4933901786804199 0.027105522155761785 0.063892936706543
52 0.6450078964233399 0.7205878257751465 0.028548717498779297 0.10177898406982422
15 0.2077272176742554 0.4158931732177734 0.02534594535827636 0.06076135635375973
24 0.6431336879730225 0.48783855438232426 0.02869491577148431 0.0654067993164063
23 0.5523356914520263 0.3971641302108765 0.027902317047119207 0.061396074295043956
18 0.4349157333374023 0.3431462287902832 0.027280044555664074 0.06160583496093747
15 0.18198919296264648 0.5803780078887939 0.029998350143432606 0.06684570312499993
26 0.3574198246002197 0.7445401191711426 0.02826032638549808 0.07139282226562504
33 0.24534530639648439 0.7488412857055664 0.027105665206909185 0.06668529510498056
33 0.19079266786575316 0.7502408027648926 0.026815009117126448 0.0678354263305665
59 0.3866993904113769 0.7313901901245117 0.027066516876220692 0.09605350494384768
54 0.6742641448974609 0.7187557220458984 0.02919635772705076 0.10044517517089835
16 0.5196653366088868 0.33594722747802735 0.027277374267578147 0.06102905273437498
33 0.2194528102874756 0.677742862701416 0.028000259399414057 0.06793136596679683
16 0.5235057353973389 0.398583459854126 0.027586078643798806 0.05972261428833009
24 0.6304936408996582 0.32358486652374263 0.027473640441894487 0.05790119171142577
16 0.49529132843017576 0.4009876132011414 0.02820110321044922 0.05949156284332274
9 0.2735717535018921 0.8860326766967773 0.042502927780151356 0.14008979797363286
26 0.292804479598999 0.24963970184326173 0.027600097656250044 0.06068525314331055
24 0.6705239295959473 0.38733692169189454 0.028590393066406317 0.06517515182495115
59 0.4421947479248047 0.7283773422241211 0.025960922241210938 0.0968738555908204
51 0.5545462608337401 0.7236907958984375 0.02811298370361326 0.09666957855224612
16 0.501126480102539 0.49854159355163574 0.028637504577636697 0.06443014144897458
14 0.24630439281463623 0.5114899635314942 0.029223108291626 0.06418361663818362
23 0.5014214515686035 0.4984551429748535 0.028277778625488248 0.0638462066650391
16 0.552205467224121 0.3973541259765625 0.028002166748046897 0.061356639862060525
3 0.4960755348205566 0.8797019958496094 0.04288349151611326 0.1450698852539063
23 0.49101886749267576 0.33920993804931643 0.028415966033935536 0.06129193305969238
6 0.5411080360412598 0.8771675109863282 0.044490814208984375 0.14863128662109382
33 0.1908550262451172 0.6800296783447266 0.029133415222167947 0.06699028015136721
8 0.36248207092285156 0.8834639549255371 0.04318714141845703 0.14392261505126958
16 0.5478904724121094 0.33458309173583983 0.027246093749999978 0.06107006072998045
26 0.19979852721804667 0.2612654458908808 0.027600097656250044 0.06068525314331055
8 0.4066598983038039 0.8881142525445848 0.04318714141845703 0.14392261505126958
6 0.5899361610412599 0.8806552342006138 0.044490814208984375 0.14863128662109382
