6 0.4215517997741699 0.13915665149688722 0.08119907379150387 0.2782405376434326
47 0.2908118724822998 0.7561098098754883 0.04545373916625978 0.09810276031494136
3 0.587602710723877 0.14173918962478638 0.08102855682373045 0.27948296070098877
55 0.6314201354980469 0.42781667709350585 0.043527317047119096 0.13099908828735352
3 0.6683283805847169 0.14399524927139282 0.07848653793334959 0.2634190797805786
26 0.4361294746398926 0.6193931579589844 0.04712429046630856 0.0755287170410156
15 0.24745512008666992 0.6178919315338135 0.0437644958496094 0.08082170486450191
14 0.4439958095550537 0.44710941314697267 0.04704437255859378 0.09269752502441408
26 0.3888758897781372 0.6198380470275879 0.04618439674377439 0.0753326416015625
2 0.3391693115234375 0.138244891166687 0.07932472229003906 0.276489782333374
18 0.39451160430908205 0.44661941528320315 0.04953660964965817 0.09158096313476566
16 0.3425824403762817 0.4471209526062012 0.050275373458862294 0.08963031768798829
14 0.28869729042053227 0.44789333343505855 0.05437250137329103 0.09012145996093751
25 0.49109988212585454 0.44580966234207153 0.04588222503662115 0.09599378108978274
59 0.5859763622283936 0.4266313433647156 0.04332103729248038 0.13284304141998293
14 0.23145482540130613 0.44411158561706543 0.0562174320220947 0.0975734710693359
26 0.3424416065216065 0.6200720787048339 0.04562206268310548 0.07400722503662116
15 0.19884097576141357 0.6189309120178222 0.04903602600097656 0.0821630477905273
29 0.7592275619506836 0.14006807804107665 0.10367298126220703 0.2792193412780762
19 0.17322229146957396 0.4566701889038086 0.05679218769073488 0.10168294906616215
4 0.2557435512542725 0.13669511079788207 0.08623666763305665 0.27339022159576415
54 0.5389441967010498 0.4283663868904114 0.04589643478393557 0.1302013158798218
56 0.2405651330947876 0.7579570770263672 0.045880794525146484 0.0948999404907227
8 0.16847476959228516 0.14109370708465577 0.07947735786437987 0.28218741416931153
0 0.5 0.1400596217105263 0.07838199013157882 0.26983963815789475
19 0.2954324959150327 0.620953329248366 0.04723243464052285 0.07021037581699341
