15 0.5331165790557861 0.42925372123718264 0.04185466766357426 0.09359111785888669
15 0.5239025115966797 0.32830514907836916 0.04101638793945317 0.10173435211181642
15 0.490934944152832 0.43328332901000977 0.04067764282226566 0.09415712356567385
26 0.5582318305969238 0.6046272277832031 0.0363201141357421 0.07672042846679683
26 0.5951017379760742 0.5226802825927734 0.03664760589599614 0.07764358520507808
16 0.6112261772155763 0.423389482498169 0.03385105133056643 0.09101228713989257
17 0.39193434715270997 0.33531661033630367 0.04350090026855469 0.10257692337036134
26 0.44583377838134763 0.6175693988800048 0.037873077392578114 0.0763554573059082
26 0.6655839920043944 0.5143355846405029 0.031771278381347634 0.07362375259399412
15 0.47883310317993166 0.3304617166519165 0.0457109451293945 0.10108242034912113
19 0.6504482269287108 0.4195782661437988 0.039357566833496116 0.08983869552612306
26 0.5207273483276367 0.6085714817047119 0.03627281188964837 0.07808284759521478
26 0.5958584785461425 0.5992937088012695 0.035993003845214866 0.0762375831604003
26 0.6987674713134766 0.5118923187255859 0.031303787231445335 0.07271480560302734
26 0.4058162808418274 0.6230566024780273 0.038424277305602994 0.07875537872314453
26 0.6322879314422607 0.5948025703430175 0.03405141830444336 0.07641754150390623
26 0.48376541137695317 0.6141402244567871 0.03606195449829103 0.07702217102050779
26 0.5566441059112549 0.5263621807098389 0.036833000183105424 0.07691135406494137
17 0.3459746837615967 0.338176679611206 0.0462008476257324 0.10494642257690429
17 0.40406589508056645 0.44005213975906377 0.043944644927978505 0.09620149135589601
17 0.4479097366333008 0.4361525535583496 0.04222679138183594 0.09345541000366214
26 0.7032109260559083 0.5893320083618164 0.03286876678466799 0.0782983779907227
26 0.6680644989013672 0.5916743755340577 0.03474826812744136 0.07679491043090814
25 0.693220043182373 0.41576175689697265 0.03992786407470705 0.08643445968627927
17 0.4339248657226562 0.3327841520309448 0.041254234313964855 0.10040278434753419
26 0.6319044589996338 0.5179127216339112 0.03265924453735347 0.07532205581665041
16 0.6078678131103515 0.32442164421081543 0.03929252624511714 0.10042991638183596
26 0.5183522224426269 0.5298887252807617 0.037026882171630804 0.07567281723022456
17 0.3582712173461914 0.4450645327568054 0.0473671913146973 0.0997081995010376
16 0.5651516914367676 0.3264639377593994 0.04077415466308598 0.09971332550048828
16 0.6454603195190429 0.3200411558151245 0.03412990570068353 0.09984230995178223
26 0.47928676605224607 0.5329750061035157 0.03820819854736329 0.07760543823242189
26 0.4392744541168213 0.5372226715087891 0.03889007568359376 0.07852115631103518
14 0.5745460510253906 0.426059627532959 0.036430072784423895 0.09500045776367189
26 0.3987821817398071 0.5422494888305665 0.04039263725280762 0.08105907440185545
5 0.3388338088989258 0.12648427486419678 0.07248597145080571 0.25296854972839355
23 0.686649445564516 0.3159757224462366 0.04620295698924737 0.10185651881720431
28 0.6929498487903225 0.894562752016129 0.04515288978494625 0.1323084677419355
