28 0.38511164188385005 0.5900846004486084 0.027617645263671886 0.10103969573974603
28 0.3551766872406006 0.5926545143127442 0.03154382705688474 0.1029478073120117
28 0.38536639213562013 0.45438375473022463 0.026766872406005837 0.09947776794433594
28 0.3572091579437256 0.45537738800048827 0.028153991699218728 0.10078678131103513
31 0.3618422508239746 0.8560323715209961 0.025507831573486295 0.08282432556152353
28 0.3672024250030518 0.7230091094970703 0.029004287719726574 0.10123672485351554
28 0.3955514430999756 0.7178813934326171 0.027138233184814453 0.09972457885742181
31 0.38684258460998533 0.8528024673461914 0.02324962615966797 0.0828529357910156
32 0.42350058555603026 0.7128207206726074 0.028757667541503884 0.09948711395263665
32 0.41282339096069337 0.5866863250732421 0.027696990966796897 0.10141506195068362
32 0.41354975700378416 0.4517240524291992 0.028640651702880826 0.09729862213134766
32 0.42124470717070117 0.9374246982549199 0.027362613804293 0.07370597763566777
28 0.39589680646428993 0.9494886221475168 0.02324962615966797 0.08285293579101749
28 0.37164442649740254 0.9588662090680466 0.02324962615966797 0.08285293579101749
32 0.4113820726508336 0.8388089817880795 0.02445232820826654 0.0937758692052979
29 0.3540847475165563 0.25367989445364236 0.04074399834437087 0.16006570778145696
29 0.39547547599337746 0.2548116721854305 0.04139072847682124 0.16168253311258274
29 0.3986352848101266 0.07626155764051895 0.044501582278481 0.15275773914934188
29 0.35412150471016013 0.07548179757576078 0.04081751273157852 0.15184494915227595
