41 0.667077112197876 0.4828046798706055 0.03672304153442385 0.042917442321777355
41 0.7085458278656006 0.5267353057861328 0.03918237686157222 0.04231519699096675
41 0.7491945266723633 0.5273906230926514 0.03774833679199219 0.042322826385498
41 0.7090377807617188 0.4845977783203125 0.03755874633789058 0.04305992126464847
41 0.6655298233032226 0.5260576248168946 0.039538574218749956 0.04135198593139644
41 0.6217469692230224 0.5240790843963623 0.037788772583007835 0.040757274627685636
27 0.44721293449401855 0.7220395565032959 0.04948778152465816 0.05794162750244136
41 0.7510127067565918 0.48506889343261717 0.03744096755981441 0.04233360290527344
27 0.353220534324646 0.682037353515625 0.0496095657348633 0.05731830596923837
27 0.3962539196014404 0.7133857727050781 0.05228109359741212 0.05330028533935549
41 0.6232782840728759 0.4810108184814453 0.03609619140624998 0.04355773925781248
43 0.37216262437810943 0.2672185945273632 0.03206623134328357 0.033037935323383116
43 0.4120593677951705 0.27248712610726855 0.03206623134328357 0.033037935323383116
