43 0.5762927055358886 0.2928622722625732 0.04180717468261719 0.03547916412353519
43 0.5318766117095948 0.329985785484314 0.04291477203369143 0.03262047767639159
43 0.5746645927429199 0.3285010814666748 0.039037227630615234 0.03136224746704103
41 0.534702444076538 0.6006503105163574 0.038504505157470725 0.050015258789062544
41 0.4558073997497558 0.5883925437927247 0.0354297637939453 0.046472358703613215
41 0.4943259239196777 0.5930432319641114 0.037034797668456965 0.04978723526000972
43 0.48953065872192386 0.3328800678253174 0.03904857635498049 0.03191094398498534
41 0.34813656806945803 0.5737431526184082 0.031743907928466764 0.04017791748046873
43 0.5733522415161132 0.25381083488464357 0.038510704040527366 0.03696384429931643
43 0.5329236507415771 0.2953635692596436 0.04063405990600588 0.03533458709716797
41 0.41927213668823243 0.5829013347625733 0.03223476409912107 0.04203596115112307
41 0.38283505439758303 0.5787553787231445 0.033664083480834994 0.038537788391113326
43 0.48968086242675785 0.29897055625915525 0.03931560516357424 0.033935451507568326
44 0.44945077896118163 0.33412258625030516 0.0344978332519531 0.029756546020507812
43 0.5328099250793457 0.2584184169769287 0.040208053588867254 0.035864830017089816
41 0.457163143157959 0.4615667343139649 0.040459632873535156 0.028798866271972645
44 0.44916319847106934 0.3019742727279663 0.035859966278076194 0.03230576515197753
46 0.45601458549499513 0.7168910026550293 0.05372009277343748 0.05343360900878913
41 0.419797134399414 0.46012153625488283 0.030819129943847667 0.028005599975585938
46 0.4065103650093079 0.710054588317871 0.041065001487731956 0.040335655212402344
43 0.49108352661132815 0.26426029205322266 0.03633098602294926 0.03422946929931639
41 0.31642866134643555 0.5682651042938233 0.03342046737670901 0.03691844940185551
44 0.44997167587280273 0.2663158893585205 0.037108421325683594 0.03541288375854493
41 0.4987044811248779 0.46390409469604493 0.03612718582153318 0.03022899627685549
41 0.5381168789178996 0.4670167549009411 0.04263309411898508 0.026973127366259397
41 0.5394735952025478 0.428823694210608 0.03612718582153318 0.03022899627685549
41 0.49680824326080025 0.42692745634653034 0.03612718582153318 0.03022899627685549
41 0.4588834859792469 0.428823694210608 0.03612718582153318 0.03022899627685549
41 0.41716625296953813 0.428823694210608 0.03612718582153318 0.03022899627685549
41 0.38303397141614004 0.4316680510067245 0.03612718582153318 0.03022899627685549
41 0.3493370861683077 0.42675182194385713 0.029567679618168696 0.026085251743353743
41 0.3142566856828708 0.42675182194385713 0.029567679618168696 0.026085251743353743
41 0.3171010424789873 0.4608841034972552 0.029567679618168696 0.026085251743353743
41 0.3494098505026205 0.46054143821243687 0.0297132082867943 0.023503683309639423
44 0.4110008718821924 0.26952524968715896 0.037108421325683594 0.035412883758544955
44 0.4126116815307331 0.3037996621199057 0.032969841934705535 0.03243882130009468
44 0.4126116815307331 0.3377271855940841 0.032969841934705535 0.03243882130009468
44 0.37868415805655464 0.3377271855940841 0.032969841934705535 0.03243882130009468
44 0.3777671979626579 0.30379966211990567 0.032969841934705535 0.03243882130009468
44 0.34338119444153115 0.3056335823076991 0.032969841934705535 0.03243882130009468
44 0.34383967448847946 0.33910262573492916 0.032969841934705535 0.03243882130009468
46 0.5141138734696786 0.7280163982246495 0.05372009277343753 0.05343360900878913
