41 0.45914902687072756 0.44611635208129885 0.056597518920898426 0.07710838317871094
41 0.5261194229125976 0.4526395797729492 0.056697368621826116 0.07340526580810547
41 0.5924526214599609 0.4549278259277344 0.057175636291503906 0.07444477081298828
41 0.4578351497650146 0.5205401420593261 0.05419950485229491 0.06754169464111326
41 0.5193727970123291 0.5888530254364013 0.054955482482910156 0.06516256332397463
41 0.5824730873107911 0.5921171188354493 0.054184913635253906 0.060966110229492165
41 0.4539605140686035 0.5861761093139648 0.05528430938720702 0.06434707641601556
41 0.5885330200195313 0.5271352767944336 0.05630359649658201 0.06656246185302739
41 0.5240790367126464 0.5243202209472656 0.05769042968749999 0.06499166488647456
43 0.7596596414728682 0.23920482073643407 0.05829093992248069 0.055262839147286774
43 0.7564422843992248 0.2918180717054264 0.05791242732558133 0.05147771317829458
43 0.7511431080426357 0.3455668604651163 0.05791242732558133 0.05147771317829458
44 0.6924736555232558 0.23806928294573643 0.060940528100775215 0.051477713178294554
44 0.688499273255814 0.29068253391472865 0.06283309108527135 0.04693556201550392
44 0.6869852228682172 0.33799660852713176 0.06283309108527135 0.04693556201550392
