61 0.5505525588989257 0.9482526779174805 0.05010452270507815 0.058092498779296786
61 0.5529303550720215 0.8851818084716796 0.05245962142944327 0.06644783020019529
18 0.38576920032501216 0.29216353893280034 0.035060834884643566 0.08794684410095216
26 0.3142218589782715 0.586207389831543 0.03296284675598149 0.07816343307495122
26 0.3498056411743164 0.5070675849914551 0.03303394317626951 0.07381458282470704
47 0.6350579738616944 0.41443682909011836 0.032275485992431574 0.0864034414291382
59 0.4127185344696045 0.5719894409179688 0.028618049621581987 0.10448913574218754
34 0.344063401222229 0.4111780166625977 0.03452978134155271 0.07733850479125975
17 0.3031270503997803 0.17655855417251587 0.038777065277099565 0.08592760562896729
54 0.5064982891082763 0.4003460884094238 0.030616950988769598 0.10099897384643552
26 0.3150376319885254 0.5061229228973388 0.033878326416015625 0.07511453628540038
41 0.3115461587905884 0.9013871192932128 0.05585732460021975 0.06094417572021482
26 0.38370285034179685 0.5081882476806641 0.0328533172607422 0.07318153381347653
14 0.5229581832885741 0.18923020362854004 0.03507556915283205 0.08824634552001953
26 0.34765942096710206 0.5864779472351074 0.03216099739074707 0.07683525085449217
19 0.34813847541809084 0.289979362487793 0.035541820526123036 0.08916349411010743
19 0.31074552536010747 0.28870697021484376 0.03646202087402345 0.08831186294555662
56 0.6003220558166504 0.412343168258667 0.03241176605224616 0.08109645843505858
25 0.5312067508697509 0.2981142282485962 0.03371515274047854 0.085140323638916
16 0.5588384151458741 0.1916283130645752 0.032826805114746116 0.08461790084838866
25 0.49530754089355467 0.2963699579238892 0.03460502624511719 0.08526225090026857
15 0.41462392807006837 0.18246378898620605 0.03290929794311526 0.08627586364746093
17 0.3417173385620117 0.17818599939346313 0.036091899871826205 0.08819267749786375
24 0.5673186302185058 0.29824607372283934 0.03480262756347663 0.08405957221984861
16 0.6248283863067627 0.19394121170043946 0.031414031982421875 0.08332090377807616
51 0.44301156997680663 0.3979668617248535 0.02958965301513672 0.09832344055175779
16 0.5918122291564942 0.1932628870010376 0.03201732635498045 0.08351321220397948
26 0.38060975074768066 0.5867801666259765 0.03252277374267576 0.07550621032714844
25 0.4591558456420899 0.2953891277313232 0.03526763916015624 0.08592562675476073
14 0.48640375137329106 0.18652162551879883 0.03492755889892579 0.08892941474914551
52 0.4743166446685791 0.3991968631744385 0.029438018798828125 0.1005096435546875
16 0.6579197883605957 0.19606785774230956 0.03173904418945317 0.0829563617706299
41 0.3759082555770874 0.8999084472656249 0.05514187812805171 0.06244506835937502
17 0.37900471687316895 0.18080655336380003 0.03678150177001949 0.0889432668685913
15 0.4488587856292725 0.1846777439117432 0.034185218811035145 0.08766522407531738
41 0.31459751129150393 0.9640172958374024 0.05401506423950192 0.05729179382324223
28 0.49075164794921877 0.5519509315490723 0.03902511596679692 0.14196672439575192
28 0.44940967559814454 0.5509983062744142 0.039711380004882835 0.14342250823974612
41 0.43782949447631836 0.9576592445373535 0.051498031616210915 0.056964874267578125
41 0.37610952854156493 0.9609277725219727 0.05300793647766111 0.053864669799804754
29 0.608909511566162 0.9089828968048096 0.05794105529785154 0.18203420639038081
33 0.30893123149871826 0.41090822219848633 0.03405423164367671 0.08173427581787107
27 0.40200238227844237 0.7672076225280762 0.06985282897949219 0.06751651763916011
27 0.6090822696685791 0.7584196090698242 0.06552438735961907 0.06008167266845699
23 0.4224228858947754 0.2943701267242432 0.03421039581298824 0.0865025520324707
50 0.5682028770446778 0.4023341178894043 0.029427719116210893 0.09917926788330078
28 0.5307217121124268 0.55404691696167 0.037466907501220725 0.13507232666015623
27 0.5281457901000977 0.7052157402038575 0.0697849273681641 0.0505643844604492
27 0.39802846908569334 0.6964038372039796 0.06562938690185544 0.05091562271118166
42 0.4929183483123779 0.8924785614013672 0.04742345809936527 0.044336128234863326
27 0.5406722068786621 0.7642333984375 0.06725091934204097 0.06100025177001955
27 0.32627429962158205 0.7622791290283203 0.08119535446166992 0.06490688323974614
41 0.4387681961059571 0.8973268508911132 0.05258483886718751 0.057197189331054665
42 0.49254741668701174 0.9761911392211914 0.04854125976562501 0.03664398193359375
28 0.5718884944915772 0.5538212880855655 0.04186649322509772 0.1365907669067385
27 0.46298913955688475 0.7015193939208985 0.05639591217041018 0.05214767456054692
28 0.6161910859549917 0.5552504039392241 0.04186649322509772 0.1365907669067385
27 0.4718882394873578 0.7659317680027173 0.06725091934204075 0.06100025177001955
27 0.599477311839228 0.7026681858560313 0.0697849273681641 0.0505643844604492
42 0.4953536307674714 0.9352204136464788 0.0485412597656249 0.03664398193359375
55 0.5375000000000001 0.4 0.029687499999999978 0.09531249999999997
27 0.33001786640712194 0.6981476988111224 0.06562938690185544 0.05091562271118166
