54 0.41663848161697387 0.4236316680908203 0.035963034629821755 0.09484930038452144
26 0.6576308727264404 0.3454816818237305 0.04140043258666992 0.08693842887878417
59 0.31757733821868894 0.40717029571533203 0.02826199531555179 0.09003639221191406
41 0.493619441986084 0.668560266494751 0.046882343292236284 0.04724521636962886
14 0.5639680862426757 0.19706641435623168 0.04286060333251951 0.0887155294418335
16 0.7124323844909668 0.20750415325164795 0.055191993713378906 0.10048851966857908
14 0.5199440002441407 0.19335455894470216 0.04412860870361329 0.08860726356506346
42 0.6033556938171387 0.7242844581604004 0.0463941574096679 0.03204784393310545
14 0.4757887840270996 0.1898561716079712 0.041976547241210915 0.08715481758117677
14 0.6092410087585449 0.20129697322845458 0.04693889617919922 0.08838257789611817
31 0.5814586639404297 0.5912982940673828 0.035906982421874956 0.11137199401855469
26 0.6136539459228516 0.3397233963012696 0.043446922302246116 0.08476953506469725
26 0.7030655860900878 0.35384526252746584 0.04502563476562493 0.09751195907592775
59 0.2871718168258667 0.4026512145996094 0.030443620681762706 0.09026994705200192
54 0.38183093070983887 0.4185104489326477 0.030801820755004927 0.09212872982025144
41 0.344851016998291 0.66939058303833 0.04758958816528325 0.03962078094482424
25 0.48883876800537107 0.3245081901550293 0.039518928527832065 0.0747983455657959
41 0.33505830764770506 0.6259991645812988 0.04453430175781253 0.04574108123779297
14 0.43470277786254885 0.18675758838653564 0.03877201080322262 0.08554749488830565
16 0.65938081741333 0.20409791469573973 0.048804855346679665 0.09038820266723632
25 0.4489741325378418 0.31807699203491213 0.03631591796875 0.07354936599731449
17 0.311504316329956 0.17666826248168946 0.03958101272583009 0.07675676345825194
41 0.43932218551635743 0.6510262012481689 0.04318943023681643 0.04796590805053713
41 0.5475679874420165 0.6853271484375 0.04977502822875979 0.05524082183837886
17 0.24057207107543946 0.17028648853302003 0.03619842529296874 0.07818751335144045
15 0.3936669111251831 0.18430529832839965 0.040925359725952126 0.08347146511077883
15 0.35126659870147703 0.18046348094940184 0.039069414138793945 0.07970972061157225
41 0.4983633041381836 0.7157082557678223 0.046448135375976585 0.044901275634765536
17 0.27666053771972654 0.17337677478790284 0.03571825027465819 0.07714467048645018
41 0.4484092235565186 0.6982306480407715 0.04540443420410156 0.04253940582275395
24 0.5304542541503906 0.33048286437988283 0.03969078063964848 0.07973661422729489
42 0.6015814781188964 0.753941822052002 0.04902706146240232 0.03168087005615228
19 0.3746482372283936 0.3073154926300049 0.03166379928588864 0.07098150253295898
56 0.2730941295623779 0.2865942716598511 0.03916759490966798 0.07953991889953616
24 0.5705583095550537 0.3334824323654175 0.03985576629638676 0.08342547416687013
42 0.6575441837310791 0.7470665454864502 0.04916782379150397 0.03108224868774412
28 0.3164279937744141 0.5236348628997802 0.035167741775512684 0.1105776786804199
41 0.39641332626342773 0.6835507392883301 0.04464311599731441 0.038170146942138716
55 0.3492414951324463 0.41251506805419924 0.031134271621704124 0.09038763046264647
41 0.3877893924713135 0.6379124164581298 0.04572525024414059 0.04541912078857424
28 0.3519996404647827 0.5275823593139648 0.03485021591186521 0.10824642181396482
28 0.426114273071289 0.5473681449890136 0.03897981643676757 0.11427936553955081
41 0.550121545791626 0.7322027683258057 0.04730377197265634 0.03619441986083993
47 0.34205191135406493 0.2968405961990357 0.028920793533325218 0.07835536003112792
32 0.5084325396825398 0.5657862103174602 0.04340277777777779 0.12865823412698407
32 0.46619233630952395 0.557648189484127 0.036427331349206615 0.12633308531746024
31 0.546946900988382 0.5859640106322274 0.028975647214859235 0.10535372476729132
28 0.3871126065178523 0.5415707043239049 0.03482789160713318 0.10888488103472999
42 0.6033556938171387 0.688851659487834 0.0463941574096679 0.03204784393310545
42 0.6595271285656279 0.7114485512792537 0.04779457792771602 0.03503293062733326
23 0.40983929550438597 0.3143246299342105 0.04026178728070173 0.07795367324561403
42 0.6550655987056984 0.7807753018316279 0.04916782379150397 0.03108224868774412
