18 0.6328154563903808 0.39948809146881104 0.030655193328857466 0.06480526924133301
54 0.5062503814697266 0.48914480209350586 0.024540328979492154 0.07934675216674808
56 0.6833422660827637 0.2803024768829346 0.03156623840332029 0.07601013183593752
26 0.3276571989059448 0.5829675674438477 0.02574467658996582 0.048802757263183616
18 0.6015919208526612 0.39989538192749025 0.030852890014648415 0.0670013427734375
51 0.4014451026916504 0.48668298721313474 0.02467212677001951 0.08002490997314449
14 0.4810453414916992 0.28864130973815916 0.02974987030029297 0.06832351684570309
14 0.4502564430236816 0.28821401596069335 0.02990188598632809 0.06712994575500486
24 0.8566272735595704 0.3947885513305664 0.032432174682617165 0.06912889480590823
17 0.26520237922668455 0.288482666015625 0.031044387817382807 0.0692106246948242
24 0.8230447769165039 0.3937804222106933 0.031513977050781294 0.06566686630249025
54 0.47995843887329104 0.4879306316375733 0.024898338317871083 0.07757177352905276
52 0.42839694023132324 0.48743610382080077 0.024929141998290993 0.07916984558105467
19 0.4848147392272949 0.3977352857589722 0.029007911682128906 0.053157854080200184
15 0.38787665367126467 0.28899688720703126 0.03069763183593749 0.06716117858886717
16 0.42602486610412593 0.3967216730117798 0.029041004180908214 0.05280270576477053
15 0.419344425201416 0.2884012222290039 0.03035869598388674 0.06697959899902345
26 0.3538322448730469 0.5831804275512695 0.024958038330078147 0.04861297607421866
16 0.396590518951416 0.39575939178466796 0.028471946716308594 0.052711868286132835
26 0.3006428956985474 0.5850135326385498 0.026377010345458973 0.04728441238403325
15 0.3569053649902344 0.28890914916992183 0.029420471191406283 0.06559782028198241
16 0.3080245971679687 0.39401421546936033 0.02856750488281251 0.05318670272827147
41 0.3161662817001343 0.7843175411224366 0.037865400314331055 0.03709630966186517
16 0.25051610469818114 0.3932479381561279 0.02583508491516115 0.05992603302001953
17 0.23308501243591306 0.28917081356048585 0.031241321563720698 0.07196459770202634
16 0.36715538501739503 0.3962446689605713 0.028058671951293968 0.05185308456420895
17 0.29661850929260253 0.28824615478515625 0.03001394271850588 0.06693487167358403
41 0.4517548561096192 0.7795327663421632 0.03666095733642577 0.04144277572631838
16 0.338050103187561 0.39559688568115237 0.0295063495635986 0.05378913879394531
41 0.49693088531494145 0.7785482406616211 0.037894439697265636 0.03712482452392574
59 0.5074476718902587 0.5711532592773437 0.0243921279907226 0.06913776397705074
25 0.7892923355102539 0.39517507553100584 0.032371139526367276 0.06195659637451173
16 0.27879014015197756 0.39336462020874025 0.027947235107421864 0.05548095703125
26 0.27514305114746096 0.5861315727233887 0.023398780822753873 0.049646186828613326
26 0.3803381443023682 0.5829149246215821 0.025755786895751975 0.04897394180297854
17 0.3267658710479736 0.28855252265930176 0.029424715042114247 0.06521301269531254
41 0.4963105201721192 0.8143850326538087 0.03631067276000982 0.03288879394531252
45 0.4804349899291992 0.6416521549224854 0.055103874206543 0.05494337081909173
46 0.48079624176025393 0.6425058364868164 0.05571460723876953 0.05291137695312498
25 0.7573967456817627 0.39614391326904297 0.02950077056884759 0.06190099716186526
41 0.45274930000305175 0.8156246185302733 0.03450727462768555 0.02996406555175779
59 0.40584702491760255 0.5736305236816406 0.023780345916748047 0.06695518493652342
41 0.4061924934387207 0.7849508285522462 0.038163280487060525 0.038035011291503884
55 0.45432147979736326 0.4880058765411377 0.024530506134033236 0.07777690887451172
41 0.3598069667816162 0.7862751007080078 0.03794851303100588 0.034642601013183616
59 0.4820115089416504 0.5714369297027588 0.023737525939941384 0.0690982818603515
59 0.43090429306030276 0.573277759552002 0.02434310913085941 0.06707706451416018
59 0.4561638832092285 0.5724808692932128 0.02470960617065432 0.06768665313720701
33 0.2677890541484055 0.5015089604461077 0.02765183402496635 0.057060700018429056
51 0.3749575138092041 0.4873431205749512 0.02556886672973635 0.07877826690673834
41 0.40829977989196775 0.8201231002807616 0.03915872573852536 0.031170463562011697
19 0.45557222366333006 0.3977916717529297 0.027714633941650357 0.0525235176086426
19 0.5119242668151855 0.39773437976837156 0.02305812835693355 0.053861093521118175
46 0.36719794273376466 0.641718578338623 0.05244007110595705 0.052770042419433616
23 0.6656069755554199 0.3988379240036011 0.033062744140625044 0.06121792793273928
41 0.320371675491333 0.819931411743164 0.037500286102294944 0.030982589721679665
41 0.49631557464599607 0.842951774597168 0.03715286254882816 0.02723350524902335
41 0.362907600402832 0.8197226524353027 0.036776018142700206 0.03206157684326172
28 0.7856812477111816 0.609741497039795 0.030722427368164107 0.08348922729492181
28 0.6507167982823641 0.6079666146954287 0.029525375366210915 0.08477039337158199
56 0.6473137466652878 0.2812505958149734 0.03156623840332029 0.07601013183593752
47 0.8114570691747574 0.2724514563106796 0.024651092233009764 0.07110891990291263
47 0.781591322815534 0.2771920509708738 0.02370297330097093 0.07869387135922334
47 0.8432190533980584 0.2724514563106796 0.03128792475728159 0.0673164441747573
34 0.2956803701456311 0.5004740594660194 0.032236043689320426 0.04930218446601947
46 0.3103108068114346 0.641718578338623 0.05244007110595705 0.052770042419433616
46 0.42313695972405596 0.6426666972706618 0.05244007110595705 0.052770042419433616
58 0.30532577614379086 0.693078533496732 0.04914726307189543 0.019148284313725505
36 0.39979064542483655 0.6889297385620914 0.04276450163398693 0.02106311274509809
58 0.3525582107843137 0.690844566993464 0.04276450163398693 0.02106311274509809
36 0.44702308006535946 0.6876531862745097 0.04276450163398693 0.02106311274509809
36 0.4502144607843137 0.711907679738562 0.04276450163398693 0.02106311274509809
36 0.4029820261437908 0.7150990604575163 0.04276450163398693 0.02106311274509809
58 0.3551113153594771 0.7144607843137254 0.04276450163398693 0.02106311274509809
58 0.3091554330065359 0.7176521650326797 0.04276450163398693 0.02106311274509809
32 0.6193041871921182 0.6048722290640394 0.02934498152709364 0.08707281403940892
32 0.5906808035714286 0.6060748922413793 0.02405326354679793 0.08466748768472909
