41 0.5810607910156249 0.7307036399841309 0.05185356140136721 0.04985027313232415
41 0.4567901134490967 0.7356351852416992 0.05108041763305665 0.04949378967285156
41 0.6418542861938477 0.7284300804138184 0.05106916427612296 0.05164947509765627
41 0.5789933204650879 0.6705921649932861 0.051613235473632724 0.060504245758056685
44 0.6734505653381349 0.16156649589538574 0.06567325592041018 0.058824729919433605
44 0.6750767707824707 0.10154447555541993 0.06737060546875007 0.06348083019256591
41 0.642334270477295 0.6699506759643554 0.05238132476806634 0.06306877136230471
41 0.5181795120239258 0.7341474533081055 0.05012969970703124 0.0459650039672852
41 0.515595675677788 0.6797090966527055 0.05207846571759489 0.05921747742629635
41 0.4529763698577881 0.67583327293396 0.05161228179931637 0.060560417175293035
44 0.6013835430145263 0.1653266787528992 0.06922054290771484 0.0585625410079956
41 0.39736087322235103 0.7409672737121582 0.04980759620666503 0.04850273132324223
41 0.3919402599334717 0.6818973541259765 0.05053119659423827 0.0636369705200196
42 0.4663084506988525 0.8881802558898926 0.04819402694702152 0.041575622558593706
42 0.5301674842834473 0.16271291971206664 0.06793022155761719 0.06026058197021486
61 0.3857491092728864 0.126340580896791 0.06831549071326043 0.0959885817443208
42 0.532775659044388 0.10244946239029837 0.06481737033486956 0.05975191123379858
61 0.46195666707795247 0.12616110153386162 0.07175707840567153 0.09370536193471819
61 0.4630384173444522 0.21673864485115135 0.06499759407453642 0.08506689712565432
61 0.3900587466455275 0.21778871205545244 0.06499759407453642 0.08506689712565435
42 0.5312175514877483 0.22414185116367952 0.06793022155761719 0.06026058197021478
44 0.6008585094123757 0.22465547579590994 0.06922054290771484 0.05856254100799563
44 0.6745006325424359 0.2208952929383965 0.06567325592041018 0.05882472991943358
44 0.5982333414016231 0.10547284810773785 0.06922054290771484 0.05856254100799556
36 0.6620316584876815 0.39748107340408245 0.05238577576657211 0.04805280614882429
27 0.57823000672043 0.5317645329301075 0.06142893145161288 0.0630040322580645
27 0.5018376176075269 0.5278267809139785 0.06825436827956982 0.062478998655914
27 0.4178322412634409 0.4868741599462366 0.06825436827956982 0.06247899865591383
27 0.6296832997311828 0.47663600470430106 0.06142893145161288 0.06300403225806439
42 0.46320825228615414 0.8453975177946544 0.04819402694702152 0.041575622558593706
42 0.4036617583837151 0.8501612373068496 0.04819402694702152 0.041575622558593706
42 0.4120020482598281 0.8919912314996487 0.04819402694702152 0.041575622558593706
42 0.5275184657007883 0.8468266336483129 0.04819402694702157 0.041575622558593706
42 0.5289475815544468 0.889700109258069 0.04819402694702157 0.041575622558593706
42 0.6480405693593249 0.8882709934044105 0.04819402694702157 0.041575622558593706
42 0.6504224291154226 0.8449211458434349 0.04819402694702157 0.041575622558593706
42 0.5899231913105445 0.843968401940996 0.04819402694702146 0.041575622558593706
42 0.5930233897232429 0.8867511400362341 0.04819402694702146 0.041575622558593706
42 0.2761705936089484 0.8932903629682869 0.038604325602616174 0.042122926791274606
42 0.2699105775833074 0.8511395883956373 0.038604325602616174 0.042122926791274606
