15 0.30219211578369143 0.25316677093505857 0.0279194355010986 0.06700353622436522
24 0.7363873481750488 0.2315007269382477 0.028306007385253906 0.06938771009445191
18 0.5425057888031006 0.2296239137649536 0.021665096282958984 0.06777720451354982
23 0.5956644058227538 0.22999961376190184 0.027498817443847634 0.06940321922302245
16 0.38631107807159426 0.25398955345153806 0.026953411102294933 0.06753187179565429
61 0.5909971237182616 0.7439188480377197 0.039266014099121116 0.04680328369140618
61 0.547361183166504 0.7836826324462891 0.03574838638305666 0.03920688629150393
14 0.3577568769454956 0.253748106956482 0.02726926803588864 0.06675524711608888
54 0.40623160600662234 0.3737953662872314 0.025697493553161588 0.08035507202148434
14 0.33006837368011477 0.2532368183135986 0.026158761978149425 0.06655550003051758
61 0.5470512866973878 0.740681266784668 0.034547710418701194 0.04521465301513672
46 0.3966759443283081 0.6262567520141602 0.058778333663940474 0.04436826705932617
52 0.37956242561340336 0.37327454090118406 0.025722694396972667 0.07944808006286624
61 0.7296174049377442 0.7413583755493164 0.04127807617187507 0.050140380859375
26 0.3850488185882568 0.505124282836914 0.024430561065673817 0.05625782012939451
26 0.36007242202758794 0.5050140380859375 0.023738670349121083 0.05651836395263671
41 0.2837257862091065 0.7443497180938721 0.042074012756347645 0.042161655426025346
41 0.3327789306640625 0.7449489593505859 0.04074497222900386 0.04404258728027344
61 0.5899035453796386 0.7863018989562989 0.03872108459472656 0.03844585418701174
26 0.2376544952392578 0.5029488563537597 0.024015522003173834 0.05679340362548824
16 0.4142848014831543 0.25431725978851316 0.02644968032836914 0.06744966506958011
26 0.33565306663513184 0.5039107799530029 0.02381277084350586 0.056417655944824174
28 0.6700829029083252 0.34120726585388184 0.03497810363769527 0.11195254325866699
26 0.31121120452880857 0.5033474922180176 0.02430543899536136 0.05631275177001949
61 0.6804814815521241 0.741127872467041 0.04003515243530276 0.04761238098144527
61 0.6366904258728028 0.7455778121948242 0.03914337158203118 0.0445653915405273
26 0.28636894226074217 0.5031486511230469 0.024313926696777344 0.056165885925292924
61 0.6794604301452636 0.7856113910675049 0.037740135192871116 0.03916921615600577
61 0.6340632438659668 0.7866228103637696 0.03804779052734375 0.03828907012939453
17 0.2151878118515015 0.2510768175125122 0.02759041786193847 0.06457037925720213
16 0.4425108909606934 0.2544877529144287 0.02819652557373048 0.06735572814941404
15 0.2725171566009521 0.25250470638275146 0.029293346405029286 0.06712718009948729
55 0.45829153060913086 0.37347986698150637 0.026991844177246094 0.07993950843811032
46 0.453986930847168 0.6287732124328613 0.054640960693359386 0.04150867462158203
24 0.7652914524078369 0.23202672600746155 0.02799158096313481 0.0700762629508972
26 0.26201963424682617 0.5030874252319336 0.023702287673950218 0.05648584365844728
41 0.42307310104370116 0.7417947769165039 0.03812217712402344 0.04373359680175781
28 0.602188491821289 0.34075140953063965 0.0329612731933594 0.11234426498413086
25 0.7079975128173828 0.2311957597732544 0.027231216430664062 0.07061824798583985
25 0.6800790309906006 0.23091907501220704 0.0273673057556153 0.07110877037048338
34 0.2512532949447632 0.38380270004272465 0.025315856933593728 0.061442184448242176
28 0.6360491752624512 0.3411256313323975 0.03249549865722656 0.11173458099365235
28 0.7055733680725098 0.34090800285339357 0.0341722488403321 0.11129055023193357
55 0.4315938949584961 0.373659348487854 0.024474716186523415 0.07938952445983888
17 0.24307594299316404 0.2514228820800781 0.02750825881958005 0.06429214477539061
41 0.46772279739379885 0.7834386825561523 0.030129051208496127 0.03736190795898442
25 0.6519320487976075 0.231243634223938 0.02700672149658201 0.07107887268066407
59 0.4103982448577881 0.4949857234954834 0.023664474487304688 0.0770732879638672
34 0.2784783363342285 0.3833531379699707 0.027154302597045876 0.06238193511962892
25 0.6239473819732666 0.23078110218048095 0.027470970153808505 0.07112140655517579
41 0.4253089904785156 0.7839639186859131 0.038407325744628906 0.03783082962036133
41 0.379399847984314 0.7385039329528809 0.03528785705566406 0.043461608886718794
28 0.6345822811126709 0.4583444118499756 0.031675624847412154 0.10052099227905276
41 0.336735463142395 0.786611270904541 0.04116387367248536 0.03666229248046882
29 0.6109995365142822 0.5920093536376954 0.03928041458129883 0.14112052917480467
28 0.7769863128662109 0.34197750091552737 0.03530826568603518 0.11263265609741208
28 0.7412761688232421 0.3411501407623291 0.03503475189208982 0.11047496795654294
28 0.5691536903381348 0.45802612304687496 0.030822944641113237 0.10060672760009765
41 0.42859687805175783 0.8186024665832519 0.03754787445068358 0.030040168762207053
24 0.7935757637023926 0.23195898532867432 0.0279041290283204 0.06992635726928709
41 0.3818873405456543 0.7833280086517334 0.03841648101806644 0.04089193344116204
41 0.46692628860473634 0.7438178539276123 0.03009376525878904 0.038430404663086004
41 0.3850244045257568 0.8191221237182618 0.039807415008544955 0.028474426269531228
41 0.29338417053222654 0.8203581809997559 0.04008779525756839 0.028214645385742143
28 0.6017096996307374 0.45842885971069336 0.03228607177734377 0.10089054107666012
41 0.4678163051605224 0.8183210372924805 0.03241710662841796 0.030878448486328147
41 0.2879934310913086 0.7872653484344483 0.0402124404907227 0.038799953460693426
28 0.6679561138153076 0.4577735900878906 0.0338088035583497 0.10139999389648435
28 0.5681654930114746 0.3422473669052124 0.031755256652831965 0.1119031429290771
59 0.43541297912597654 0.49469609260559083 0.024861812591552734 0.0767849922180176
41 0.33958871364593507 0.8199760437011718 0.040396928787231445 0.02815933227539069
46 0.337028694152832 0.6253897666931152 0.06113214492797853 0.04520473480224607
29 0.5715597152709961 0.5909776210784912 0.03907070159912107 0.14122171401977546
28 0.735729455947876 0.4584544181823731 0.03313331604003911 0.10162801742553712
28 0.7018980026245117 0.45827059745788573 0.03213310241699219 0.10139617919921873
23 0.567798662185669 0.2296718120574951 0.0268179893493653 0.06873931884765624
18 0.5679479598999024 0.22948994636535647 0.027026557922363303 0.06722736358642581
19 0.4657897472381592 0.2549879550933838 0.015542602539062478 0.06589908599853514
29 0.6514634132385254 0.5916092872619629 0.041097831726074174 0.14076023101806634
29 0.7368077278137206 0.5892037868499755 0.0470248222351074 0.1419913291931153
61 0.633160400390625 0.8205612182617188 0.04045734405517576 0.029244995117187478
46 0.2776580095291138 0.6215028762817383 0.05648608207702638 0.04979820251464839
61 0.7302042484283447 0.7409619331359862 0.0413508415222168 0.05068912506103518
51 0.3533632040023804 0.37314195632934566 0.024414825439453114 0.07962112426757811
59 0.46230077743530273 0.4952323913574219 0.02563762664794922 0.07424468994140626
41 0.7259260177612304 0.7848076343536377 0.039793205261230424 0.037215137481689475
28 0.7687483787536622 0.45941963195800783 0.030415153503417947 0.10286188125610352
45 0.3564817428588867 0.5705960273742676 0.05129785537719728 0.029483795166015625
61 0.7237029075622559 0.8215824127197267 0.0430408477783204 0.03391609191894529
29 0.6925260543823242 0.590758466720581 0.04039630889892576 0.14117631912231443
61 0.6782629013061523 0.8203661918640137 0.03847007751464837 0.029474639892578147
61 0.7269803047180176 0.7849131584167481 0.040662956237792924 0.03830852508544924
33 0.22118432971014493 0.38536005434782605 0.026890851449275388 0.05802762681159418
