9 0.3609931468963623 0.8290712356567382 0.04991722106933594 0.2101921081542969
18 0.4850634574890137 0.40090060234069824 0.028126335144043002 0.06340408325195312
6 0.45972108840942383 0.8228273153305055 0.04872560501098633 0.20225110054016116
59 0.5074853897094727 0.17014992237091064 0.0232599258422852 0.06996259689331052
19 0.42833480834960935 0.39112741947174073 0.027621173858642545 0.06646075248718264
18 0.45690269470214845 0.39594571590423583 0.027434349060058594 0.06436982154846194
18 0.5123121738433838 0.406324565410614 0.025900936126709018 0.06312983036041264
18 0.5381516933441162 0.4093198299407959 0.025366210937500022 0.06271696090698242
1 0.41035147905349734 0.8258017539978026 0.04826390743255615 0.20591297149658205
14 0.40482587814331056 0.2962320327758789 0.02763376235961912 0.06343269348144531
15 0.5647897720336914 0.262692642211914 0.02487945556640625 0.06119852066040038
54 0.48205060958862306 0.15944095849990847 0.024437332153320335 0.0766843318939209
16 0.5413642883300781 0.3261748790740967 0.024062156677246094 0.05985441207885739
26 0.4161533355712891 0.4852983474731445 0.02869186401367191 0.07141284942626952
15 0.4881946563720703 0.24362778663635254 0.02502651214599616 0.057791185379028304
59 0.5314048767089844 0.1752307176589966 0.02070398330688472 0.07118816375732423
16 0.5160204410552978 0.3209542751312256 0.025312805175781272 0.06079664230346682
25 0.3855581760406494 0.4824017524719238 0.03204965591430664 0.07472476959228513
3 0.4590002059936523 0.6168824195861816 0.04112300872802738 0.1621246337890625
16 0.5890547752380371 0.3367973804473877 0.023159790039062433 0.06007986068725585
19 0.3992405891418457 0.3875563144683838 0.028623294830322277 0.06937494277954104
26 0.4453108787536621 0.48803052902221683 0.02911243438720701 0.07007637023925783
16 0.5652094841003418 0.33156237602233884 0.022379684448242232 0.05954561233520511
17 0.4335742473602295 0.22787871956825256 0.027446651458740257 0.05966500043869016
26 0.5266128540039063 0.496212100982666 0.025503540039062522 0.0647268295288086
14 0.4335818290710449 0.30207819938659664 0.028849411010742232 0.06165437698364257
15 0.5903713226318359 0.2675795316696167 0.02411918640136712 0.06200251579284671
26 0.5526332378387451 0.49883213043212893 0.024923038482666082 0.06553821563720708
23 0.562865924835205 0.41353567838668825 0.02281675338745115 0.060956978797912564
26 0.577818489074707 0.5014787673950195 0.0236968994140625 0.06327934265136714
26 0.5994279861450196 0.504837417602539 0.01963310241699212 0.060456371307373025
5 0.5822507858276367 0.6172151565551758 0.04069919586181647 0.15190010070800786
5 0.5095412254333496 0.8166565895080566 0.04674205780029295 0.20174884796142578
14 0.3782769441604614 0.2923787117004395 0.02356863021850586 0.06495695114135741
17 0.4614661693572998 0.2373257875442505 0.026698493957519498 0.05622673034667969
26 0.5002274990081788 0.49347229003906246 0.0258816719055176 0.0661544799804687
19 0.3724179983139038 0.3850539684295654 0.023328638076782204 0.0698263168334961
26 0.47335662841796877 0.4907033920288086 0.026845741271972645 0.06888828277587888
14 0.48935585021972655 0.31598820686340334 0.025736427307128884 0.06286258697509767
15 0.5391104698181153 0.25678994655609133 0.024770259857177734 0.05991888046264651
17 0.4055613994598389 0.22166462540626525 0.027152156829833962 0.058757579326629616
15 0.5140272140502931 0.25218522548675537 0.024148845672607444 0.05581011772155764
12 0.5911972999572754 0.8319189310073853 0.04668350219726569 0.13216319084167483
0 0.37165012359619143 0.6172295570373535 0.041699886322021484 0.17140274047851567
3 0.5387123107910157 0.6206216812133789 0.04128189086914069 0.15625858306884766
14 0.46204500198364257 0.30977377891540525 0.02736320495605471 0.0641445159912109
17 0.3819586277008057 0.2173217236995697 0.02049875259399414 0.058416950702667225
11 0.4148921489715576 0.6161799430847168 0.044652748107910145 0.16632881164550772
23 0.5629982948303223 0.4137619972229004 0.023259544372558505 0.060510826110839855
55 0.4324810710100344 0.14787672581117695 0.022287912912912933 0.07742117117117106
55 0.45696773373983735 0.15854144922361385 0.022287912912912933 0.07742117117117117
59 0.554270730367521 0.18047080912241123 0.02070398330688472 0.07118816375732423
23 0.5872932643425174 0.41900208868631506 0.023259544372558505 0.060510826110839855
11 0.497349960629533 0.61949938448464 0.03712172508239753 0.1748731822502323
