15 0.39080443382263186 0.41410021781921386 0.032149600982666005 0.07345571517944338
24 0.6236957550048827 0.42134991884231565 0.032315635681152366 0.07765939235687253
16 0.4561488151550293 0.41678074598312376 0.0322233200073242 0.07306368350982667
33 0.5581399917602539 0.29717586040496824 0.031525802612304754 0.07637305259704591
34 0.5898577690124511 0.2992814779281616 0.029871368408203147 0.07323312759399414
34 0.6208733558654785 0.2997154951095581 0.030175209045410156 0.07034077644348141
34 0.6518329143524171 0.29979586601257324 0.029621696472167947 0.0694875717163086
51 0.5087294578552246 0.15415605306625366 0.02997550964355472 0.09132425785064696
28 0.44825668334960933 0.90737943649292 0.04130239486694337 0.15625591278076179
16 0.49024543762207035 0.4183066368103027 0.032915019989013694 0.07536897659301756
29 0.5812852859497071 0.8648198127746582 0.056000137329101585 0.2362070083618164
17 0.35822553634643556 0.41411290168762205 0.031160354614257812 0.07414426803588864
24 0.5906068801879882 0.4212794303894043 0.03346052169799807 0.07863979339599614
16 0.4234439849853515 0.4157766819000244 0.031779098510742176 0.07260894775390625
54 0.6002663135528564 0.15728888511657715 0.029183673858642623 0.09787039756774903
29 0.6351670265197754 0.8665194511413574 0.05466537475585942 0.24057025909423824
24 0.556765365600586 0.42040845155715945 0.032155418395996116 0.07830388545989991
52 0.5696791648864746 0.1568750262260437 0.029615592956542924 0.09341785907745362
24 0.6545331954956055 0.4210365414619446 0.027992630004882835 0.07728745937347414
52 0.5386672973632812 0.15595386028289795 0.028559398651123002 0.09119682312011719
28 0.4918822288513184 0.9075298309326172 0.04293718338012692 0.16015052795410156
51 0.4784066200256347 0.15157177448272705 0.02917785644531251 0.09236288070678711
33 0.4949129930817255 0.2974275393061119 0.03217084242565804 0.07419256314192674
18 0.5235093116760254 0.4201541485324982 0.03224792480468752 0.07759170532226567
33 0.4630417023554887 0.294780704526618 0.03161500184842858 0.07566714853343398
55 0.6311928353658537 0.15910823170731708 0.028582317073170715 0.10289634146341464
55 0.661204268292683 0.16053734756097562 0.028582317073170715 0.10289634146341464
33 0.5264578956188541 0.2984026918316831 0.03047877868803428 0.07614286819306931
31 0.36587809564496176 0.921656443773567 0.03665162855228088 0.14045523545587912
32 0.5336670039834674 0.9061733980132555 0.03655929313803741 0.15488823249059935
31 0.40510656347852825 0.9213084012572892 0.041068531539675435 0.1411513204884347
