29 0.5517292673869799 0.7731829715031449 0.06198088020406756 0.20600720887543045
29 0.4855897518896287 0.7780221185376567 0.06411045135990262 0.2110298556666219
29 0.4204855852229621 0.7790721857419577 0.06411045135990262 0.2110298556666219
29 0.35538141855629535 0.7837974881613126 0.06411045135990262 0.2110298556666219
28 0.3590284778225806 0.5081380208333333 0.05145329301075269 0.11865759408602145
28 0.4209824428763441 0.5091880880376343 0.05145329301075269 0.11865759408602145
28 0.47348580309139776 0.5081380208333333 0.05145329301075269 0.11865759408602156
28 0.5249390961021504 0.5065629200268817 0.05145329301075269 0.11865759408602161
28 0.5774424563172041 0.5055128528225806 0.05145329301075274 0.11865759408602172
28 0.6517347110215053 0.581117691532258 0.05302839381720448 0.14385920698924737
