17 0.4879392147064209 0.16862866878509522 0.0304096221923828 0.05420284271240233
9 0.38043532371520994 0.581600284576416 0.041104412078857455 0.14126758575439458
0 0.5518634796142579 0.583522891998291 0.04131870269775384 0.14782876968383785
15 0.3793487071990967 0.3350043773651123 0.029027557373046853 0.0530578136444092
1 0.46616525650024415 0.5813033103942871 0.04156150817871096 0.14611148834228516
5 0.4214831829071045 0.770631980895996 0.03902397155761722 0.14947166442871096
16 0.4688078880310058 0.3385170459747314 0.029670524597167958 0.05201063156127933
15 0.641780948638916 0.16904137134552003 0.030675125122070268 0.05491471290588379
15 0.40862135887145995 0.3360559940338135 0.028041362762451172 0.05317211151123047
15 0.6116518020629882 0.16849877834320068 0.029238128662109397 0.054691362380981434
15 0.6727445602416993 0.16889510154724122 0.030322456359863303 0.055231523513793956
16 0.5286608695983888 0.3407982110977173 0.030339813232421853 0.052648305892944336
18 0.48941431045532224 0.4532313346862793 0.029220390319824208 0.052647972106933616
17 0.5498062133789062 0.16861002445220946 0.030054092407226562 0.054356193542480474
16 0.49854536056518556 0.3397341728210449 0.02890577316284182 0.05212116241455078
24 0.6370757579803467 0.4592763423919678 0.029862403869628906 0.054196453094482455
14 0.43841018676757815 0.3374202251434326 0.02994003295898434 0.053239536285400346
17 0.42722301483154296 0.16847572326660157 0.029876708984375 0.053034019470214855
19 0.6523239135742187 0.34386658668518066 0.029636287689209007 0.05304794311523442
4 0.503835391998291 0.767601490020752 0.041054534912109364 0.15843219757080074
17 0.3963331699371338 0.16800826787948608 0.031427860260009766 0.05356929302215574
18 0.46045122146606443 0.4525721073150635 0.02770233154296875 0.05267944335937502
25 0.5770018100738525 0.45706872940063475 0.02922210693359384 0.05362834930419924
56 0.37120752334594725 0.44989662170410155 0.029541397094726585 0.07426490783691408
18 0.6836743354797363 0.345689582824707 0.03143882751464844 0.05554771423339844
25 0.5187387466430664 0.4549097061157227 0.027719879150390536 0.05188522338867191
19 0.590507411956787 0.34265441894531246 0.029062843322753884 0.052807140350341786
5 0.6409994602203369 0.5882404327392579 0.04594440460205074 0.1439231872558594
5 0.5955778121948242 0.5863447189331055 0.041325378417968794 0.14584941864013667
17 0.5188883781433105 0.1688216209411621 0.0306881904602051 0.05375494956970214
5 0.4620832443237305 0.7705412387847901 0.03977041244506835 0.1514647483825683
16 0.5600059509277344 0.3411537170410156 0.03020477294921875 0.052477645874023426
17 0.4573317527770996 0.1688157796859741 0.03021278381347653 0.05359919071197508
47 0.43247971534729 0.4468407154083252 0.026694297790527344 0.0605015754699707
17 0.36548213958740233 0.1752023220062256 0.030286788940429688 0.07008118629455565
2 0.5089016914367676 0.5826094627380372 0.04168004989624019 0.14588661193847663
3 0.42304677963256837 0.5799500942230225 0.042327880859375 0.143183422088623
17 0.5805538177490235 0.1685953140258789 0.03166007995605469 0.05426282882690431
25 0.5470670700073241 0.45644941329956057 0.029144668579101585 0.052862071990966764
24 0.6683168411254883 0.4613356590270996 0.030891036987304776 0.05831708908081057
29 0.5974549293518066 0.7672199726104736 0.04903564453124998 0.16909341812133782
56 0.4006402969360352 0.4453429222106934 0.027324485778808583 0.06146364212036132
29 0.6450901985168458 0.7694316864013673 0.044769668579101585 0.1681629180908203
29 0.5492215156555176 0.7650643348693849 0.04754695892333993 0.1690868377685547
19 0.6214532852172852 0.3429967880249023 0.030721855163574174 0.053278732299804676
25 0.606961441040039 0.45823283195495607 0.029086303710937567 0.05421457290649412
5 0.3800644397735596 0.7718714714050293 0.039871597290039085 0.14879512786865234
