29 0.23360984325408934 0.8783872604370118 0.034199380874633784 0.15577163696289065
29 0.3209055423736572 0.8242236852645874 0.02706151008605956 0.12587170600891107
29 0.19727873802185059 0.8933086395263672 0.03771610260009767 0.15785560607910165
29 0.2945445299148559 0.8397718667984009 0.02681570053100585 0.14025645256042485
29 0.26641082763671875 0.8545286417007446 0.03209772109985354 0.13086390495300293
29 0.1552969217300415 0.9066024780273438 0.04399242401123049 0.1596416473388672
29 0.45758256912231443 0.20302197933197022 0.015478706359863315 0.08142781257629395
29 0.4714031219482422 0.20573200583457946 0.014762783050537132 0.08215714693069456
28 0.3871792793273926 0.805504035949707 0.01741485595703124 0.07723140716552734
32 0.36853966346153844 0.8120377218934911 0.01849112426035504 0.06645247781065089
32 0.3460036057692307 0.8247503698224852 0.01849112426035504 0.06645247781065089
28 0.4044206057779888 0.798175115698188 0.012603869804969192 0.07686520920702677
28 0.4179456360946745 0.786323502218935 0.010979105029585823 0.06703032544378695
28 0.43123613165680474 0.7817007211538463 0.010979105029585823 0.06703032544378695
