18 0.4265076637268066 0.5321801185607911 0.04082660675048827 0.06708717346191412
18 0.3856760025024414 0.5338024139404297 0.04075775146484378 0.06916284561157227
18 0.34218983650207524 0.537218713760376 0.0449230194091797 0.06710128784179692
16 0.4687821388244629 0.41777887344360354 0.046574974060058616 0.07602910995483397
16 0.5172983646392822 0.4152565479278565 0.04649372100830079 0.07637910842895507
25 0.5502358436584472 0.527069091796875 0.04010267257690425 0.06581878662109375
28 0.4853249073028565 0.7521412372589111 0.043876647949218806 0.09132413864135747
2 0.44431376457214355 0.18960858583450318 0.07828168869018559 0.28065249919891355
16 0.3746205806732178 0.4216897010803223 0.04528007507324222 0.07608804702758787
29 0.3372821569442749 0.897649097442627 0.05626082420349121 0.14188079833984368
17 0.22984747886657714 0.4279934048652649 0.049521684646606445 0.076467490196228
19 0.612060832977295 0.41288357973098755 0.04635181427001955 0.07860391139984135
54 0.44006690979003904 0.6394233703613281 0.036816787719726574 0.08651847839355464
2 0.3650894641876221 0.19692819118499755 0.07814760208129884 0.2736938953399658
19 0.5646482944488526 0.4134888172149658 0.045440959930419966 0.07645587921142577
47 0.27591142654418943 0.6562923908233642 0.038709402084350586 0.07913284301757806
16 0.4214423179626465 0.42053875923156736 0.04606637954711912 0.07465972900390622
29 0.39412679672241213 0.8958383560180665 0.05548458099365233 0.14220390319824217
14 0.3274362087249756 0.42310333251953125 0.04817390441894531 0.07770738601684568
29 0.45197477340698244 0.8934666633605957 0.05788192749023441 0.1444461822509765
5 0.5242978096008301 0.19493249654769898 0.07521076202392574 0.28934528827667233
28 0.39617056846618653 0.7586956024169922 0.04341421127319334 0.09273300170898446
28 0.44110851287841796 0.7551431655883789 0.04355468750000002 0.09194660186767578
52 0.40184526443481444 0.6424242496490478 0.036370372772216775 0.08592376708984373
15 0.2782486915588379 0.42661633491516116 0.047175216674804676 0.07681732177734374
26 0.5930773735046386 0.5238692283630371 0.040172576904296875 0.06840667724609373
28 0.3505240917205811 0.7620560646057128 0.04667062759399415 0.09301185607910156
2 0.2869324922561646 0.20189337730407714 0.07933979034423827 0.2687845230102539
28 0.3043222427368164 0.7657221794128418 0.044829702377319314 0.09222908020019527
59 0.550753402709961 0.6337640762329102 0.03716220855712893 0.0863037109375
5 0.6056206703186036 0.1886560320854187 0.080496597290039 0.2775687456130982
23 0.2988719940185547 0.5387544631958008 0.041648483276367165 0.07029342651367188
2 0.20530388355255128 0.20685768127441406 0.09394464492797855 0.27404432296752934
29 0.509952449798584 0.8890549659729003 0.05566425323486329 0.1434663772583008
28 0.5298443794250488 0.7499655723571776 0.04461650848388676 0.08943595886230471
33 0.5092335700988769 0.5283724784851074 0.0393110275268555 0.06880989074707033
56 0.318437147140503 0.6514939785003662 0.0412613868713379 0.07875604629516608
33 0.468352222442627 0.5297805786132812 0.0397791862487793 0.0678230285644531
29 0.5660410404205323 0.8853008270263671 0.052592563629150324 0.14487228393554685
51 0.5127951622009277 0.6351389408111572 0.03610172271728518 0.08584766387939446
23 0.25471670627593995 0.5424794197082519 0.045506095886230474 0.07032146453857424
55 0.5897807459677419 0.6368657594086021 0.029401881720430012 0.082955309139785
56 0.36031325709435247 0.6520551214935959 0.041008230434951 0.08197846669022757
28 0.5791975380271993 0.7478654379485756 0.04461650848388676 0.08943595886230471
