55 0.5133652687072754 0.8211359024047852 0.02851037979125981 0.08570289611816406
15 0.47214431762695314 0.31531519889831544 0.0349393844604492 0.08352241516113279
14 0.6620478153228759 0.3161685228347778 0.03765182495117181 0.08831491470336911
16 0.5421184062957765 0.4581049919128418 0.03312339782714846 0.07269039154052731
59 0.5798581123352051 0.6899623870849609 0.02837581634521491 0.09377164840698238
16 0.5778542518615722 0.457490348815918 0.03414802551269536 0.07279338836669919
16 0.5068775177001954 0.45837249755859377 0.03445091247558596 0.07332229614257812
14 0.6234804153442383 0.31702380180358886 0.035592079162597656 0.08726587295532229
54 0.4823210716247559 0.8200299263000488 0.03152589797973632 0.08781871795654295
19 0.4341892242431641 0.45900163650512693 0.03500690460205075 0.07354869842529294
17 0.36125707626342773 0.31502690315246584 0.033051586151123025 0.0835402488708496
25 0.5428605079650879 0.589887523651123 0.03326759338378915 0.0712770462036133
25 0.5774016857147217 0.590859317779541 0.032864856719970637 0.07147216796875
17 0.4353201866149903 0.3156124591827393 0.037622642517089855 0.0832219123840332
15 0.5483238220214843 0.31554894447326665 0.035657310485839866 0.08507866859436036
26 0.3958761215209961 0.702940034866333 0.029707813262939475 0.062421989440918035
55 0.5426006317138672 0.8233665466308593 0.02792139053344722 0.08111228942871096
19 0.3988833427429199 0.4587118148803711 0.03395891189575195 0.07359981536865234
17 0.3969764232635498 0.31582417488098147 0.03725137710571291 0.08546714782714843
59 0.6104594230651855 0.6906949043273926 0.03029346466064453 0.09330768585205074
25 0.6121485710144043 0.5910188674926757 0.03340435028076172 0.07224054336547858
59 0.5508233547210692 0.6897851467132567 0.028090381622314475 0.09158620834350584
33 0.44445281028747563 0.5855061054229735 0.03105478286743163 0.06787834167480467
15 0.5085544109344482 0.3142733097076416 0.037336158752441395 0.08178577423095701
26 0.4266182899475097 0.7030235290527344 0.03035850524902345 0.06326007843017578
25 0.5090253353118896 0.5889252662658692 0.03221454620361325 0.0686742782592773
26 0.4888916969299316 0.7030332565307618 0.030288887023925737 0.06324195861816406
26 0.45768194198608403 0.7030003547668457 0.030548858642578114 0.06234035491943357
33 0.476243257522583 0.5862510681152344 0.030860710144043013 0.0705126762390137
14 0.5867846488952637 0.31662442684173586 0.034924221038818426 0.08690848350524899
52 0.6603901863098145 0.8257920265197753 0.029522514343261697 0.09332218170166018
23 0.6536437034606933 0.4591814517974854 0.0348260879516602 0.0741875648498535
47 0.7089574337005615 0.15957865715026856 0.036255836486816406 0.1040907859802246
25 0.6470851898193359 0.5919650554656982 0.03384685516357422 0.07313938140869136
34 0.3784157752990723 0.5862982749938965 0.031133079528808616 0.0719886779785156
26 0.5201374053955079 0.70404953956604 0.030405616760253884 0.0638195991516114
59 0.6423306465148926 0.6913214683532716 0.02985668182373047 0.09250793457031248
59 0.6729070663452148 0.6912717819213867 0.029077339172363215 0.09423627853393546
19 0.36790928840637205 0.45889921188354493 0.028288459777832065 0.07459068298339844
24 0.6831803321838379 0.5936822414398193 0.034041976928711026 0.07364435195922858
23 0.6902023315429688 0.45989093780517576 0.03449544906616209 0.07788419723510742
34 0.41126513481140137 0.58547945022583 0.032054138183593706 0.06923961639404297
18 0.6159725189208984 0.45895586013793943 0.036473846435546964 0.07400035858154297
47 0.6686846733093261 0.1574537754058838 0.0408089637756347 0.10421466827392578
29 0.42319154739379883 0.9185229301452638 0.03371086120605471 0.08456859588623045
14 0.4703237056732178 0.4596550941467285 0.03518133163452147 0.07500972747802737
14 0.7005917072296143 0.31603982448577883 0.03575963973999019 0.08835692405700685
29 0.3920131683349609 0.9191507339477538 0.02630014419555665 0.08573093414306643
47 0.6260005950927734 0.15810459852218628 0.03822860717773435 0.10537655353546144
47 0.5845493810639966 0.15880716147182655 0.03822860717773435 0.10537655353546144
51 0.5739939298561151 0.8216473696043165 0.023887140287769837 0.07798448741007191
51 0.5999887589928057 0.8209448066546763 0.025292266187050383 0.07657936151079137
29 0.46030092239379883 0.9185229301452638 0.03371086120605471 0.08456859588623045
29 0.49838685989379883 0.9214526176452638 0.033710861206054654 0.08456859588623045
