41 0.3877475023269653 0.6880502223968505 0.047731637954711914 0.0498990058898926
41 0.33836963176727297 0.7619059562683106 0.04379129409790039 0.05090408325195306
41 0.540713119506836 0.8531741142272949 0.04221954345703127 0.0447942733764648
41 0.39255075454711913 0.8598581314086914 0.043535137176513694 0.04419441223144527
44 0.48917760848999026 0.5640233039855957 0.046780395507812544 0.03328018188476556
41 0.38965718746185307 0.7603934288024903 0.044020605087280285 0.05085945129394531
41 0.49271526336669924 0.8547609329223633 0.04180927276611329 0.043212509155273415
41 0.5884626388549805 0.8527509689331054 0.04096918106079095 0.04467620849609377
41 0.5900183677673341 0.8050060510635376 0.04255733489990232 0.048036146163940474
41 0.34022836685180663 0.8127075433731079 0.04391956329345703 0.04744257926940909
41 0.44289770126342776 0.8583570480346681 0.04344215393066403 0.0430580139160156
61 0.33290302753448486 0.5002301216125489 0.050991058349609375 0.0620602607727051
41 0.3909885883331299 0.8112215995788574 0.04505662918090825 0.0477642059326171
41 0.4397119998931885 0.6869042396545411 0.045716285705566406 0.051056194305419855
41 0.5929208755493165 0.684081745147705 0.04603567123413088 0.05180377960205085
41 0.5426765441894532 0.6848831653594971 0.04566516876220705 0.05272665023803713
41 0.6463568687438965 0.685243797302246 0.04513416290283201 0.05030460357666022
41 0.3416662931442261 0.8613525390625001 0.04468035697937012 0.04381980895996096
44 0.4380693912506104 0.5285254001617432 0.04549522399902345 0.03389053344726556
41 0.6471430778503418 0.48165130615234375 0.04364547729492185 0.040652465820312456
41 0.6448718070983888 0.6291909694671631 0.043945693969726585 0.0562008857727051
44 0.4376030921936035 0.564604663848877 0.04618225097656253 0.03307275772094731
44 0.490095329284668 0.5274397850036621 0.048127365112304754 0.035965919494628906
41 0.6381756782531738 0.8619118690490722 0.04385709762573242 0.04968910217285161
41 0.441910982131958 0.809449291229248 0.04517517089843748 0.04635410308837895
41 0.5424826622009278 0.8047683715820313 0.04236927032470705 0.048394203186035156
41 0.4916155815124512 0.6859545707702637 0.0468206405639649 0.05186252593994145
41 0.6402667999267577 0.8127013206481933 0.0444923400878906 0.04859523773193364
41 0.5939096927642822 0.6283376693725586 0.0435028076171875 0.05317001342773431
41 0.4411892890930176 0.7579276084899902 0.04465961456298828 0.052109909057617254
41 0.5423750877380371 0.7537938594818115 0.0416717529296875 0.05066900253295903
41 0.492087984085083 0.7565390586853027 0.04311714172363279 0.05083036422729492
41 0.49176349639892575 0.6297154426574707 0.04635486602783201 0.054576969146728604
41 0.6427207946777344 0.7599420547485352 0.04416389465332027 0.052065467834472745
41 0.3348891496658325 0.689166784286499 0.044352102279663075 0.049041366577148526
41 0.5442982673645019 0.6287070274353028 0.04371576309204106 0.05470619201660154
41 0.4938401222229004 0.8061716079711914 0.043189239501953136 0.04541854858398431
41 0.3338013648986816 0.6354385375976562 0.04527225494384762 0.05443859100341797
41 0.5917517185211181 0.7557035446166993 0.04200830459594729 0.04988851547241213
44 0.539550495147705 0.5629435539245606 0.046109580993652366 0.033555889129638694
44 0.5416716575622558 0.5256890296936034 0.04566469192504885 0.036264991760253884
41 0.3865936756134033 0.632716989517212 0.04701423645019531 0.05390157699584963
41 0.6458213329315186 0.5586692810058593 0.04784479141235343 0.03687019348144538
44 0.43746275901794435 0.48885221481323243 0.04550161361694338 0.0420915603637696
41 0.6460918426513672 0.5220427513122559 0.04616813659667973 0.039463806152343794
61 0.3896114587783813 0.49874420166015626 0.046809530258178744 0.059591388702392556
41 0.4394814968109131 0.6315016269683837 0.04541854858398442 0.05216159820556643
61 0.38918573856353755 0.5553714752197265 0.04633517265319825 0.05216627120971673
41 0.5933334350585937 0.524230670928955 0.048401260375976585 0.03819980621337893
42 0.5903057098388672 0.5604336738586426 0.048368644714355424 0.03414201736450195
44 0.5435862064361572 0.4853052139282227 0.04673633575439451 0.042886924743652355
44 0.48966274261474607 0.4869210243225098 0.04709625244140625 0.041991901397705145
42 0.6458020210266113 0.5217701911926269 0.047019577026367276 0.03914251327514651
41 0.7449585914611816 0.8745677947998047 0.04464740753173835 0.04695663452148435
41 0.78905348777771 0.8750436782836915 0.0348746299743653 0.04372177124023435
42 0.6458115100860595 0.5591347694396973 0.04751777648925781 0.03537197113037116
58 0.3152412280701754 0.1679002192982456 0.05825109649122806 0.03940515350877191
36 0.37349232456140347 0.1679002192982456 0.05825109649122806 0.03940515350877191
36 0.43516995614035087 0.1679002192982456 0.05825109649122806 0.03940515350877191
36 0.4951343201754386 0.16961348684210525 0.05825109649122806 0.03940515350877191
36 0.5610951206140351 0.1679002192982456 0.05825109649122806 0.03940515350877191
36 0.6261992872807018 0.16875685307017546 0.05825109649122806 0.03940515350877191
61 0.33596325861780263 0.5592641951745017 0.04487059618297379 0.049920074563277406
