15 0.29457478523254393 0.4167820930480957 0.028817081451416038 0.04985895156860354
34 0.3146322250366211 0.6165560245513917 0.025702476501464844 0.05581369400024416
15 0.32350873947143555 0.41865363121032717 0.028508377075195268 0.04976692199707028
47 0.6696139335632324 0.4210460543632507 0.02586650848388672 0.06414492130279542
47 0.6433459281921386 0.4182152271270752 0.02537250518798828 0.06448802947998045
14 0.3809357166290283 0.4242254257202148 0.027756547927856423 0.049299049377441395
34 0.2868669033050537 0.6143908500671387 0.02729387283325191 0.058022594451904386
14 0.2353184938430786 0.5210708618164063 0.029945898056030262 0.04926586151123047
19 0.4060077667236328 0.5311136245727539 0.02564249038696287 0.047011947631836026
52 0.3944940805435181 0.6121315002441406 0.024805498123168956 0.07075901031494136
56 0.5597208499908447 0.4130471110343933 0.02917003631591797 0.06645681858062741
14 0.40976856946945195 0.42753233909606936 0.028287720680236828 0.04915037155151364
14 0.46552410125732424 0.43147735595703124 0.026839637756347623 0.050402259826660134
15 0.2653651714324951 0.4139878749847412 0.029347896575927734 0.050768375396728516
19 0.4326170921325684 0.5324834823608398 0.025786018371582065 0.04789886474609373
17 0.23480010032653809 0.41144083738327025 0.030037689208984364 0.050035500526428245
14 0.43782196044921873 0.4296297550201416 0.027400779724121083 0.04943408966064455
16 0.2656119346618652 0.5227058887481689 0.029314184188842796 0.047380542755126986
14 0.35224862098693843 0.4213137149810791 0.027506637573242176 0.049730777740478516
56 0.588797664642334 0.41447935104370115 0.0268610000610352 0.06580839157104496
56 0.6162378311157226 0.4160314559936523 0.025707817077636697 0.06522407531738278
19 0.37855162620544436 0.5296772480010986 0.0270554542541504 0.046199035644531206
34 0.34172043800354 0.6161465167999267 0.02634944915771481 0.0579561233520508
59 0.3799846410751343 0.6966012954711913 0.023986148834228505 0.06301298141479494
19 0.29486467838287356 0.5242142677307129 0.027634382247924805 0.04761981964111328
59 0.404848575592041 0.6975636005401611 0.02320032119750981 0.06231822967529299
17 0.20522665977478027 0.4093595623970032 0.029775047302246116 0.051618170738220226
59 0.3548300743103027 0.6960351943969727 0.024018192291259788 0.06294136047363275
1 0.3213188886642456 0.9228870391845703 0.03547019958496095 0.1029945373535156
19 0.3503941535949707 0.5272609710693359 0.027088451385498036 0.04767284393310545
14 0.2038438081741333 0.523365354537964 0.030980348587036133 0.055473709106445335
59 0.4294711112976074 0.6985579013824463 0.023306274414062467 0.061108303070068426
19 0.3230601787567139 0.5253633499145507 0.027343082427978505 0.04755868911743166
33 0.25811834335327144 0.6142334461212158 0.027149009704589833 0.05270948410034182
59 0.3298941612243652 0.6951207637786865 0.024329280853271518 0.06330986022949225
29 0.3646605491638184 0.9105971336364747 0.042464542388916005 0.1289081573486328
28 0.2749394416809082 0.7869236946105957 0.03149843215942383 0.08793487548828127
26 0.2022136688232422 0.6990382194519043 0.027451896667480463 0.047273540496826194
59 0.3047338485717773 0.6939605712890625 0.024168014526367188 0.06445713043212886
59 0.27956705093383794 0.6924174785614013 0.024260234832763683 0.06616754531860347
29 0.4065286636352539 0.9093863487243652 0.0356468200683594 0.12473297119140625
28 0.6080039011365245 0.6783159916502957 0.02771148681640634 0.08631286621093748
55 0.44478273391723633 0.614472246170044 0.022938346862792947 0.06884346008300779
59 0.2542283058166504 0.6910699367523194 0.02453727722167967 0.06640520095825198
1 0.28480019569396975 0.9245449066162109 0.03412599563598634 0.10225219726562496
28 0.6370858656293223 0.6797507946593289 0.028616714477539107 0.08543758392333978
29 0.5279042243957519 0.9100542068481445 0.03971290588378906 0.12236557006835946
28 0.6923342691785166 0.6819800083739285 0.0261452674865722 0.08335895538330085
18 0.4582344055175781 0.5335305690765381 0.02386226654052731 0.04737138748168945
33 0.20167617797851561 0.6134258270263672 0.02679805755615236 0.04689378738403316
59 0.22911181449890136 0.6904811859130859 0.02425069808959962 0.0656118392944336
28 0.3075296878814697 0.7878369331359862 0.03247203826904299 0.0868400573730469
28 0.6655360685712168 0.681183213482571 0.0271703720092773 0.08411951065063483
8 0.20887281894683837 0.9249649047851562 0.03560347557067872 0.10405273437499996
25 0.7467377662658692 0.6085140228271484 0.026638603210449197 0.05374622344970703
2 0.2477562427520752 0.9253803253173828 0.035736274719238265 0.10286521911621094
28 0.5787768827802012 0.6774678890807155 0.030415725708007768 0.08701887130737307
23 0.720316219329834 0.6072674751281739 0.025237655639648415 0.05478038787841799
51 0.36874370574951176 0.6112786769866942 0.024075794219970692 0.06834974288940432
55 0.4202577590942383 0.6133028507232666 0.02279243469238279 0.0691574096679688
33 0.22990648746490477 0.6138453006744384 0.026799964904785173 0.049290943145751887
23 0.7349126815795899 0.5147481918334962 0.024441528320312433 0.05568542480468752
29 0.5678726196289063 0.9097993850708008 0.038680648803710915 0.12288742065429681
28 0.722234772337086 0.6826847260100369 0.0314594268798829 0.08275222778320312
23 0.7602047920227051 0.5161333084106445 0.02463245391845703 0.05676670074462886
23 0.6332353591918946 0.5071849346160888 0.025518608093261674 0.05844688415527338
28 0.24135375022888184 0.7859628677368165 0.031710147857666016 0.0882938385009765
23 0.607145643234253 0.5049793720245361 0.025244140625000022 0.058361434936523404
23 0.5803549905793857 0.5049793720245361 0.025244140625000022 0.058361434936523404
23 0.5539964452254034 0.5045472647236512 0.025244140625000022 0.058361434936523404
23 0.7085541362256076 0.5147481918334962 0.024441528320312433 0.05568542480468752
23 0.6840358185557137 0.5126273796621676 0.022489502155675245 0.057334405342034545
23 0.6589735951043862 0.5108989504586279 0.024217931359215017 0.058198619943804375
23 0.6948690722473954 0.6068893457935973 0.02255064449479094 0.05575255841280502
23 0.6469051618491652 0.6040400377753719 0.0242790736983306 0.05521779678968186
23 0.6713192243491652 0.6057604578743994 0.022118537193905996 0.05606599318242722
23 0.547304428995183 0.5993328263274336 0.024711180999215543 0.057902378318584136
23 0.5719345451456255 0.5997109556620099 0.022118537193905996 0.05606599318242722
23 0.5954843930438555 0.6008398435812079 0.02255064449479094 0.05575255841280502
23 0.620931540126294 0.6012179729157845 0.025237655639648415 0.05478038787841799
28 0.5468009425147146 0.6778999963816006 0.030415725708007768 0.08701887130737307
29 0.6069887692949414 0.9097348635175586 0.03740520477294906 0.1247448929643209
29 0.6441499971710476 0.9097348635175586 0.0339483463658693 0.12560910756609078
29 0.679150688542729 0.9080064343140188 0.0339483463658693 0.12560910756609078
28 0.20942170657808817 0.7875129669431655 0.031710147857666016 0.0882938385009765
28 0.33975756319742356 0.7902839320046562 0.027206103763882994 0.08721487408592588
28 0.369171626984127 0.7907042359548901 0.03162202380952378 0.08513418682037843
28 0.4009864818482172 0.7914186507936508 0.02875620297023218 0.08680555555555558
28 0.4335556308288555 0.7910142557961601 0.03162202380952378 0.08513418682037843
28 0.5613128088750917 0.7854600195551682 0.030415725708007768 0.08701887130737307
28 0.5912526465744806 0.786664531796281 0.02771148681640634 0.08631286621093748
28 0.6199782013957457 0.7870301057907159 0.028616714477539107 0.08543758392333978
28 0.6491412236807058 0.7881061149424251 0.0271703720092773 0.08411951065063483
28 0.6759394242880057 0.7885465001622498 0.0261452674865722 0.08335895538330085
28 0.7051271081035093 0.7896076274698909 0.0314594268798829 0.08275222778320312
28 0.5307625072957364 0.785892126856053 0.030415725708007768 0.08701887130737307
