4 0.6085291862487793 0.6278691291809082 0.037872028350830034 0.13361091613769527
14 0.5470100402832032 0.281658411026001 0.027890777587890603 0.0641572952270508
26 0.4569068908691406 0.48835315704345705 0.025648021697998014 0.04801483154296876
14 0.4340333938598633 0.27788491249084474 0.027730274200439498 0.06397910118103026
3 0.3668233394622803 0.6196810722351074 0.03935413360595702 0.13103637695312498
0 0.5259566454760796 0.62438134598521 0.04477503869385835 0.1382469286960839
18 0.40189591646194456 0.3749572277069092 0.028969359397888195 0.04885635375976566
14 0.6051547050476074 0.2831784725189209 0.028522300720214777 0.06586837768554688
14 0.4624785423278809 0.27852458953857423 0.027983283996582065 0.06509609222412108
14 0.5761904716491699 0.2826183795928955 0.027738094329833984 0.06531343460083011
14 0.49074726104736327 0.2794517517089844 0.02748928070068357 0.06521186828613282
51 0.48518848419189453 0.36600756645202637 0.025777053833007768 0.07095632553100584
14 0.5253700256347655 0.1849896192550659 0.02682361602783201 0.04874138832092287
14 0.5828526496887207 0.1869953989982605 0.029223060607910134 0.051007008552551275
14 0.6347871780395509 0.2828720092773438 0.029788875579834007 0.06532545089721681
16 0.4970876693725586 0.18346767425537108 0.02816066741943357 0.048799133300781256
14 0.6420501708984374 0.186638343334198 0.02892360687255857 0.055506110191345215
14 0.4061275362968445 0.27637016773223877 0.02716505527496338 0.06432843208312988
14 0.5185020446777344 0.28065991401672363 0.027140235900878884 0.063961124420166
14 0.34906678199768065 0.27441709041595463 0.028663158416748047 0.0656594753265381
52 0.5109485626220702 0.3664240837097168 0.024484252929687478 0.07072753906249996
17 0.38464946746826173 0.1800621271133423 0.02773151397705076 0.05146675109863283
54 0.5625268936157226 0.36737666130065916 0.024892425537109353 0.07117633819580077
51 0.5364449501037598 0.366920280456543 0.025318717956542947 0.0715630531311035
14 0.5533648014068604 0.18634083271026614 0.028939437866211004 0.049511766433715826
54 0.6151283740997314 0.3683338642120362 0.027165603637695268 0.07261877059936522
14 0.6124266147613525 0.1869732141494751 0.028529357910156206 0.05111374855041506
3 0.240479040145874 0.5686059951782227 0.04050073623657224 0.12243709564208982
18 0.3732833385467529 0.37438263893127444 0.028965187072753917 0.04938216209411622
16 0.46930675506591796 0.18248980045318602 0.027311706542968772 0.0490469455718994
54 0.5884453773498535 0.368021821975708 0.02503147125244143 0.07192754745483398
25 0.40345339775085454 0.48691616058349607 0.0252211570739746 0.047999572753906206
17 0.4126360774040222 0.18062744140625 0.028045678138732877 0.05044298171997069
17 0.3551650047302246 0.18669556379318236 0.029765415191650435 0.06598298549652101
16 0.44080801010131837 0.18170995712280275 0.028107166290283203 0.05002794265747071
25 0.351001787185669 0.4888303279876709 0.026185321807861317 0.055280208587646484
14 0.378193998336792 0.274289608001709 0.027747011184692416 0.06396045684814455
5 0.5689755439758302 0.6257652282714844 0.0386177062988281 0.13494300842285156
1 0.4045743465423584 0.6203886985778808 0.03641643524169924 0.13506317138671875
56 0.5380486011505127 0.4872995376586914 0.023779201507568404 0.05289154052734374
26 0.4844329833984375 0.48787593841552734 0.02712726593017578 0.04925823211669922
0 0.16109256744384765 0.5733554840087891 0.038657951354980485 0.12742328643798828
25 0.37732672691345215 0.48627638816833496 0.025485324859619185 0.048852348327636685
18 0.43055047988891604 0.37577385902404786 0.02793426513671876 0.04889307022094724
1 0.48209438323974607 0.6215171337127685 0.04091281890869136 0.1372555732727051
25 0.45810518264770506 0.37588162422180177 0.026256561279296875 0.04996299743652344
28 0.5128421783447266 0.8323513984680175 0.03364372253417969 0.1107862472534179
18 0.3441523551940918 0.3796834945678711 0.02907953262329105 0.062344264984130815
25 0.4296208381652832 0.4875432014465332 0.026218032836914096 0.04743175506591796
28 0.5463778495788574 0.8332029104232788 0.03111820220947259 0.11040387153625486
28 0.578495979309082 0.8328215599060058 0.030424118041992188 0.10910453796386721
56 0.565233325958252 0.4876556396484375 0.02525386810302732 0.05411415100097661
56 0.5915472507476807 0.4878352165222168 0.024378490447998002 0.055620002746581965
29 0.35440740585327146 0.7941033363342285 0.042923688888549805 0.16811275482177734
29 0.441419725080507 0.7940502335539961 0.04187017373279128 0.16733166179825787
1 0.4425968170166016 0.6224559707979187 0.036479949951171875 0.1346162796020508
28 0.47860398292541506 0.8293676376342773 0.032500457763671886 0.110555076599121
56 0.5120478630065918 0.4865778923034668 0.024944496154785112 0.053008270263671886
29 0.39847928148455325 0.7943648519769179 0.04219381534947758 0.16882511324587135
28 0.6104249000549317 0.8317401885986329 0.0311639785766602 0.11155757904052732
56 0.6186776161193848 0.48791475296020503 0.026952171325683505 0.057770538330078114
3 0.1999814987182617 0.5662696838378907 0.03968296051025391 0.12703647613525393
