47 0.6833028793334961 0.39919652938842776 0.028068351745605513 0.07502613067626956
15 0.5691913604736328 0.19910045862197875 0.028744506835937544 0.06923992633819581
47 0.6517852783203124 0.3973816394805908 0.031245613098144553 0.07027912139892578
19 0.47528886795043945 0.28847494125366213 0.027326011657714866 0.05265951156616211
26 0.41708688735961913 0.39467127323150636 0.029612922668457053 0.05192933082580564
14 0.44556798934936526 0.19796545505523683 0.030185127258300748 0.06518206596374512
31 0.3730255126953125 0.6252696990966797 0.030878162384033236 0.08547153472900393
15 0.5087209701538086 0.19651557207107545 0.030324935913085938 0.06362946033477782
19 0.44624900817871094 0.2881310939788818 0.02840766906738279 0.05282258987426758
29 0.5405094146728515 0.7762860298156737 0.04322404861450202 0.162718391418457
28 0.5683290958404541 0.6160032749176025 0.03418731689453125 0.09921646118164062
26 0.3883205413818359 0.393843412399292 0.027950859069824252 0.05165786743164058
16 0.5994575500488282 0.19984872341156007 0.029320621490478538 0.06996889114379881
15 0.5394952774047852 0.19711923599243164 0.029163932800292947 0.06356225013732908
28 0.533218765258789 0.616361427307129 0.03563079833984373 0.10023012161254885
34 0.5949970245361328 0.5093998908996582 0.026927757263183638 0.057409477233886674
14 0.4769433498382568 0.19825258255004885 0.030196475982666005 0.0661545753479004
19 0.5042931079864502 0.28934488296508787 0.02955598831176759 0.054210948944091786
29 0.5849487781524658 0.7747561454772949 0.04448642730712882 0.15961265563964844
26 0.3282397508621216 0.3918107509613037 0.030264234542846657 0.05445985794067382
16 0.6307474136352539 0.19962806701660157 0.030383872985839888 0.06912908554077149
16 0.6626655578613281 0.2006365716457367 0.030685615539550848 0.07080775499343872
26 0.3589494705200195 0.3932583093643188 0.02929201126098635 0.05237088203430179
34 0.5670989513397217 0.5082760334014893 0.027561950683593794 0.056009101867675715
59 0.36324524879455566 0.49495868682861327 0.026638793945312544 0.0772377014160156
29 0.404448938369751 0.7762419700622558 0.046262836456298806 0.16317729949951165
52 0.47058606147766113 0.49644212722778325 0.027415084838867232 0.07509632110595704
16 0.6945348739624024 0.20160109996795655 0.03063621520996096 0.07626023292541503
29 0.4959461212158203 0.776536512374878 0.04556913375854499 0.1635825157165528
14 0.4133793354034424 0.1953181505203247 0.031496906280517545 0.06611852645874025
25 0.5353079795837402 0.29063246250152586 0.02881402969360347 0.053850030899047885
29 0.6293060302734375 0.7751970767974854 0.04295959472656252 0.16284284591674802
59 0.3360560417175293 0.49457740783691406 0.02541637420654297 0.07827939987182614
25 0.5650516510009767 0.2927349805831909 0.029571914672851585 0.0578793525695801
54 0.39095931053161626 0.49486355781555175 0.02639036178588866 0.07951059341430666
18 0.356815242767334 0.2851722002029419 0.0299694061279297 0.05318331718444824
24 0.6552044868469238 0.292439603805542 0.029016876220703147 0.05594053268432614
29 0.4509862422943115 0.7758975028991699 0.04551239013671876 0.16542778015136728
33 0.6238365173339844 0.5087847709655762 0.02826557159423837 0.056962776184082076
24 0.6860884666442871 0.29915504455566405 0.030154991149902388 0.06967077255249021
28 0.6038664817810059 0.6157990455627441 0.03573894500732422 0.09965114593505864
25 0.5948189735412598 0.2952465057373047 0.029089641571044877 0.06281251907348634
29 0.35896329879760747 0.7761248588562011 0.043480348587036144 0.1698030471801758
23 0.4164760112762451 0.2873793125152588 0.028415203094482422 0.05280218124389646
56 0.5972325325012207 0.3937661170959472 0.02596836090087884 0.06222229003906249
31 0.3415544033050537 0.6266331672668457 0.02965545654296875 0.09162092208862305
33 0.6533673286437989 0.5090813636779785 0.02872734069824212 0.05773410797119144
24 0.6248019218444825 0.29545946121215816 0.029481124877929754 0.06303663253784181
31 0.4328566551208496 0.6220643043518066 0.0303028106689453 0.09077672958374017
33 0.6825931549072266 0.5126072883605957 0.027331542968750067 0.0653926849365235
28 0.6377545356750489 0.6155461311340331 0.03232707977294924 0.10004577636718748
23 0.38701465129852297 0.28638970851898193 0.02926011085510255 0.05321593284606929
56 0.6220493793487549 0.3938779830932617 0.02195539474487307 0.06247234344482422
51 0.44321756362915044 0.49523038864135743 0.02454261779785155 0.07659549713134772
18 0.32513701915740967 0.2848958969116211 0.031104850769043013 0.062340831756591775
55 0.41730847358703616 0.49495573043823243 0.025119304656982422 0.07597312927246092
31 0.4011612055594461 0.6237775718956664 0.0303028106689453 0.09077672958374017
32 0.5002741228070174 0.6146347313596491 0.023985745614035048 0.10365268640350878
32 0.468150356359649 0.6159196820175439 0.029982182017543768 0.10279605263157887
28 0.6745897878680314 0.6189726662217525 0.03232707977294924 0.10004577636718748
