25 0.6771220207214355 0.19688858985900878 0.06174411773681643 0.16213722229003907
19 0.5394750595092773 0.3214142322540283 0.06454257965087895 0.12192602157592769
19 0.60447998046875 0.3296706438064575 0.061419105529785134 0.1200524806976318
25 0.7811319828033447 0.3492393970489502 0.052856731414794966 0.11146879196166992
16 0.4690865516662598 0.3115657567977905 0.0689382553100586 0.12499055862426756
25 0.725698184967041 0.34154922962188716 0.05489006042480471 0.11193842887878419
16 0.33473248481750484 0.14928243160247803 0.08410019874572755 0.1729735851287842
16 0.31906924247741697 0.29710485935211184 0.07477531433105472 0.12394089698791505
25 0.6657582283020019 0.33609910011291505 0.05810623168945317 0.11339006423950193
16 0.39516777992248536 0.30345616340637205 0.07242774963378906 0.12734208106994632
16 0.23757338523864746 0.2866531848907471 0.08345484733581543 0.13298845291137698
28 0.5597023010253905 0.8252987861633301 0.08427867889404295 0.32610740661621085
19 0.6145742416381836 0.187973427772522 0.05979366302490241 0.16213269233703614
28 0.6423676085329342 0.8274466691616766 0.08245228293413176 0.32630052395209586
0 0.46693114397818586 0.7911883287262511 0.10389366149902346 0.415132331848147
28 0.7198493637724551 0.8145817739520957 0.06783308383233533 0.297062125748503
3 0.35618143081665044 0.7846225261688232 0.11254196166992186 0.43075494766235356
3 0.23394935131073 0.7810764312744141 0.13284010887145997 0.4378471374511719
