41 0.5180911540985107 0.6444338321685792 0.051373195648193426 0.052064037322998025
41 0.5167819023132324 0.5876321792602539 0.052081680297851596 0.05915126800537118
41 0.5780949592590332 0.5893248558044434 0.05202560424804692 0.060087394714355424
41 0.5666080474853517 0.7170785427093506 0.047822093963623025 0.05283374786376949
61 0.5789115905761719 0.4420412063598633 0.0561296463012696 0.07316322326660157
41 0.45407037734985356 0.26193699836730955 0.060158443450927745 0.07592287063598632
41 0.3914039134979248 0.3340907096862793 0.05585002899169922 0.06960391998291016
41 0.5217244148254394 0.262494158744812 0.06448841094970698 0.07638154029846192
41 0.45857915878295896 0.583956241607666 0.04713191986083981 0.05615177154541007
41 0.4540360450744629 0.33441720008850095 0.05860471725463867 0.06869907379150392
41 0.4041104435920715 0.580523157119751 0.04669530391693116 0.05827398300170894
41 0.4067276954650879 0.6375000953674317 0.047512340545654286 0.05402011871337897
41 0.46476292610168457 0.7611190795898437 0.042381668090820335 0.04972362518310547
41 0.6389387130737305 0.5923813819885253 0.05340108871459959 0.06158103942871096
41 0.5111133575439453 0.715392780303955 0.04713802337646483 0.05234336853027344
41 0.5210332870483398 0.3362146854400635 0.062046432495117154 0.06871366500854492
41 0.5757490158081056 0.6473926544189452 0.050592994689941384 0.05207195281982424
41 0.567000961303711 0.7705293655395508 0.04934825897216799 0.052980232238769576
41 0.38448586463928225 0.17801480293273925 0.0568852424621582 0.08366570472717286
41 0.5216041564941406 0.17726411819458007 0.06243610382080078 0.09042549133300781
41 0.46146574020385744 0.7081123352050781 0.04224834442138675 0.051690101623535156
41 0.4605759620666504 0.6402859687805176 0.04892473220825194 0.051516723632812456
44 0.402055561542511 0.46489925384521485 0.048969054222106956 0.04084968566894531
44 0.4044778823852539 0.5062268733978271 0.04740200042724607 0.03714666366577152
41 0.6645484924316407 0.2585038661956787 0.06751594543457029 0.07857275009155273
41 0.512724494934082 0.7668654441833496 0.04703121185302733 0.04902801513671873
41 0.4525783538818359 0.1760578155517578 0.06264724731445315 0.09176230430603027
41 0.6245670318603516 0.7239389896392823 0.04745006561279297 0.05400905609130857
41 0.592691993713379 0.2618206739425659 0.06453523635864256 0.07568550109863281
41 0.6348803520202637 0.6516631603240967 0.05242233276367181 0.054750156402587846
41 0.6681705474853515 0.17324577569961547 0.064361572265625 0.0911999464035034
41 0.41647073030471804 0.703676986694336 0.041185355186462436 0.052019691467285134
41 0.59518404006958 0.17455229759216306 0.06493148803710935 0.09237732887268066
41 0.5905022621154785 0.3372234344482422 0.06246547698974614 0.07104215621948246
41 0.6592686653137207 0.3378511190414428 0.06266164779663086 0.07679491043090819
41 0.38831334114074706 0.26067638397216797 0.056363582611083984 0.07685737609863283
61 0.5144208908081055 0.44039344787597656 0.05425968170166012 0.07023925781249996
41 0.41963901519775393 0.7557033061981201 0.04234972000122067 0.050610256195068315
41 0.6215868949890138 0.777532434463501 0.04909458160400393 0.05255060195922856
41 0.6461432456970215 0.5111995697021485 0.058886241912841863 0.06437053680419924
41 0.6478998184204101 0.4393463134765625 0.062261009216308616 0.07729167938232417
61 0.5818625450134278 0.5084727287292481 0.056251144409179665 0.060645294189453136
61 0.5142898082733154 0.5048349380493165 0.056130886077880804 0.05838432312011721
46 0.6330259323120118 0.836237907409668 0.0673185348510742 0.05987281799316402
61 0.4562995910644531 0.5001081466674805 0.0510887145996094 0.056972885131835904
61 0.4554245948791504 0.4373174667358398 0.0506614685058594 0.06843795776367184
44 0.4008929871377491 0.41607112884521485 0.048969054222106956 0.04084968566894531
