56 0.7066044330596923 0.30206522941589353 0.02344636917114251 0.06114072799682618
23 0.6287461280822755 0.4188401222229004 0.02250328063964846 0.052575969696044944
52 0.42885875701904297 0.49969415664672856 0.02176380157470703 0.06769752502441412
56 0.7311172008514404 0.30218024253845216 0.023958110809326194 0.06100821495056152
54 0.473261547088623 0.4982283115386963 0.02137165069580077 0.06809968948364253
47 0.7807379245758057 0.30324549674987794 0.02447443008422845 0.062247848510742165
17 0.33052868843078614 0.3049452781677246 0.02422132492065432 0.05478343963623045
23 0.6054749488830566 0.4188508510589599 0.022800350189208896 0.05355958938598632
41 0.44723997116088865 0.7090458869934082 0.03682174682617184 0.04126262664794922
17 0.28067984580993655 0.30583829879760743 0.02524747848510739 0.05847015380859377
41 0.4054291725158692 0.712712287902832 0.035602283477783214 0.04094638824462882
17 0.3054090023040772 0.3051190853118897 0.024101924896240245 0.05629749298095704
59 0.4812458992004395 0.6358098983764648 0.01898155212402347 0.07244148254394522
41 0.41052684783935545 0.8222101211547852 0.03759460449218749 0.026122856140136652
25 0.6529094696044921 0.41924271583557127 0.023241424560546897 0.05302104949951175
26 0.3525380611419678 0.5996825218200683 0.019934654235839844 0.046277427673339866
41 0.45002145767211915 0.7896511554718018 0.034372901916503884 0.03572378158569345
17 0.3554194450378418 0.30484848022460936 0.02490100860595701 0.0539527893066406
41 0.3284463405609131 0.8241581916809082 0.03574714660644529 0.026404762268066317
41 0.320695447921753 0.7142431735992432 0.03568668365478517 0.04047470092773442
26 0.35070836544036865 0.6531715393066406 0.02108378410339351 0.04496078491210942
54 0.4512961387634278 0.49869441986083984 0.021668148040771495 0.06809568405151367
42 0.5816343307495118 0.6576674461364747 0.03700599670410154 0.026893234252929665
41 0.367743706703186 0.7921505451202393 0.03515973091125485 0.03575849533081055
41 0.32277421951293944 0.7537820339202881 0.035901546478271484 0.03933038711547843
19 0.5001136779785156 0.39130411148071287 0.019367027282714833 0.055412387847900424
26 0.30871703624725344 0.6016551494598388 0.020801162719726596 0.0489932060241699
41 0.36506199836730957 0.7532707691192626 0.03518209457397459 0.03764905929565432
15 0.4298259258270264 0.30591435432434083 0.02393922805786136 0.05728030204772949
41 0.4086959838867188 0.7912497043609619 0.036926937103271495 0.03513345718383787
14 0.4778035163879395 0.3053689956665039 0.023134517669677723 0.0569169044494629
26 0.4160739898681641 0.5991517066955566 0.020755672454834007 0.04653949737548824
41 0.4913663387298584 0.7899441719055176 0.03461780548095705 0.03516788482666011
41 0.4064729571342468 0.75296630859375 0.03710291385650638 0.03728466033935551
28 0.6257100105285645 0.548572587966919 0.02696008682250972 0.08659372329711912
47 0.7556666374206542 0.30252394676208494 0.02336463928222654 0.06214361190795897
25 0.7238451957702636 0.41904063224792476 0.02329959869384768 0.05338172912597655
41 0.4484622955322266 0.7498389244079591 0.03617210388183595 0.040341758728027366
26 0.33074560165405276 0.6007742881774902 0.02172999382019042 0.0466808319091796
26 0.45946083068847654 0.5989635467529297 0.02172546386718749 0.04758110046386721
41 0.36880750656127925 0.8231788635253907 0.036214065551757824 0.026414489746093728
24 0.7729753971099853 0.4192208766937256 0.02555723190307624 0.05536308288574221
15 0.3800908088684082 0.305234432220459 0.02411203384399413 0.05539894104003906
41 0.4517382621765137 0.8211774826049805 0.0348064422607422 0.026792144775390714
26 0.3946487426757812 0.5996447086334229 0.020914745330810558 0.04555587768554681
26 0.3945974588394165 0.6524390697479248 0.02162966728210447 0.04543876647949219
26 0.41672143936157224 0.6520934104919434 0.02092151641845702 0.04593791961669913
16 0.3360894680023193 0.3917893648147583 0.023020648956298795 0.05460753440856936
26 0.32864511013031006 0.6535840988159181 0.021281099319457986 0.04581584930419924
41 0.36318418979644773 0.7124127864837646 0.03592686653137206 0.04091014862060549
28 0.6533154010772705 0.547868013381958 0.027513217926025346 0.08781623840332031
14 0.4539906978607178 0.30565590858459474 0.023246383666992165 0.057385826110839866
25 0.7003306388854981 0.4196354866027832 0.0230463027954102 0.05306100845336914
26 0.3726476192474365 0.652641201019287 0.02130498886108395 0.04496898651123049
41 0.32625067234039307 0.7927975177764892 0.0367181777954102 0.037945461273193426
26 0.43833332061767577 0.651899242401123 0.0208407402038574 0.04582223892211912
28 0.5977385520935059 0.5490326881408691 0.028104782104492188 0.08717670440673819
25 0.6766369819641114 0.41966900825500486 0.023575019836425848 0.05288839340209961
26 0.37351930141448975 0.599577522277832 0.0211331844329834 0.046078491210937544
41 0.49022064208984373 0.7522787094116211 0.03642845153808594 0.03775043487548824
26 0.4376973152160645 0.5992118358612061 0.020741653442382824 0.047417640686035156
43 0.6995625495910645 0.628385353088379 0.03897590637207027 0.03148527145385749
28 0.6820891380310059 0.5480401992797852 0.027601623535156272 0.08665733337402337
41 0.4915116310119629 0.8217376708984375 0.03505401611328118 0.02853317260742183
26 0.30649044513702395 0.6547499656677246 0.02179570198059083 0.04827384948730473
25 0.7475557327270508 0.4181842803955078 0.023493194580078036 0.054541492462158225
15 0.40476857423782353 0.3053420066833496 0.024584364891052257 0.056925392150878884
42 0.582344150543213 0.6842368125915528 0.03654327392578127 0.026325416564941473
26 0.4604040622711182 0.6512279987335206 0.021843051910400424 0.04536991119384759
14 0.49956521987915037 0.3053837299346924 0.02010803222656249 0.05676288604736329
27 0.5787442207336426 0.7558736324310302 0.04539499282836912 0.0376050949096679
16 0.3600365877151489 0.3920113563537597 0.023607969284057617 0.05458040237426759
16 0.38384304046630857 0.391705846786499 0.02293367385864259 0.05424871444702145
31 0.735654345182615 0.5536843359284683 0.022896289825439453 0.07741355895996094
42 0.5818149089813232 0.6299561500549317 0.035017108917236306 0.026982593536376998
61 0.6603689193725586 0.6343810081481933 0.035634613037109464 0.04483394622802728
51 0.406845235824585 0.4995005130767822 0.021320629119873036 0.06799240112304683
16 0.3127847194671631 0.3918142557144165 0.02198085784912107 0.0547635555267334
61 0.6585533142089843 0.6765882492065429 0.034797286987304665 0.037979507446289085
59 0.5008824348449707 0.6353872299194336 0.01900644302368165 0.07068119049072263
55 0.4955070495605469 0.49806699752807615 0.022409629821777355 0.06897449493408203
16 0.2893630985322037 0.3930051855924653 0.02198085784912107 0.0547635555267334
16 0.4073040824595505 0.3918258616594764 0.02142460947114283 0.0548026379530992
16 0.42973326182946925 0.3932053480691057 0.023409492601224158 0.05676765752032514
19 0.47853233980530596 0.39319908001711595 0.022581701968335477 0.05757414687633722
19 0.4543793503831071 0.3927920355060236 0.021912918245889035 0.05838823589852188
23 0.581656351322081 0.4200417809370087 0.022800350189208896 0.05355958938598632
34 0.31777978912601623 0.5144817073170731 0.02500952743902435 0.05557672764227639
33 0.2915793318089431 0.5156726371951219 0.023421620934959364 0.05637068089430891
41 0.4892742955587744 0.6975817637714914 0.03532971172797972 0.03554023261961892
61 0.6218982754331647 0.63536743491587 0.035634613037109464 0.04483394622802728
61 0.6215623104211057 0.6770814625903814 0.034797286987304665 0.037979507446289085
43 0.6964369769408324 0.6575492110950554 0.03698391216194885 0.02531727095630687
43 0.6964369769408324 0.6834083427149931 0.03698391216194885 0.02531727095630687
43 0.7387242627663776 0.6812787671698217 0.03698391216194885 0.02531727095630687
43 0.7387242627663776 0.655419635549884 0.03698391216194885 0.02531727095630687
43 0.7418498354166096 0.6262557775432076 0.03897590637207027 0.03148527145385749
31 0.759688126335263 0.5536843359284682 0.022896289825439453 0.07741355895996094
31 0.7103284062626205 0.5525051858194892 0.026089055515895354 0.07794650871062947
32 0.569965683411215 0.5518642912772586 0.026467581775700855 0.0924844236760125
27 0.6248630883302976 0.7501816831703569 0.04291596380763241 0.043110021859108394
27 0.7168036715242775 0.7443039297658864 0.05042798303840157 0.03462061036789299
27 0.723727529264214 0.7817007211538463 0.04441889632107021 0.04213262959866215
27 0.6757159280936456 0.7916623118729098 0.049644648829431426 0.05225752508361192
27 0.6237850125418061 0.7998275501672242 0.049644648829431426 0.05225752508361192
27 0.5764266304347827 0.8034202550167224 0.041806020066889604 0.05291074414715713
