27 0.5312715830001156 0.7288371913200986 0.0911833273626006 0.08875845343665745
27 0.4409611571151598 0.7013101493362831 0.08772646895552094 0.08037195796460184
27 0.6271994037965758 0.7422325176475322 0.0911833273626006 0.08875845343665745
41 0.3819828539823008 0.1892629977876106 0.06913716814159293 0.10024889380530971
41 0.4622707825092841 0.17680989686216025 0.07189787082213961 0.11132766202789185
41 0.5471104213169642 0.16769513348411821 0.07765415736607129 0.11140868214680777
41 0.6390273244865905 0.15408913364267376 0.0950965914848344 0.12479324820137809
41 0.7355824936943434 0.1460655154162691 0.08228384899582963 0.1283126714575381
41 0.3886421524791167 0.2737803589705152 0.06694028616326192 0.06940774000289468
41 0.5400983049013267 0.26329306862505464 0.06886150935622481 0.07581341632131933
41 0.6250250379931352 0.25484234787238436 0.0724163375651311 0.07716547948887603
41 0.7305964870042748 0.24874852865689603 0.08627388205205655 0.07554314317237792
