16 0.48112335205078127 0.41336956024169924 0.04141044616699219 0.10040388107299808
16 0.47006664276123045 0.5111541748046875 0.03836698532104493 0.09046916961669926
25 0.5210009574890136 0.41455658674240115 0.037143039703369185 0.09768679141998288
2 0.31337966918945315 0.13848350048065186 0.07795085906982419 0.2769670009613037
16 0.43500432968139646 0.40929728746414185 0.04868831634521481 0.1050245046615601
25 0.549165916442871 0.5105902671813964 0.03886718750000007 0.09105377197265624
16 0.43030719757080077 0.5105340957641602 0.04211902618408203 0.09225444793701165
2 0.3878381013870239 0.14748141765594483 0.0705913066864014 0.2788285732269287
25 0.5099965095520019 0.5114251136779785 0.03744659423828128 0.09186916351318358
25 0.5594862937927246 0.41495457887649534 0.03840618133544926 0.09646070003509521
2 0.2322115361690521 0.13420913219451905 0.08354407548904416 0.26830420494079593
2 0.15685014724731444 0.13172831535339355 0.06285433769226076 0.25845994949340817
