23 0.24288206100463866 0.5965566635131836 0.030208587646484375 0.05907726287841797
55 0.7600341796875001 0.4277202606201172 0.022763633728027366 0.07468328475952146
54 0.759108304977417 0.32324771881103515 0.025024700164794966 0.08524074554443362
18 0.33385095596313474 0.5873983383178711 0.028895092010498058 0.05855436325073249
55 0.7140984058380127 0.4287834167480469 0.02094402313232424 0.07477951049804688
55 0.7366086959838867 0.42728261947631835 0.022776985168457053 0.07432842254638672
23 0.2744223594665527 0.5923074722290039 0.030224370956420887 0.05762844085693364
47 0.30836009979248047 0.21445648670196532 0.03543720245361326 0.0879737377166748
54 0.7342766761779784 0.3220860004425049 0.02394809722900393 0.08244218826293942
25 0.36411175727844236 0.5847984313964845 0.028074836730957065 0.0572172164916992
2 0.4009274482727051 0.815888237953186 0.03633861541748046 0.10587878227233893
24 0.4147666931152344 0.490786075592041 0.02737903594970703 0.06058540344238278
18 0.3046727180480957 0.5895220756530761 0.028969955444335893 0.058310508728027344
56 0.16427246332168577 0.21044911742210387 0.03701510429382324 0.08617469072341918
2 0.3620155334472656 0.8226551055908203 0.03857984542846682 0.10817909240722656
54 0.6917764663696289 0.4300592303276062 0.02345352172851556 0.07664396762847897
16 0.35245070457458494 0.4131416201591492 0.031047630310058583 0.06520864963531492
16 0.44082231521606446 0.2213702917098999 0.031018829345703103 0.07684345245361326
59 0.6426555633544921 0.4334607243537903 0.0253268241882324 0.07979962825775144
17 0.24178974628448485 0.3158498287200928 0.032781648635864274 0.07426671981811522
17 0.33854045867919924 0.31356105804443357 0.030532312393188488 0.07048192024230954
23 0.2123558461666107 0.599544620513916 0.029098331928253174 0.062374877929687544
29 0.6069575309753418 0.7645416259765625 0.037764549255371094 0.1317480087280274
16 0.31967988014221194 0.4139116287231445 0.0311443328857422 0.06547651290893552
17 0.20835366249084472 0.3166069030761719 0.033557939529418934 0.075789737701416
50 0.7562061309814454 0.21364965438842776 0.025906181335449197 0.08644661903381348
17 0.2744237899780273 0.31479568481445314 0.03156023025512694 0.07282829284667969
16 0.44135570526123047 0.41051570177078245 0.027464294433593772 0.06484677791595456
16 0.2238391399383545 0.41964535713195805 0.03393583297729491 0.0700052261352539
17 0.3066850662231445 0.3142523288726807 0.031940412521362316 0.07201490402221677
24 0.4426990509033203 0.48952388763427734 0.027096176147460904 0.06172885894775387
50 0.7831079483032226 0.214232736825943 0.026144409179687522 0.08475016355514525
16 0.4085340619087219 0.2214039385318756 0.03162400722503661 0.07699249982833861
26 0.27253069877624514 0.6837860584259033 0.02693405151367184 0.060129642486572266
26 0.21704478263854982 0.6898601055145264 0.024769210815429682 0.05951776504516593
16 0.2565514087677002 0.4183766841888428 0.0315818786621094 0.0684527397155762
16 0.19046076536178588 0.42139941453933716 0.03328216075897217 0.07281262874603267
52 0.5485681533813476 0.4390536308288574 0.022181129455566384 0.0802145004272461
29 0.7159809112548828 0.7480804920196533 0.03482933044433589 0.1268574714660644
29 0.6796769618988037 0.7514520645141602 0.03476505279541009 0.13198909759521482
24 0.38664774894714354 0.49187526702880857 0.027398681640624978 0.06150741577148433
26 0.564056396484375 0.5370503902435303 0.023988723754882812 0.05654640197753902
16 0.37529184818267824 0.22088983058929446 0.03368949890136719 0.07819128036499026
16 0.4125211238861084 0.41143951416015623 0.028465080261230513 0.0649892807006836
16 0.28836789131164553 0.4160134792327881 0.030637741088867188 0.06690959930419926
16 0.3830861568450928 0.4121705532073975 0.02858743667602537 0.0657522201538086
26 0.5887587547302247 0.5346707344055175 0.024678516387939387 0.05543365478515627
26 0.2998197078704834 0.6804979801177979 0.026462459564209007 0.05973730087280271
26 0.4555481433868408 0.7186299324035644 0.024100303649902344 0.05078048706054683
26 0.705096960067749 0.5243812561035156 0.0216327667236329 0.052842807769775346
25 0.32793478965759276 0.49625396728515625 0.028208827972412087 0.059058189392089844
17 0.17552638053894043 0.3165010929107666 0.03177924156188966 0.07587804794311526
25 0.44916434288024903 0.577107572555542 0.02746162414550779 0.053752136230468706
25 0.29732718467712405 0.4983476161956787 0.030713176727294955 0.0593409538269043
26 0.2758187770843506 0.7450287818908692 0.026529693603515647 0.05312957763671877
26 0.5421457290649414 0.5384358406066895 0.018604946136474565 0.05611495971679692
28 0.5935867309570313 0.6319163322448731 0.02651920318603518 0.09383907318115237
26 0.6820940494537353 0.5264867782592774 0.02316703796386721 0.053017616271972656
14 0.4627242088317871 0.3071596622467041 0.02703638076782222 0.06664466857910156
26 0.2483987331390381 0.7486230850219726 0.02586221694946289 0.05455579757690432
26 0.7485930442810058 0.5202658653259278 0.02126579284667962 0.054254722595214855
28 0.611678695678711 0.20507426857948305 0.030878448486328147 0.10380781888961793
26 0.24447143077850342 0.6866864681243896 0.027560710906982422 0.060610294342041016
26 0.3265113830566406 0.6765980243682861 0.02565112113952639 0.05825538635253913
26 0.30253939628601073 0.7412239551544189 0.02572069168090818 0.05334053039550779
26 0.6131992816925049 0.5329102516174317 0.023748016357421853 0.0541284561157227
16 0.46683874130249026 0.41008286476135253 0.022777271270751964 0.06427717208862305
26 0.6589680194854737 0.5291061878204346 0.021795463562011785 0.05220117568969729
29 0.6436622619628907 0.7606338500976562 0.03461132049560545 0.1301149368286133
34 0.6099838256835938 0.33833253383636475 0.025254249572753906 0.0654426574707031
26 0.3554131031036377 0.732349729537964 0.025671577453613315 0.05426082611083982
25 0.35767011642456054 0.49370603561401366 0.027756547927856423 0.05972900390625002
19 0.23125998973846434 0.5018294334411622 0.03070578575134278 0.061766815185546886
24 0.4678967475891114 0.4892123222351074 0.02183227539062499 0.06114349365234373
2 0.32080636024475095 0.8286177635192871 0.04059791564941406 0.11109371185302741
26 0.3291168689727783 0.7360099792480468 0.026226902008056663 0.05495319366455076
26 0.3532571315765381 0.674540376663208 0.025493526458740257 0.057213783264160156
56 0.23529131412506105 0.21171388030052185 0.03186025619506838 0.08554612398147585
26 0.4550487041473389 0.6633917808532714 0.02522459030151364 0.05704002380371087
25 0.42096734046936035 0.5793709754943848 0.02663278579711914 0.054175949096679776
26 0.7271578788757325 0.5220649242401123 0.021228027343750067 0.05268249511718753
26 0.2226710796356201 0.752640962600708 0.023514842987060552 0.05513439178466806
26 0.43024563789367676 0.7221123695373535 0.02389869689941404 0.05108623504638665
26 0.40556155443191527 0.7248206615447998 0.02396714687347412 0.051206779479980535
26 0.40410194396972654 0.6667294979095459 0.024002552032470703 0.05236968994140623
29 0.5742471218109131 0.7634077072143555 0.027103328704833896 0.13796520233154297
25 0.3929410219192505 0.5823844909667969 0.027501058578491222 0.05481319427490239
28 0.6977531909942627 0.6149706840515137 0.029137611389160156 0.09649715423583993
28 0.7284285068511962 0.6121984481811523 0.03063545227050779 0.09493331909179692
26 0.38089151382446285 0.7282173156738281 0.024735260009765614 0.051744270324706965
15 0.4320892333984375 0.30708677768707277 0.03233623504638672 0.07238554954528809
26 0.6363858222961425 0.531038761138916 0.02238407135009768 0.0530950546264648
29 0.546825361251831 0.772647762298584 0.03186378479003904 0.12817001342773438
26 0.42910566329956057 0.665560531616211 0.024366092681884777 0.05567541122436526
56 0.27062020301818845 0.21263067722320556 0.0336750030517578 0.08531069755554199
16 0.46801366806030276 0.22148628234863282 0.022520637512207065 0.07571277618408204
28 0.580473518371582 0.20554089546203613 0.030031681060791016 0.10350165367126463
26 0.37894887924194337 0.670078182220459 0.024883270263671875 0.054524135589599565
28 0.6208231925964356 0.6266276359558105 0.02811851501464846 0.09464893341064451
33 0.5830430030822754 0.34031846523284914 0.0259857177734375 0.06650767326354984
56 0.20144212245941162 0.2109291136264801 0.03226161003112793 0.08570812940597536
28 0.5640334129333495 0.6340351104736328 0.03062496185302732 0.09455623626708975
28 0.648642635345459 0.6217184066772461 0.026597785949707076 0.09506416320800781
52 0.5719612121582032 0.43837428092956543 0.023039054870605535 0.07886304855346682
19 0.2001441538333893 0.5049227714538574 0.029460608959197998 0.06642475128173825
54 0.6337401390075683 0.32656335830688477 0.022249221801757812 0.08500518798828127
28 0.6428750038146973 0.2046094834804535 0.02996768951416018 0.10451909303665163
51 0.6676065444946289 0.4311152458190918 0.02338418960571287 0.07828931808471679
28 0.6978116035461426 0.20666576027870176 0.029358863830566406 0.1010309100151062
56 0.342940092086792 0.216036456823349 0.028604984283447266 0.08661929368972776
28 0.6710590407961892 0.20886477317128865 0.017759822663806824 0.10542893580027993
28 0.7291877610342843 0.2059583371593839 0.02473526909237822 0.09961606377647039
33 0.5539786429632279 0.342643614042373 0.0259857177734375 0.06650767326354984
55 0.6865931919642858 0.32552083333333337 0.018601190476190577 0.08138020833333331
55 0.6633417038690477 0.3243582589285715 0.018601190476190577 0.08138020833333331
19 0.26381207307179777 0.4995042846316383 0.030705785751342834 0.061766815185546886
19 0.3962672858011156 0.31278421084086094 0.02621202695937397 0.06732592355637329
19 0.36952807449159175 0.31278421084086094 0.02621202695937397 0.06732592355637329
4 0.4366396949404762 0.8120582217261905 0.025576636904761973 0.09881882440476197
2 0.27769456136794324 0.8344894284293765 0.03633861541748046 0.10587878227233893
2 0.23894988468715128 0.8418538876942225 0.03244776044573108 0.10433165913536435
