47 0.7181350231170655 0.2866373538970947 0.026069355010986284 0.05726280212402346
47 0.7440039634704589 0.2864377498626709 0.02284736633300788 0.05726222991943364
56 0.6914348125457763 0.28636889457702636 0.024626064300537043 0.05655050277709961
23 0.5960046768188476 0.39133167266845703 0.02517347335815423 0.0573305130004883
47 0.7699910163879394 0.28639099597930906 0.026266288757324174 0.05734710693359374
18 0.41057286262512205 0.362300968170166 0.026977634429931674 0.0472395896911621
34 0.2534975051879883 0.4726897716522217 0.027086448669433605 0.05775423049926759
18 0.3835043430328369 0.36175951957702634 0.026948595046997093 0.04792556762695316
17 0.2398061513900757 0.26616582870483396 0.028049659729003917 0.049461269378662104
18 0.43783817291259763 0.3627352476119995 0.0264423370361328 0.047411203384399414
14 0.4355278015136719 0.272973895072937 0.026592731475830078 0.0501429080963135
44 0.7226602554321289 0.5820208549499511 0.041246223449706965 0.028052997589111284
34 0.28049960136413576 0.47250733375549314 0.024003171920776334 0.05632524490356444
18 0.46164393424987793 0.3634695053100586 0.021821212768554643 0.047343158721923795
26 0.23579044342041017 0.5539543151855468 0.022958183288574213 0.04254455566406257
17 0.26858491897583003 0.26726455688476564 0.02970581054687499 0.04943170547485354
26 0.40674357414245604 0.5524431228637695 0.022520446777343772 0.044005393981933594
26 0.43079280853271484 0.552614974975586 0.023163795471191406 0.04428157806396482
54 0.4299140930175781 0.45815010070800777 0.023746109008789096 0.0732095718383789
16 0.30317087173461915 0.35949244499206545 0.026467227935791038 0.04753770828247067
16 0.24753742218017577 0.35787777900695805 0.028301811218261697 0.047606754302978505
16 0.2759358882904053 0.3584968090057373 0.02751302719116211 0.04791736602783203
41 0.7069650650024414 0.8063040733337403 0.03880786895751953 0.03711071014404299
18 0.5446574211120605 0.39017553329467775 0.026710319519042902 0.0577082633972168
56 0.665106725692749 0.28594546318054204 0.025273704528808616 0.05690259933471681
26 0.45508995056152346 0.5531269550323487 0.023855590820312467 0.0455419540405273
15 0.40858988761901854 0.27168519496917726 0.02644834518432615 0.05083918571472168
52 0.40552268028259275 0.4587405681610107 0.024155330657958995 0.07311782836914066
26 0.38272948265075685 0.5526253700256347 0.023260116577148438 0.043304157257080145
26 0.31032814979553225 0.5530848503112793 0.023318958282470714 0.04328651428222652
26 0.3345274448394775 0.5530989646911622 0.022315216064453136 0.04296894073486335
14 0.2194922924041748 0.3578622817993164 0.027567672729492176 0.04708089828491213
26 0.2603130340576172 0.553492546081543 0.024985218048095725 0.04287319183349614
28 0.7104010581970215 0.47908153533935544 0.03195753097534171 0.09379920959472654
26 0.28524103164672854 0.5529284477233887 0.024163818359375033 0.043398475646972745
24 0.6988653659820556 0.39360570907592773 0.02490997314453125 0.05917491912841799
14 0.4607283592224121 0.2747166633605957 0.02356014251708982 0.05047430992126464
24 0.7505189895629882 0.3952314376831055 0.02610092163085931 0.06181201934814451
26 0.3584736347198486 0.5530274391174317 0.022709751129150357 0.04267530441284173
28 0.6182280540466308 0.4773214340209961 0.029873657226562544 0.0930351257324219
41 0.6283479690551759 0.7263502597808837 0.040239906311035134 0.04535875320434568
28 0.6488550186157227 0.47691698074340816 0.031313514709472634 0.09268856048583979
41 0.6712777614593506 0.7246335506439209 0.037837314605712935 0.04444484710693364
41 0.6672135353088379 0.7681338787078857 0.03670578002929692 0.03814487457275395
41 0.6648163318634033 0.8063111305236816 0.03634290695190423 0.035110092163086026
41 0.7097779273986817 0.7660547256469727 0.03762378692626955 0.03650941848754885
15 0.3802178859710693 0.27109222412109374 0.028525829315185547 0.05160741806030275
44 0.6383488655090332 0.5816173076629638 0.039419364929199285 0.029814052581787043
15 0.29708023071289064 0.26830229759216306 0.026811981201171897 0.04934244155883788
25 0.6731170177459717 0.3922660112380981 0.02476577758789067 0.0574229717254639
61 0.5843762397766112 0.7263517856597901 0.03708019256591799 0.04575061798095703
56 0.637119197845459 0.28545608520507815 0.026700973510742188 0.05715999603271488
46 0.31045629978179934 0.7887574195861816 0.04694638252258304 0.04848556518554692
61 0.5838793754577637 0.7705521583557129 0.0379888534545898 0.03903608322143559
17 0.21120992302894592 0.2655148506164551 0.029154956340789795 0.04997701644897459
28 0.6791774749755859 0.47912855148315425 0.029295730590820246 0.09382820129394526
44 0.7191641807556153 0.552940845489502 0.03932380676269531 0.03100509643554683
41 0.6250264167785644 0.7703545570373536 0.037217330932617254 0.03861007690429685
51 0.38092465400695796 0.45894832611083985 0.02305297851562499 0.07190694808959963
24 0.7243659973144532 0.3947420597076416 0.024295616149902277 0.0612460136413574
28 0.5883674621582031 0.4766706466674805 0.028400421142578125 0.09373016357421876
41 0.7139741897583007 0.7243958473205566 0.04076595306396491 0.04521656036376953
61 0.5820717334747314 0.8083112478256226 0.0362784385681153 0.036148118972778365
25 0.6224189758300781 0.39162783622741704 0.026148605346679732 0.05724878311157228
25 0.6480261802673339 0.392153549194336 0.02478227615356443 0.057144832611083995
44 0.7219154357910156 0.6126058578491211 0.04045505523681647 0.027924537658691406
61 0.6229487419128418 0.8086178779602051 0.03615455627441411 0.03692073822021491
41 0.7018210887908936 0.8370814323425293 0.037187385559082076 0.024811363220214933
41 0.662792444229126 0.8365386962890624 0.03666696548461923 0.02538642883300779
34 0.30634751319885256 0.4703791618347168 0.025628376007080067 0.0560760498046875
15 0.35236587524414065 0.27032108306884767 0.026812458038330045 0.05160722732543946
44 0.6786153316497803 0.5810813903808594 0.03707666397094722 0.02779674530029297
46 0.44555935859680174 0.7795557975769043 0.0410750389099121 0.04816856384277335
46 0.36341242790222167 0.78153715133667 0.051561260223388694 0.0436063766479492
23 0.5705573081970214 0.39104351997375486 0.024675369262695312 0.057686519622802745
44 0.6390883445739746 0.6113824844360352 0.038072395324706965 0.024130058288574174
15 0.32512149810791013 0.26897943019866943 0.02813892364501952 0.05101475715637205
44 0.6790241718292236 0.6112031936645508 0.03796749114990228 0.025156402587890536
33 0.22708549499511718 0.471860408782959 0.025166988372802734 0.05843715667724614
46 0.266644811630249 0.795356273651123 0.03782596588134765 0.04232997894287105
28 0.7427851676940918 0.48197460174560547 0.031124019622802757 0.09416761398315426
18 0.5707802772521973 0.39096500873565676 0.025032615661621183 0.057936525344848666
44 0.6772603034973144 0.5507503509521484 0.0373054504394531 0.029173564910888627
61 0.5404969215393067 0.8119946479797363 0.03325710296630857 0.03423671722412114
55 0.4534806251525879 0.4586313724517822 0.021869468688964833 0.07271881103515626
61 0.6203417778015137 0.8378718376159668 0.037040424346923784 0.024338150024414085
44 0.7205879211425781 0.5666703224182128 0.04114675521850586 0.05579080581665041
44 0.6352519989013672 0.5493720531463624 0.03999938964843741 0.03220787048339846
61 0.5402230739593505 0.7771052360534668 0.03541193008422849 0.03371791839599614
19 0.3301567077636719 0.3603649139404297 0.02558693885803226 0.04795637130737307
59 0.24490785598754883 0.625681495666504 0.02371845245361326 0.05720052719116209
59 0.31499228477478025 0.6245044708251952 0.02164707183837894 0.055864906311035134
19 0.3565886735916138 0.36102752685546874 0.02521524429321287 0.04807052612304685
42 0.5941324300699301 0.5490603146853147 0.032779720279720204 0.028682255244755206
42 0.5558894230769231 0.5497432255244755 0.032779720279720204 0.028682255244755206
42 0.5558894230769231 0.5797913024475525 0.032779720279720204 0.028682255244755206
42 0.5941324300699302 0.5797913024475525 0.032779720279720204 0.028682255244755206
42 0.5563980493790064 0.6092916279683859 0.032779720279720204 0.028682255244755206
42 0.5946410563720136 0.6092916279683859 0.032779720279720204 0.028682255244755206
59 0.36134809964819803 0.622032160698613 0.02164707183837894 0.055864906311035134
59 0.38545312338237525 0.622032160698613 0.02164707183837894 0.055864906311035134
59 0.4067199559151372 0.6206010800373705 0.02091530968871297 0.05423890005184118
59 0.4302069021176689 0.6206010800373705 0.02091530968871297 0.05423890005184118
59 0.3390973085089575 0.6245044708251952 0.02164707183837894 0.055864906311035134
59 0.2927414936355398 0.625122548356841 0.02164707183837894 0.055864906311035134
59 0.26925454743300814 0.625122548356841 0.02164707183837894 0.055864906311035134
28 0.5583193852351261 0.478719379184963 0.028400421142578125 0.09373016357421876
61 0.5402230739593505 0.7424530183115313 0.03541193008422849 0.03371791839599614
59 0.453833414214443 0.6198135296341447 0.02091530968871297 0.05423890005184118
