0 0.2615562677383423 0.7244996547698974 0.061704492568969704 0.1450093269348144
55 0.40660953521728516 0.5919341087341308 0.032783794403076216 0.09474573135375974
19 0.3375662326812744 0.3563245296478271 0.0472264289855957 0.10781602859497069
9 0.47950177192687987 0.7121278762817382 0.04431276321411126 0.12321949005126953
14 0.40648841857910156 0.21086935997009276 0.052987098693847656 0.12399711608886718
54 0.4407329082489014 0.5924209117889404 0.03564262390136719 0.0929250717163086
16 0.5525188446044922 0.23602012991905214 0.04574222564697261 0.11370936632156373
59 0.47885980606079104 0.5923162937164306 0.03671512603759769 0.0932742118835449
5 0.3798527717590332 0.717694091796875 0.05064268112182613 0.1310189247131347
16 0.641109037399292 0.24905361533164977 0.04045543670654295 0.10706969499588012
25 0.3652793407440186 0.49157209396362306 0.04413576126098634 0.08995113372802732
16 0.6778378009796142 0.25410027503967286 0.04238052368164069 0.10083723068237305
25 0.4073601722717285 0.49329862594604496 0.0402362823486328 0.08898582458496096
26 0.5651160717010498 0.49562711715698243 0.03369359970092778 0.07242412567138679
14 0.45893144607543945 0.22122496962547303 0.04755077362060545 0.11948071718215941
24 0.4478007316589355 0.4942965507507324 0.039602851867675815 0.08802204132080083
25 0.5656803131103516 0.3740192413330078 0.03979091644287103 0.08812198638916019
25 0.31876437664031987 0.4905043601989746 0.04565901756286622 0.0908823013305664
59 0.5131485939025879 0.5921727180480958 0.03011703491210943 0.08856449127197263
2 0.3223116397857666 0.7216179847717286 0.057725715637207076 0.13552341461181638
25 0.4804551124572754 0.3706660747528076 0.04509315490722654 0.09306726455688474
16 0.506840705871582 0.22911174297332762 0.04622936248779297 0.11379532814025878
25 0.27250027656555176 0.4898013114929199 0.04392142295837398 0.09068260192871092
16 0.2875667095184326 0.35500762462615965 0.04989767074584961 0.11091036796569825
16 0.5983820915222168 0.2450706899166107 0.04423160552978511 0.10980130434036256
26 0.5993231296539306 0.4951034545898438 0.034116268157958984 0.07104148864746096
25 0.524080753326416 0.3719634532928467 0.04096364974975586 0.09054422378540039
24 0.4862196445465088 0.4952692985534668 0.03928422927856445 0.08652629852294919
26 0.5272043228149415 0.496414041519165 0.039826393127441406 0.07763862609863281
17 0.29968216419219973 0.1992069363594055 0.05404381752014159 0.12806370258331298
25 0.6054255962371826 0.378245210647583 0.03912239074707036 0.08338222503662113
3 0.4295644760131836 0.7147034168243408 0.04823036193847652 0.1283555030822754
17 0.3540069580078125 0.2024986743927002 0.05407342910766599 0.124752140045166
47 0.5785032272338867 0.5977761268615722 0.035844612121582076 0.07242393493652344
52 0.3679254770278931 0.5918083667755127 0.039673900604248025 0.09805240631103518
23 0.43325033187866213 0.3675377607345581 0.04718170166015628 0.09536948204040524
25 0.6450411796569824 0.3828424453735352 0.03867416381835931 0.07986574172973632
45 0.46122350692749026 0.9128778457641602 0.06136512756347656 0.08213825225830085
56 0.5449419975280761 0.598240852355957 0.03053493499755855 0.07350273132324214
23 0.38518600463867186 0.36255927085876466 0.04890098571777346 0.09941205978393552
41 0.29484784603118896 0.9720332145690918 0.050396299362182595 0.03714466094970703
41 0.23437771797180176 0.9470090866088867 0.05137615203857421 0.0395160675048829
41 0.30943562984466555 0.8987272262573243 0.051805591583251986 0.03967819213867185
41 0.23142592906951903 0.9832221984863281 0.049568080902099604 0.03185501098632815
15 0.5250234603881836 0.7116686820983886 0.04980754852294922 0.1197694778442383
42 0.24131350517272948 0.9061539649963379 0.05733094215393064 0.04434814453125002
51 0.32933859223300976 0.591967536407767 0.029391686893203872 0.086278822815534
41 0.37585683229791206 0.8765520640629777 0.05169983716219584 0.042733814351920474
41 0.3710633604271898 0.9205339616942174 0.051805591583251986 0.03967819213867185
41 0.3017803652823836 0.935133984633989 0.0506497229750556 0.035540369710456154
46 0.44139760785398224 0.8281336421460177 0.07561877765486724 0.060927129424778736
