14 0.45480866432189937 0.3868173837661743 0.028099727630615245 0.04862389564514158
56 0.6304047584533692 0.3744600057601929 0.02665443420410163 0.06426024436950684
15 0.2772448539733887 0.37248969078063965 0.02990894317626952 0.05097827911376951
19 0.38825953006744385 0.48412036895751953 0.025525903701782204 0.04415416717529297
54 0.4055534839630127 0.5611052513122559 0.023006057739257846 0.06395492553710946
8 0.3159763813018799 0.8258768081665039 0.03215637207031252 0.08429431915283203
15 0.3375720977783203 0.377625846862793 0.029474067687988326 0.04957494735717777
19 0.4401377201080322 0.48702707290649416 0.0249617576599121 0.04427223205566411
56 0.6027657985687256 0.3711080551147461 0.02565898895263663 0.06443662643432613
14 0.3975753307342529 0.38285126686096194 0.02820415496826173 0.04999599456787113
16 0.3617082118988037 0.48253383636474606 0.025857305526733376 0.04332599639892576
26 0.25535569190979 0.636826753616333 0.02463493347167972 0.041680431365966886
14 0.4260520935058594 0.38432641029357906 0.026950073242187456 0.05010108947753905
59 0.44566135406494145 0.6387016296386718 0.02178020477294923 0.055196952819824285
34 0.2809606552124023 0.5635773658752441 0.025055122375488292 0.04680767059326174
16 0.2785219669342041 0.47731456756591795 0.027142429351806663 0.04382581710815431
47 0.6873620986938476 0.3775377750396729 0.027162170410156228 0.06295509338378907
19 0.46580681800842283 0.48842563629150393 0.02579784393310547 0.04453124999999997
15 0.36820552349090574 0.38010501861572266 0.028813314437866222 0.04964056015014651
29 0.39103121757507325 0.816584587097168 0.034342288970947266 0.10335769653320304
16 0.3070214748382568 0.478911018371582 0.027672004699707042 0.043778419494628906
34 0.30702757835388184 0.5640197277069092 0.024730205535888672 0.048296642303466863
26 0.3046393871307373 0.6394236564636231 0.024157285690307617 0.04142456054687493
23 0.6150740623474121 0.4600407123565674 0.02584915161132817 0.05198364257812499
16 0.3350098133087158 0.4811244964599609 0.026354885101318337 0.04398660659790038
29 0.4266719341278076 0.8163482666015625 0.0336620330810547 0.10069351196289056
17 0.2149730622768402 0.36629674434661863 0.030055630207061756 0.052521419525146495
26 0.2800884246826172 0.6379912376403809 0.0243890762329102 0.04190196990966799
16 0.25062999725341795 0.47574062347412105 0.027163219451904308 0.044112396240234386
52 0.3812438488006592 0.559779167175293 0.023530292510986317 0.06403980255126962
59 0.400440514087677 0.636590051651001 0.02238519191741939 0.05741195678710931
26 0.32890217304229735 0.640703821182251 0.02332582473754885 0.041275310516357466
15 0.30756335258483886 0.37501623630523684 0.028781032562255837 0.049822330474853516
19 0.4142486572265625 0.4856288909912109 0.025322341918945335 0.04417972564697259
23 0.5885858535766602 0.4582834243774414 0.026173782348632768 0.05327281951904295
59 0.3772646427154541 0.635957670211792 0.023339271545410156 0.056097126007080056
8 0.25161128044128417 0.8251588821411133 0.03152208328247072 0.08572502136230475
56 0.658021068572998 0.3759901523590088 0.027960586547851607 0.063898754119873
29 0.6745194435119628 0.8224263906478881 0.03826370239257815 0.09881062507629401
25 0.6542963981628418 0.554102897644043 0.024758529663085893 0.051089477539062456
29 0.6068215847015381 0.8221099853515625 0.02976284027099607 0.09997825622558587
56 0.5759758949279785 0.3688883543014526 0.025011062622070312 0.06651387214660648
29 0.6395084381103515 0.8222517967224121 0.037551498413085915 0.09776420593261714
15 0.24595742225646972 0.3689685821533203 0.030526447296142595 0.050586986541748036
24 0.6802589416503906 0.5562829017639159 0.023481750488281272 0.050817584991455056
25 0.579623794555664 0.5511607170104981 0.025273132324218794 0.05274009704589844
25 0.6050571441650391 0.5519795417785645 0.0241338729858398 0.05246677398681632
25 0.5539175510406493 0.5502132415771485 0.025466537475585915 0.052931785583496094
28 0.610556173324585 0.6242083549499512 0.02914991378784182 0.07581825256347652
28 0.6406914710998535 0.6250816345214845 0.03013343811035163 0.07643260955810549
25 0.6291783332824707 0.5531878471374512 0.02415533065795905 0.0530035018920898
29 0.35353960990905764 0.8171947479248047 0.037796688079833995 0.10110549926757806
51 0.33336148262023924 0.5565025329589843 0.023063087463378873 0.06310567855834959
24 0.7052324295043946 0.5582510948181152 0.02331829071044922 0.0500566482543946
26 0.3528504848480225 0.6411157131195069 0.023731040954589833 0.04254484176635742
59 0.42306017875671387 0.6378720283508301 0.021522903442382835 0.05705184936523444
26 0.23184328079223632 0.6365084648132324 0.02186384201049804 0.04008884429931636
28 0.3042830944061279 0.7132428646087647 0.027675819396972667 0.07332048416137693
28 0.6711649894714355 0.626888370513916 0.029691314697265714 0.07586460113525395
28 0.334135103225708 0.7134194374084473 0.028192901611328147 0.07316417694091792
29 0.5715182304382325 0.8210770606994628 0.03594074249267576 0.10075664520263672
29 0.5374106407165528 0.8200128555297852 0.030581188201904252 0.10169429779052741
28 0.5803730010986328 0.6226855754852295 0.029037857055664085 0.0766841888427734
33 0.2542001247406006 0.5589378833770752 0.025642585754394542 0.05000591278076172
23 0.6417167663574219 0.46121668815612793 0.025816917419433594 0.052545452117919944
23 0.561363697052002 0.4565717697143555 0.025668525695800692 0.053598308563232444
24 0.7304915904998779 0.5600601196289062 0.02525262832641595 0.05095891952514653
28 0.36257457733154297 0.7143765449523926 0.02569360733032222 0.07197647094726567
28 0.42067513465881345 0.7170756340026856 0.028505325317382812 0.07002944946289069
28 0.3908424377441406 0.7155035972595215 0.028119373321533248 0.07085056304931636
55 0.4298765182495117 0.5629206657409668 0.022115516662597645 0.06293678283691406
14 0.4788567066192627 0.388346529006958 0.019561290740966797 0.04789962768554684
55 0.4553018141074998 0.5652320562735111 0.022115516662597645 0.06293678283691406
28 0.5491692289092838 0.6209520325858212 0.029037857055664085 0.0766841888427734
28 0.7006352187613764 0.6303554563127326 0.029691314697265714 0.07586460113525395
28 0.5368546808965108 0.7154121576681645 0.02741397400579504 0.06554680152757641
28 0.5645913672870433 0.7159900053013006 0.02741397400579504 0.06554680152757641
28 0.5939002403846154 0.7171457005675728 0.027736686390532617 0.07016958259266504
28 0.6216369267751479 0.7159900053013006 0.027736686390532617 0.07016958259266504
28 0.6511071560650888 0.7171457005675728 0.027736686390532617 0.07016958259266504
28 0.6805773853550297 0.7177235482007089 0.027736686390532617 0.07016958259266504
28 0.27365716984991495 0.7126650169756286 0.027675819396972667 0.07332048416137693
6 0.2838849852071006 0.8273506841715976 0.028314534023668625 0.08089866863905326
28 0.4500896677913436 0.717467827777786 0.028505325317382812 0.07002944946289069
23 0.6677088006569522 0.46256034043583555 0.026173782348632768 0.05327281951904295
23 0.6941970094277041 0.4643176284149615 0.02584915161132817 0.05198364257812499
23 0.7208397134377139 0.46549360421452207 0.025816917419433594 0.052545452117919944
23 0.7475704388026775 0.4665628332291206 0.025816917419433594 0.052545452117919944
23 0.774301164167641 0.4694141106013834 0.025816917419433594 0.052545452117919944
24 0.7561530868502429 0.5607729389719719 0.02525262832641595 0.05095891952514653
28 0.7305736311701354 0.6303554563127326 0.029691314697265714 0.07586460113525395
