59 0.5610702514648438 0.3601208209991455 0.036047172546386785 0.12953577041625974
19 0.6811162471771239 0.046603769063949585 0.04039087295532229 0.0865541934967041
47 0.3450326919555664 0.38381977081298824 0.04667816162109373 0.11313982009887696
15 0.40360260009765625 0.043550536036491394 0.04632654190063479 0.08588680624961853
28 0.4251544952392578 0.5324349403381348 0.048003196716308594 0.15084533691406254
52 0.7800115108489991 0.34525237083435056 0.033983135223388694 0.12061614990234376
3 0.6205526351928712 0.6876623153686523 0.04993209838867185 0.15991153717041018
59 0.5986147403717041 0.357039737701416 0.03654346466064451 0.1286015510559082
23 0.42070684432983396 0.20238640308380126 0.04481325149536136 0.08342247009277343
15 0.4512092590332031 0.044208741188049315 0.04619007110595702 0.08680429458618165
28 0.47175040245056155 0.5275532722473144 0.04367580413818356 0.14822044372558596
19 0.7247398853302002 0.04650436341762543 0.04301233291625972 0.08785837292671203
28 0.3748307228088379 0.5385469436645508 0.05006799697875974 0.14863967895507812
19 0.6387310028076172 0.04628458917140961 0.04149074554443355 0.08706641793251038
19 0.7674627304077148 0.04662912487983704 0.039410972595214755 0.0876776099205017
19 0.5944716453552246 0.04625751078128815 0.04430446624755857 0.08684064745903014
26 0.6753725528717041 0.19856911897659302 0.03869142532348635 0.07893111705780032
25 0.5095630645751953 0.2010148584842682 0.04195461273193363 0.08373602628707885
24 0.6347836971282959 0.1983938217163086 0.037431526184081965 0.08237552642822266
16 0.547531270980835 0.04588940739631653 0.045466136932373 0.0847550630569458
26 0.7898558616638183 0.1951862335205078 0.03643264770507815 0.07846150398254395
2 0.6737681388854981 0.6816166877746582 0.05049619674682615 0.15930767059326167
56 0.2963832378387451 0.38466753959655764 0.04700307846069335 0.10950469970703125
54 0.6375383853912353 0.35500540733337405 0.035441017150878884 0.13247356414794925
18 0.3243260860443115 0.20360535979270936 0.04727792739868164 0.08579312562942504
51 0.7440106391906738 0.34695355892181395 0.03316774368286135 0.12159323692321777
59 0.522214937210083 0.3620922565460205 0.03846187591552741 0.1292252540588379
14 0.4991601943969727 0.04616571664810181 0.047677421569824185 0.08647186756134033
25 0.465887451171875 0.20168213844299315 0.042890357971191395 0.08424587249755858
29 0.5513396263122559 0.8909708976745605 0.05164318084716801 0.17491722106933594
29 0.6008318901062011 0.8808786153793335 0.04646673202514651 0.1754684925079345
26 0.7525823593139649 0.1962155818939209 0.03603076934814453 0.07931151390075683
29 0.6529701709747315 0.8720982551574707 0.05473384857177732 0.17019481658935554
26 0.7141738414764405 0.19746747016906738 0.0363926887512207 0.07798986434936522
29 0.49785332679748534 0.9005120277404786 0.05328931808471682 0.17325439453125002
24 0.5515332221984863 0.1996997594833374 0.03935737609863277 0.08503799438476561
17 0.30385155677795406 0.04323433637619019 0.05081777572631835 0.08646867275238038
17 0.2515620470046997 0.05421311259269714 0.05440816879272459 0.10803006887435913
28 0.3212974309921265 0.5410999774932861 0.05292739868164059 0.15533657073974616
31 0.6885876655578613 0.5169238567352294 0.03692741394042964 0.12325086593627932
24 0.593853235244751 0.1989599347114563 0.040205860137939364 0.08372738361358642
31 0.6495574951171874 0.520261287689209 0.03881416320800779 0.12249011993408199
51 0.7092386245727539 0.3492079734802246 0.03374080657958989 0.12443170547485355
0 0.726536750793457 0.673077392578125 0.0486339569091796 0.15530223846435554
17 0.35471091270446775 0.043071264028549196 0.05001149177551273 0.08614252805709839
31 0.7643352508544922 0.5091780662536621 0.03790760040283203 0.12239589691162106
8 0.515987777709961 0.7057536602020265 0.05060462951660161 0.16344871520996096
23 0.3733355045318604 0.20271191596984864 0.046236515045166016 0.08498544692993165
31 0.6093250274658203 0.5243951797485351 0.04057712554931636 0.12250976562499999
8 0.5690980911254884 0.6971937179565431 0.05195007324218748 0.15747842788696287
6 0.40603073835372927 0.7187922477722168 0.0558532953262329 0.16855201721191404
6 0.46236910820007326 0.7113401412963867 0.053253078460693326 0.16616754531860345
19 0.8102643966674805 0.04708217978477478 0.041291236877441406 0.09047714471817016
31 0.7256860733032227 0.5130031108856201 0.034113311767578036 0.11840391159057617
