41 0.6275781631469727 0.410721492767334 0.05330924987792973 0.06356334686279297
45 0.6114094257354736 0.7616206645965576 0.0636351585388184 0.09395380020141597
41 0.38091235160827636 0.6078607559204101 0.04637136459350588 0.05689296722412107
41 0.6314739227294921 0.5565808773040772 0.049620532989501975 0.06177291870117185
41 0.6286561012268066 0.6687810897827149 0.0510536193847656 0.049459648132324285
41 0.3740208148956299 0.4048318982124329 0.05223159790039067 0.06166627407073977
42 0.364087284137925 0.16657316809198464 0.05219691766792517 0.050076557067503386
41 0.4355158805847168 0.6115092754364013 0.04565210342407222 0.058001804351806574
41 0.6301558494567872 0.34586746692657466 0.05088205337524421 0.06551365852355956
41 0.6311886787414551 0.6158045768737793 0.048195838928222656 0.05582351684570308
41 0.6867787361145019 0.46500587463378906 0.05880527496337884 0.04836254119873051
41 0.7528646469116211 0.34445438385009763 0.05289249420166009 0.0684347152709961
41 0.7462380409240723 0.6186944007873535 0.053406810760498025 0.05879573822021489
41 0.7500065803527832 0.46552333831787107 0.053026676177978516 0.046851158142089844
41 0.6885087490081787 0.6169804573059082 0.053508758544921875 0.058639812469482466
41 0.37784671783447266 0.6645127773284912 0.04489498138427739 0.05074243545532231
61 0.2747035026550293 0.6037242889404297 0.04939737319946291 0.05735921859741211
41 0.8144209861755372 0.3447244167327881 0.0565916061401367 0.06847600936889653
45 0.6786313056945801 0.7644559860229492 0.06686143875122075 0.09217395782470705
41 0.6897574424743652 0.40961418151855467 0.055976581573486284 0.06164531707763671
41 0.2042780339717865 0.33329310417175295 0.05120860338211061 0.06460924148559571
41 0.43291406631469725 0.6661999702453614 0.04628124237060549 0.05077133178710935
41 0.8124375343322754 0.40991024971008305 0.055981445312500044 0.06159372329711915
61 0.21626427173614504 0.54231538772583 0.0532604694366455 0.06486377716064451
41 0.20574951171875 0.39916229248046875 0.05251746177673339 0.06287050247192383
41 0.5774879455566406 0.3342557430267334 0.04964027404785165 0.06750593185424802
41 0.6276086330413818 0.46590290069580076 0.05325431823730464 0.04532032012939452
41 0.8028777122497559 0.6194148063659668 0.048610687255859375 0.059687042236328036
41 0.6872433662414551 0.6714188575744628 0.05078964233398442 0.047018814086913996
41 0.26126885414123535 0.3340193271636963 0.05227880477905275 0.06574382781982419
41 0.7419715881347657 0.672048282623291 0.05105743408203123 0.0467302322387696
41 0.8069658517837525 0.5585381507873535 0.05012698173522945 0.06280517578125
41 0.5740017890930176 0.40015497207641604 0.050620651245117276 0.06492395401000978
41 0.7513805389404297 0.410138463973999 0.054998588562011674 0.06256761550903317
41 0.5819998264312745 0.6091362953186035 0.03907432556152346 0.0492063522338867
41 0.6875585556030273 0.5562604904174805 0.05215511322021482 0.06052064895629883
41 0.3171346116736231 0.337806527877407 0.04833172334724639 0.06635466023242598
61 0.21655640602111817 0.6032752990722656 0.05239849090576171 0.05704498291015625
41 0.38400821685791015 0.5488994598388672 0.0468727111816406 0.060997962951660156
41 0.3750233888626099 0.46126532554626465 0.05048041343688964 0.05231056213378904
41 0.5835691452026368 0.5532145500183105 0.04016742706298826 0.05721416473388663
41 0.4253720119817933 0.4067868768872313 0.04617312844119864 0.0634182811376468
41 0.8085105895996094 0.4641228675842285 0.05583744049072259 0.04964084625244142
41 0.5711958885192872 0.45921030044555666 0.05136528015136721 0.05687751770019528
41 0.692123794555664 0.3453089952468872 0.054499244689941384 0.06742210388183595
41 0.7481689929962159 0.5563487529754638 0.05171079635620124 0.059979820251464866
41 0.2626270771026611 0.40016565322875974 0.053454208374023426 0.06378860473632814
45 0.5568235397338868 0.7595346450805665 0.046301651000976496 0.08177585601806647
41 0.5795715808868409 0.663755226135254 0.03711547851562502 0.05130290985107422
41 0.2065958023071289 0.4517819881439209 0.05322527885437012 0.04556474685668943
41 0.2627696990966797 0.4545875549316406 0.054851245880126936 0.04582977294921875
61 0.21761227250099183 0.6571860313415527 0.04987257719039917 0.05067253112792969
45 0.747706937789917 0.7680796623229981 0.06592502593994143 0.09162712097167969
41 0.43709163665771483 0.5518060684204101 0.046401023864746094 0.0625207901000977
41 0.321254298868907 0.4023121054392742 0.04803696119162931 0.06033455224401024
41 0.797353458404541 0.6714977264404297 0.05082855224609373 0.04251432418823242
61 0.27484869956970215 0.54364013671875 0.050465774536132796 0.062469100952148526
61 0.27262053489685056 0.6586249351501465 0.04963226318359376 0.05164566040039065
41 0.323188328742981 0.4574080467224121 0.04791712760925293 0.04744148254394531
61 0.32929606437683107 0.54749755859375 0.04766092300415037 0.06351928710937493
61 0.32349019050598143 0.6615127086639404 0.04703512191772463 0.05108098983764653
41 0.7410114288330079 0.23748488426208497 0.0580324172973633 0.050026273727417
61 0.32646617889404295 0.6065337181091308 0.04797625541687012 0.05501956939697272
46 0.2901267261157634 0.7391597952437303 0.0531283797522788 0.055780369839687594
41 0.8014693105322683 0.23776375096068425 0.052276389619224206 0.048177074570941114
43 0.30758207131581133 0.16610457188633074 0.05392894744873045 0.05224523544311521
41 0.42557668685913086 0.46159858703613277 0.04472999572753911 0.045178604125976574
41 0.7438352584838868 0.17514419555664062 0.05878105163574221 0.07193899154663086
44 0.4222646868372538 0.21222165746382443 0.05663779500019123 0.052370189088415425
43 0.36491540354418467 0.21449085158037853 0.0522140902208994 0.0431254755541024
43 0.30804730615462644 0.2137064640301777 0.0522140902208994 0.0431254755541024
44 0.424421752600306 0.16467432228915663 0.05781437632549241 0.04549447791164657
41 0.37017519705688423 0.3377596987699323 0.053355680183420295 0.06723270599757608
42 0.2497175455682617 0.21128819598139972 0.054550080318527705 0.043925702811244915
42 0.24917450803350732 0.16898845381526106 0.054550080318527594 0.04392570281124497
42 0.19191421686884869 0.16506651606425704 0.054550080318527566 0.04392570281124497
42 0.19191421686884869 0.21016880020080322 0.054550080318527566 0.04392570281124497
41 0.6820697670308953 0.1726401891463842 0.05878105163574221 0.07193899154663086
41 0.677720330719255 0.2386077825839703 0.06247191143850983 0.055303131413256046
41 0.6139136606665905 0.2417973352730347 0.06339756705967636 0.051666211150359215
41 0.6178002691676474 0.177648201966897 0.05878105163574221 0.07193899154663086
41 0.8085639953613282 0.177250262712821 0.05644973363631811 0.0690437946564112
46 0.22916142191562353 0.7370131048232473 0.06004266663995711 0.05464689244774634
46 0.4224287648475607 0.748005824064085 0.06720071637817704 0.055158181714761834
46 0.3446877078971399 0.7415320118429207 0.0531283797522788 0.055780369839687594
41 0.5648124405592967 0.17789895491130692 0.030510367537320393 0.07454063184405285
