16 0.6080317497253418 0.6775296211242676 0.016241073608398438 0.03674182891845701
14 0.6909937858581543 0.6841236591339112 0.01628189086914067 0.03434495925903325
14 0.7252389907836914 0.6864933490753173 0.01589193344116213 0.03521642684936521
14 0.7080927848815918 0.6852207660675049 0.01710720062255855 0.03533515930175779
14 0.6408393859863282 0.6796365261077881 0.01626796722412116 0.03570699691772461
0 0.6733126640319824 0.5129591464996338 0.0261646270751954 0.08412094116210939
14 0.6576332092285155 0.6807643890380859 0.016203308105468772 0.035319614410400324
4 0.619887399673462 0.5119470596313477 0.02473373413085944 0.08126258850097656
16 0.5914696693420409 0.6766829490661621 0.015996551513671853 0.03642005920410152
3 0.6457083225250244 0.5124626159667969 0.02632627487182626 0.0850307464599609
18 0.307003116607666 0.6698435783386231 0.013196468353271484 0.03325729370117192
5 0.40234375 0.5018962378640777 0.023702973300970875 0.07490139563106796
5 0.42699484223300976 0.5047405946601942 0.019910497572815544 0.06921268203883496
4 0.44358692354368934 0.4753489077669903 0.0 0.0009481189320388328
4 0.451171875 0.5071108919902912 0.017066140776699046 0.07584951456310679
5 0.5943378337378641 0.5123255461165048 0.022754854368931987 0.08248634708737862
11 0.6981568567961165 0.5151699029126213 0.021806735436893154 0.08059010922330095
2 0.7266004247572815 0.5165920813106796 0.021806735436893265 0.07584951456310679
18 0.289936975830967 0.6688954594065842 0.013196468353271484 0.03325729370117192
18 0.32406925738436504 0.6717398162027007 0.013196468353271484 0.03325729370117192
24 0.27908828883495146 0.6142483313106797 0.008533070388349495 0.032236043689320426
24 0.29214816235960406 0.614967166579415 0.012951428548765798 0.031120609651627662
24 0.3061902375230028 0.6168819950107876 0.012951428548765798 0.031120609651627662
24 0.3215088649739831 0.6175202711545784 0.012951428548765798 0.031120609651627662
26 0.444091796875 0.6591796875 0.01416015625 0.037109375
26 0.426025390625 0.6611328125 0.01416015625 0.037109375
26 0.410400390625 0.66015625 0.01416015625 0.037109375
26 0.395263671875 0.659423828125 0.01416015625 0.03466796875
14 0.6746306320716595 0.683207395981098 0.013357438712284453 0.035996307175734876
14 0.6231043437431598 0.6793896280486009 0.013854161624250683 0.035213200799350086
28 0.39814348118279574 0.721826696908602 0.02047631048387094 0.06195396505376338
28 0.42019489247311836 0.7213016633064515 0.02047631048387094 0.06195396505376338
