18 0.35272467136383057 0.5480337142944336 0.02684111595153804 0.061483573913574174
18 0.3235982656478882 0.5483657360076905 0.02908215522766111 0.06090946197509761
18 0.46800899505615234 0.4655794143676758 0.027747917175293013 0.06037139892578125
18 0.4395335197448731 0.4666607856750488 0.028080177307128917 0.0608820915222168
18 0.2925303459167481 0.5506604194641114 0.030512046813964855 0.05953779220581057
16 0.3449827194213867 0.3663379907608032 0.03134412765502931 0.06506624221801754
26 0.23719582557678223 0.2545627117156982 0.032021236419677745 0.055899047851562494
26 0.33384327888488774 0.2552171230316162 0.03173379898071288 0.05602540969848632
56 0.6289268493652344 0.35322525501251223 0.0273284912109375 0.07339305877685548
47 0.766746997833252 0.3511460781097412 0.02536926269531259 0.07269368171691898
14 0.31099486351013184 0.3666219234466553 0.03161420822143557 0.06726322174072263
19 0.4104951858520508 0.46864542961120603 0.02833662033081058 0.06368703842163081
33 0.4897955894470215 0.25518550872802737 0.030282306671142623 0.05748939514160159
16 0.3510825157165527 0.47220344543457027 0.03022594451904298 0.06606864929199213
29 0.4748983860015869 0.8193711996078491 0.03842773437500002 0.12093968391418453
59 0.7897080217088972 0.5784957136426653 0.022580718994140603 0.07424850463867183
16 0.43984107971191405 0.3667956829071045 0.031955718994140625 0.06674785614013673
16 0.4077056884765625 0.3668673038482666 0.029934501647949252 0.06666641235351567
16 0.4713794708251953 0.36751859188079833 0.02941122055053713 0.06896338462829588
47 0.7945010185241699 0.3505173921585083 0.027792167663574285 0.07283577919006345
16 0.3769409656524658 0.36664819717407227 0.030198383331298873 0.06645679473876953
47 0.7132880210876464 0.35324821472167967 0.026909828186035156 0.07411375045776364
25 0.38072972297668456 0.545721435546875 0.026709556579589844 0.058882713317871094
18 0.26222128868103023 0.5516104698181152 0.028278160095214833 0.058879852294921875
26 0.26888484954833985 0.2553439140319824 0.03038311004638672 0.05663952827453611
33 0.4588529586791992 0.25568337440490724 0.02975158691406249 0.05676527023315428
18 0.49506425857543945 0.4648002624511719 0.02612962722778317 0.060630702972412076
33 0.42758340835571285 0.2553152084350586 0.030303764343261708 0.05703926086425784
34 0.3959651470184326 0.2548635482788086 0.02981090545654297 0.05704030990600584
16 0.3196278095245362 0.47414064407348633 0.030052375793457042 0.06649188995361333
52 0.6255002975463867 0.5814363479614257 0.024081516265869185 0.07243709564208978
29 0.3937886953353882 0.8249561071395874 0.03867325782775877 0.12405209541320794
47 0.819709587097168 0.3501553773880005 0.025769615173339866 0.07114520072937008
26 0.3013270139694214 0.2553046226501465 0.031036233901977572 0.05693492889404295
25 0.3569637298583984 0.6139546394348144 0.025905990600585904 0.0518946647644043
16 0.25783877372741704 0.4745636940002442 0.0308701515197754 0.06680049896240237
25 0.40787491798400877 0.5449568748474121 0.026945018768310514 0.05854606628417969
26 0.20451274514198303 0.25393431186676024 0.03141430616378782 0.05693221092224121
25 0.4373645782470703 0.6103402137756347 0.026149749755859375 0.054675292968749956
25 0.4106729507446289 0.6115816593170167 0.02584075927734375 0.052961444854736306
25 0.3015629291534424 0.6161152839660644 0.026071739196777355 0.05293617248535154
25 0.38409671783447263 0.6127199172973632 0.026566457748413097 0.05219688415527346
29 0.4345420837402344 0.8222741842269898 0.04034023284912108 0.12132420539855959
25 0.49011859893798826 0.6093461036682128 0.025284767150878906 0.05536289215087897
25 0.43480710983276366 0.5447174072265625 0.02641716003417971 0.05844860076904301
56 0.6575364112854003 0.3539488792419434 0.02614459991455076 0.07511444091796876
16 0.5001773834228516 0.36811094284057616 0.02642164230346683 0.0701733589172363
25 0.4640679359436035 0.6098409175872803 0.026063537597656228 0.05526380538940423
16 0.2891191005706787 0.47470002174377446 0.029149341583251942 0.0666575431823731
56 0.6850236892700194 0.35326604843139653 0.026572799682617165 0.07417612075805663
25 0.3293605327606201 0.6150576591491699 0.027161598205566406 0.0529558181762696
25 0.46239194869995115 0.5443076133728028 0.027604103088378906 0.05973606109619145
25 0.48990821838378906 0.5440445899963379 0.02704515457153317 0.06127281188964839
25 0.27360310554504397 0.6171525955200196 0.027362775802612316 0.05277872085571289
15 0.24801974296569823 0.36708793640136717 0.031239414215087885 0.06946525573730472
54 0.5769224166870117 0.5846207618713379 0.024218940734863192 0.07004394531250002
31 0.3565954251722856 0.7140870354392312 0.027821532162753015 0.0893956617875532
25 0.2455607891082764 0.6185790061950683 0.02812585830688477 0.05604963302612309
59 0.7439260482788086 0.5772911548614502 0.02246379852294922 0.0733097076416016
47 0.7406320095062255 0.352352499961853 0.026311874389648438 0.07390127182006834
19 0.38144257068634035 0.47030262947082524 0.028635311126708973 0.06504745483398439
59 0.7204570770263672 0.578373384475708 0.02365188598632817 0.07247896194458014
28 0.25818400382995604 0.7205212809822776 0.03295831680297853 0.10060014724731448
28 0.29147634506225584 0.7178080619975207 0.03381500244140628 0.09538898468017576
34 0.3655990123748779 0.2546199083328247 0.030077838897705045 0.057900190353393555
14 0.27904409031882926 0.36616994407857095 0.028939150867043628 0.06816718047689124
31 0.3839391751722856 0.7116012399846858 0.027821532162753015 0.0893956617875532
31 0.4119931524450129 0.710535899075595 0.027821532162753015 0.0893956617875532
31 0.44040224335410383 0.709470558166504 0.027821532162753015 0.0893956617875532
59 0.7667471772148495 0.5776237828390939 0.022580718994140603 0.07424850463867183
55 0.600677792388614 0.5820650912747525 0.02175510519801971 0.07009978341584155
51 0.6498576885340672 0.5801904627654377 0.02100830714239188 0.07094835974140179
46 0.5962335263578276 0.6957617811501597 0.0617761581469648 0.06676817092651754
41 0.648649660543131 0.6988817891373802 0.03931210063897761 0.0536641373801916
