15 0.2942213296890259 0.3849425792694092 0.027417612075805675 0.06224184036254882
52 0.29162998199462886 0.2858945369720459 0.02649230957031251 0.0794301986694336
16 0.34997220039367677 0.3863072395324707 0.025962448120117165 0.0625060081481934
19 0.4019500732421875 0.3872192621231079 0.024146652221679665 0.06185603141784668
15 0.26642577648162846 0.38406462669372554 0.027660179138183583 0.06261606216430665
18 0.24411931037902831 0.4751124382019043 0.027573633193969715 0.0590166091918945
24 0.3530253887176514 0.47632141113281246 0.025568389892578147 0.060779094696044866
26 0.3235332012176514 0.5609539985656739 0.026840114593505826 0.05653743743896489
24 0.3271501064300537 0.4765895843505859 0.02476844787597654 0.06075057983398435
23 0.3004008293151855 0.4756466865539551 0.026326084136962857 0.05900926589965827
16 0.32241220474243165 0.3856827259063721 0.027218341827392578 0.06145172119140624
19 0.3759018421173096 0.38697543144226076 0.02485284805297855 0.06191892623901368
26 0.3496886014938354 0.5612465858459472 0.024765682220458995 0.055388450622558594
17 0.23660149574279785 0.3823729038238526 0.028283405303955067 0.06037025451660155
26 0.3748234748840332 0.5616063117980957 0.024364185333251964 0.05466938018798828
26 0.4005146503448487 0.5609125137329102 0.025783824920654286 0.05492544174194336
14 0.45114564895629883 0.3886569261550903 0.02203445434570317 0.06106762886047362
33 0.24304413795471191 0.5603464126586915 0.026728153228759766 0.05982360839843748
28 0.38322622776031495 0.859285545349121 0.02752518653869629 0.10489387512207038
28 0.3194902420043946 0.8639093399047852 0.03584771156311034 0.10512676239013674
54 0.31917080879211424 0.28674921989440916 0.026634120941162076 0.08094987869262699
28 0.3532203197479248 0.8629976272583008 0.031128454208374012 0.10194683074951172
25 0.37996506690979004 0.4765573024749756 0.02669801712036135 0.060509777069091775
28 0.4118533134460449 0.8568720817565918 0.029310417175292924 0.10572795867919926
25 0.40619382858276365 0.47533378601074217 0.02477569580078126 0.059484291076660145
34 0.2700203895568848 0.5599111080169678 0.02477846145629886 0.05830268859863286
14 0.4271955966949463 0.3880744934082031 0.02497920989990232 0.06127281188964845
23 0.2724920749664307 0.47539234161376953 0.028033924102783214 0.059007072448730435
25 0.4304131031036377 0.47440152168273925 0.02240133285522461 0.058087730407714866
26 0.4257643699645996 0.5553126335144043 0.023222923278808594 0.06173725128173824
25 0.4522673606872558 0.47449684143066406 0.020308685302734386 0.05590877532958988
33 0.2174177885055542 0.5614497184753418 0.02244477272033693 0.06246328353881836
34 0.2958077430725098 0.5598505020141602 0.025915813446044933 0.05758275985717776
17 0.21009500026702882 0.38166193962097167 0.0223391056060791 0.059772491455078125
55 0.3461754493464052 0.2938368055555556 0.02489276960784309 0.07723141339869283
51 0.26415696486928103 0.2877731821895425 0.024254493464052285 0.07914624183006538
56 0.4259599673202614 0.30436836192810457 0.021063112745098034 0.06127450980392157
47 0.453405841503268 0.3034109477124183 0.021063112745098034 0.06574244281045755
26 0.4500188634286519 0.5559509096581952 0.023222923278808594 0.06173725128173824
31 0.5797789977477477 0.8520727759009008 0.02551379504504503 0.09149774774774777
