47 0.4100749850273132 0.36060161590576173 0.03390829563140868 0.07533731460571291
45 0.6045178890228271 0.6796372413635254 0.06506366729736335 0.06376209259033205
34 0.638636016845703 0.23241841793060303 0.03197612762451174 0.07899169921875002
18 0.32828688621520996 0.2315463602542877 0.03423194885253911 0.0841000437736511
15 0.43652324676513676 0.11755872964859009 0.03379421234130858 0.08086845874786378
29 0.5620857238769531 0.8061819076538086 0.04876451492309575 0.161155891418457
15 0.36528415679931636 0.11594972312450408 0.0349587917327881 0.08018246293067931
29 0.513645076751709 0.807153868675232 0.048227119445800826 0.1605541706085205
26 0.29710476398468016 0.5216108322143554 0.03194069862365723 0.05790138244628906
17 0.25635836124420164 0.1128663569688797 0.03736152648925781 0.07815102934837342
41 0.3640582084655762 0.7704113006591797 0.04309525489807131 0.047036361694336004
29 0.6131382465362549 0.8046390533447265 0.05081090927124021 0.16073722839355475
15 0.40106639862060545 0.11648564338684081 0.034846210479736295 0.0788358449935913
41 0.3149108409881592 0.8726646423339843 0.0486140251159668 0.04748115539550779
41 0.36679120063781734 0.8685247421264648 0.04496474266052247 0.043947792053222634
16 0.5781308174133302 0.12234403789043427 0.035550498962402366 0.08670540452003479
14 0.5416456222534181 0.12442463636398315 0.03424491882324221 0.09088902473449706
25 0.5025129795074463 0.23585314750671388 0.03297863006591795 0.0860780715942383
23 0.39903159141540523 0.2354688882827759 0.03327436447143556 0.08910584449768069
19 0.2575042247772217 0.23002021312713622 0.03508787155151369 0.0845710277557373
19 0.2928254255434362 0.23102468848228455 0.03363268549849352 0.0848256230354309
34 0.6051164627075195 0.2317274808883667 0.03297157287597652 0.07437953948974607
14 0.47160840034484863 0.12103616893291473 0.03383922576904297 0.08531070351600648
41 0.3077871322631836 0.7776721954345703 0.05214462280273435 0.052250671386718794
16 0.6458606719970703 0.12219115495681762 0.03376064300537118 0.07875161170959472
28 0.44596835991431927 0.49161106753231854 0.03734668534377528 0.11539624547723476
17 0.29283828735351564 0.114590585231781 0.03479013442993162 0.07936699390411378
25 0.4334503173828125 0.2315064489841461 0.03272857666015622 0.08071087598800658
28 0.40610222816467284 0.49111623764038087 0.04043521881103518 0.11659069061279304
24 0.5363488674163819 0.23355214595794677 0.03276281356811517 0.08047351837158201
16 0.6126918792724609 0.12163935899734497 0.030805873870849654 0.08096377849578859
25 0.46793622970581056 0.23668880462646483 0.03397312164306643 0.08857207298278807
43 0.46369194984436035 0.7769397258758545 0.0427098274230957 0.04094200134277348
17 0.32877364158630373 0.11547758579254151 0.03633174896240238 0.08003411293029786
41 0.36353633403778074 0.8195610284805297 0.043623924255371094 0.048565244674682595
41 0.3111931800842285 0.8256618499755859 0.04816493988037107 0.04538364410400397
28 0.48301213809422083 0.49182788538815353 0.03577874047415602 0.11496260976556483
33 0.5709839820861817 0.23171093463897705 0.033339405059814475 0.07485513687133788
26 0.29802932739257815 0.4560396194458008 0.032245922088623036 0.06444225311279295
46 0.3108050107955933 0.67496337890625 0.0693363666534424 0.039995002746582076
32 0.36378514766693115 0.4911880970001221 0.04030475616455076 0.11809797286987306
46 0.3850112438201905 0.674266767501831 0.07132606506347655 0.04351234436035156
43 0.4647475242614746 0.8145997047424316 0.04264221191406253 0.029564094543457098
19 0.507109546661377 0.12736559212207793 0.03229522705078125 0.10048193335533143
59 0.32826848030090333 0.5146546840667725 0.02948055267333982 0.06971254348754885
31 0.5177977171472037 0.49904501469229934 0.030310507823819277 0.09764195953165755
14 0.5072211265563965 0.12512048482894897 0.03249139785766603 0.09205210208892822
23 0.36336982889873226 0.22979487326087022 0.0350475846267328 0.08061604616118642
51 0.27558117378048785 0.3479897103658537 0.03191692073170732 0.09860899390243905
56 0.37395198170731714 0.3591844512195122 0.0314405487804878 0.078125
36 0.309641768292683 0.6234164202166546 0.057164634146341486 0.031440548780487854
36 0.368235518292683 0.6216653963414634 0.057164634146341486 0.031440548780487854
36 0.4239710365853659 0.6211890243902439 0.05240091463414631 0.030487804878048808
36 0.47946836890243905 0.6195217225609756 0.05573551829268286 0.03096417682926833
36 0.5328220274390245 0.6183307926829268 0.05001905487804892 0.031440548780487854
36 0.5842701981707319 0.6173780487804877 0.05001905487804892 0.031440548780487854
44 0.4640754035285285 0.84326318506006 0.039590371621621656 0.029032939189189144
44 0.46994064376876876 0.8731759102852854 0.039590371621621656 0.029032939189189144
46 0.45587684116532323 0.6746988748027161 0.07132606506347655 0.04351234436035156
31 0.5491930597531944 0.49808642139506665 0.03112330144949338 0.09859701558425105
45 0.5351511634629348 0.6803137887287609 0.07064979745836686 0.05934240406957181
