18 0.5880235195159913 0.45761938095092775 0.02655229568481443 0.05831470489501955
18 0.5607494354248046 0.4576886653900146 0.026524925231933616 0.05944023132324222
14 0.5147865295410157 0.3135981559753418 0.025662994384765603 0.05611562728881836
15 0.587860107421875 0.23697290420532224 0.025471496582031294 0.04962124824523925
14 0.4584507942199707 0.3094029903411865 0.028967285156250022 0.058649539947509766
15 0.5105263233184815 0.23441271781921388 0.025888252258300826 0.05078001022338868
15 0.5619301795959473 0.2369377613067627 0.024692344665527388 0.049214553833007796
19 0.4505630016326905 0.45535078048706057 0.02672271728515624 0.06142120361328124
14 0.4876144409179688 0.3116307258605957 0.027019691467285167 0.057424068450927734
19 0.6363503456115722 0.38905744552612304 0.02582263946533203 0.05754861831665037
15 0.483702278137207 0.23305797576904297 0.026211929321289074 0.05066280364990236
15 0.5363321304321289 0.23541719913482667 0.024959373474121138 0.050543498992919905
19 0.47807297706604 0.45654544830322263 0.026879215240478482 0.06261520385742186
19 0.5043812751770019 0.38722534179687496 0.026310157775878862 0.05966777801513673
54 0.49786739349365233 0.6328295230865479 0.02573184967041009 0.07122364044189455
26 0.5638652801513672 0.5465325355529785 0.026895523071289062 0.05985240936279301
25 0.6148389816284179 0.45804319381713865 0.02460613250732424 0.05777587890624997
19 0.3963531494140625 0.45547924041748045 0.026422595977783236 0.06156330108642577
59 0.4711286544799804 0.6320517539978028 0.0260021209716797 0.07291870117187493
26 0.5910932540893554 0.5461408615112304 0.026379203796386697 0.058342933654785156
29 0.3667447566986084 0.8584156274795532 0.05371026992797856 0.22402720451354985
16 0.5415409088134766 0.3152198314666748 0.026255035400390647 0.05403957366943357
19 0.506215763092041 0.45770554542541503 0.026275825500488348 0.06205558776855469
19 0.5838439464569092 0.3884718894958496 0.024692535400390625 0.05754661560058594
19 0.4768655776977539 0.3858647346496582 0.026465415954589844 0.05859289169311521
24 0.535558032989502 0.5468098640441894 0.02851791381835944 0.06337394714355471
19 0.5314528465270996 0.38752307891845705 0.025309753417968817 0.05865306854248048
52 0.3732059717178345 0.535153579711914 0.024873733520507812 0.07551536560058592
19 0.4232452392578125 0.45518884658813474 0.026291275024414085 0.06031742095947262
17 0.42786636352539065 0.2299197196960449 0.027437973022460926 0.05438365936279296
19 0.5337912559509277 0.4577165603637695 0.026226711273193426 0.06136035919189453
17 0.37024631500244143 0.22742180824279784 0.028371143341064442 0.057242727279663064
24 0.5073323249816895 0.5468320846557617 0.028025436401367232 0.06449232101440439
15 0.6143274307250977 0.23733963966369628 0.026123428344726474 0.05059833526611329
26 0.6449365615844727 0.5457821846008301 0.025720405578613326 0.058182716369628906
19 0.45014638900756837 0.3843331575393677 0.025430297851562478 0.056909990310668956
16 0.5678328990936279 0.3158709526062012 0.025412464141845725 0.05249414443969724
19 0.5578985214233398 0.3879077911376953 0.02476158142089835 0.057870006561279275
16 0.5931878089904785 0.316091251373291 0.025259208679199174 0.05153856277465818
19 0.36960160732269287 0.38202831745147703 0.027555990219116255 0.05907921791076659
26 0.6183257102966309 0.5457262992858887 0.026828002929687456 0.05742588043212882
17 0.45585479736328127 0.2315890312194824 0.02716541290283203 0.052868175506591786
19 0.6098981857299804 0.38901758193969727 0.025930595397949174 0.05788354873657231
28 0.5161088943481446 0.8877981185913086 0.03589191436767575 0.1433521270751953
28 0.5891155242919921 0.8908878326416015 0.037412071228027366 0.13317031860351558
29 0.47155303955078126 0.8584251403808594 0.052971839904785156 0.21111679077148438
59 0.44356560707092285 0.6332142353057861 0.02811775207519529 0.07405834197998051
19 0.397407341003418 0.38072829246521 0.026942920684814464 0.05613451004028319
29 0.41978893280029295 0.8607370376586914 0.0493321418762207 0.22511253356933592
19 0.42377338409423826 0.3821401119232178 0.02546520233154298 0.055277442932128884
15 0.39719691276550295 0.30575876235961913 0.027766990661621083 0.05872192382812502
17 0.39896359443664553 0.22775444984436036 0.027755641937255826 0.055633878707885775
16 0.6188323020935058 0.3161239147186279 0.025425529479980447 0.049973201751708995
55 0.5244794845581054 0.632382297515869 0.026219558715820268 0.07215175628662107
14 0.4288468837738037 0.3103344917297364 0.027828216552734375 0.055239486694335926
25 0.6394267082214355 0.4579580307006836 0.02357072830200191 0.05772457122802732
56 0.6070949554443359 0.6389055252075195 0.024259090423583984 0.05830707550048819
19 0.3679993629455567 0.4546221733093262 0.029061126708984364 0.06422157287597657
28 0.5529659271240235 0.889320182800293 0.03426227569580076 0.14664688110351565
28 0.6221831321716309 0.8898963928222656 0.02975177764892578 0.13381252288818368
52 0.4002163887023926 0.5357002258300781 0.02627878189086913 0.0729990005493164
15 0.3701160907745361 0.3050720691680908 0.02575788497924808 0.05991067886352541
52 0.453462028503418 0.5355319023132324 0.02543125152587894 0.07640714645385743
55 0.5529230525192704 0.6295379407197526 0.026219558715820268 0.07215175628662107
47 0.6349954044117647 0.6404207516339869 0.025531045751634007 0.05553002450980382
34 0.36021752450980393 0.6512714460784313 0.02616932189542487 0.06318933823529416
