9 0.18186663753616197 0.34646340605914494 0.053531069189971026 0.14538005263580844
8 0.23413203652362585 0.3424532530737705 0.048257443346190976 0.14699667008196715
3 0.28143771596753453 0.34293196018161365 0.043297723802635746 0.14603925586628086
1 0.3249765198087432 0.34197454596592736 0.04266991120218577 0.14795408429765344
2 0.3671576789014786 0.34165279200819676 0.04155554383638693 0.1453957479508196
2 0.4087816543113146 0.34165279200819676 0.04155554383638693 0.1453957479508196
0 0.21263447745901637 0.5080046106557377 0.043224897540983576 0.12327100409836061
4 0.374327612704918 0.5008004610655737 0.04002305327868849 0.11846823770491799
0 0.25746029713114754 0.5064036885245902 0.043224897540983576 0.12327100409836061
0 0.29748335040983603 0.5040023053278688 0.03682120901639341 0.12167008196721307
0 0.33750640368852464 0.5040023053278688 0.03682120901639341 0.12167008196721307
4 0.41435066598360654 0.5032018442622951 0.03682120901639341 0.12327100409836067
4 0.4431672643442623 0.49919953893442626 0.024013831967213073 0.11206454918032782
25 0.6536885245901639 0.6064613217213115 0.02561475409836067 0.04482581967213106
25 0.6785028176229508 0.6040599385245901 0.024013831967213295 0.04322489754098369
25 0.7024881971826198 0.603574350769171 0.024070736782301205 0.040994228789526854
13 0.36232069672131145 0.6192686987704918 0.04802766393442626 0.07364241803278693
13 0.40794697745901637 0.6192686987704917 0.04642674180327877 0.07044057377049184
13 0.4463691086065573 0.6160668545081966 0.03041752049180335 0.07044057377049184
29 0.2742699795081967 0.7905673668032787 0.04482581967213106 0.09605532786885251
29 0.3166944159836066 0.7881659836065573 0.04002305327868849 0.09765625
29 0.3551165471311476 0.7873655225409836 0.033619364754098324 0.09605532786885251
29 0.3903368340163934 0.7873655225409836 0.033619364754098324 0.09605532786885251
29 0.42235527663934425 0.7809618340163934 0.033619364754098324 0.09605532786885251
29 0.4551741803278688 0.7809618340163934 0.02561475409836067 0.09605532786885251
28 0.5192110655737705 0.6841060450819672 0.019211065573770503 0.06883965163934425
28 0.5440253586065573 0.6785028176229508 0.024013831967213073 0.07044057377049173
28 0.5728419569672132 0.6801037397540983 0.024013831967213073 0.07044057377049173
28 0.5984567110655736 0.6785028176229508 0.024013831967213073 0.07044057377049173
28 0.6240714651639343 0.6737000512295082 0.024013831967213073 0.07044057377049173
18 0.5795686141304347 0.6057518115942029 0.02406023550724634 0.039628623188405765
18 0.603628849637681 0.6050441576086957 0.02406023550724634 0.039628623188405765
18 0.5555083786231882 0.6071671195652173 0.02406023550724634 0.039628623188405765
23 0.6287505661231884 0.6057518115942029 0.021937273550724612 0.03679800724637683
26 0.729591259057971 0.601859714673913 0.026890851449275388 0.041751585144927494
19 0.6889011548913042 0.5264945652173912 0.023352581521739135 0.04812047101449268
16 0.6368885869565217 0.5289713541666665 0.025475543478260865 0.04316689311594202
14 0.6114130434782608 0.5306751905867076 0.022644927536231818 0.04458220108695654
15 0.5869989809782608 0.5293251811594203 0.023352581521739135 0.04670516304347827
17 0.5169412364130435 0.5335711050724637 0.017691349637681153 0.04245923913043481
17 0.5385246829710144 0.5321557971014492 0.02406023550724634 0.04245923913043481
17 0.5618772644927537 0.5303866621376812 0.022644927536231818 0.04458220108695665
16 0.6637794384057971 0.5289713541666665 0.025475543478260865 0.04316689311594202
19 0.7129613903985506 0.5250792572463767 0.023352581521739135 0.04812047101449268
19 0.7391445878623186 0.5250792572463767 0.02476788949275377 0.048120471014492794
19 0.5321557971014492 0.6043365036231885 0.02406023550724634 0.048120471014492794
59 0.7451596467391304 0.3301205842391304 0.02406023550724634 0.08421082427536236
59 0.7734658061594204 0.32905910326086957 0.031136775362318736 0.0835031702898551
47 0.5204795063405796 0.43945312499999994 0.021937273550724723 0.06651947463768115
47 0.5438320878623187 0.4376839900362318 0.02476788949275366 0.06581182065217389
47 0.5710767663043478 0.43591485507246375 0.026890851449275388 0.06368885869565216
54 0.601318359375 0.435302734375 0.02197265625 0.06591796875
54 0.625952368384009 0.435302734375 0.02197265625 0.06591796875
54 0.6514661634290541 0.43354316230292794 0.02197265625 0.06591796875
54 0.6769799584740992 0.43354316230292794 0.02197265625 0.06591796875
54 0.7033735395551802 0.4326633762668919 0.02197265625 0.06591796875
54 0.7288873346002253 0.4309038041948198 0.02197265625 0.06591796875
54 0.7552809156813064 0.42826444608671166 0.02197265625 0.06591796875
54 0.6918593398085586 0.3291015625 0.027405335022522515 0.08401956644144148
54 0.7191327069256758 0.32998134853603606 0.027405335022522515 0.08401956644144148
52 0.5834344660194175 0.3336051274271845 0.025599211165048485 0.08912317961165045
52 0.6104558555825244 0.33218294902912626 0.024651092233009764 0.08627882281553395
51 0.6384253640776699 0.3302867111650486 0.025599211165048485 0.08248634708737862
51 0.6659208131067962 0.32933859223300976 0.02370297330097093 0.08438258495145629
