55 0.7319356441497803 0.14078075885772706 0.044706630706787154 0.12672467231750487
59 0.4310626029968262 0.08257959485054016 0.05070972442626953 0.14677366018295288
26 0.4831692695617676 0.6721685409545899 0.031749725341796875 0.04882183074951174
26 0.41649265289306636 0.6724583625793457 0.034421730041503895 0.05124206542968757
26 0.30676882266998295 0.6741978645324707 0.03766064643859862 0.05342702865600579
26 0.4503761291503906 0.6714245796203613 0.03253498077392575 0.05121688842773431
16 0.40707883834838865 0.4498027801513672 0.03971843719482421 0.07327575683593751
17 0.30141754150390626 0.3250904560089112 0.05199089050292971 0.08476858139038085
14 0.4831261157989502 0.3474452972412109 0.038459491729736395 0.07593574523925783
26 0.3810201406478882 0.6726357460021972 0.034911489486694314 0.052510643005371116
14 0.5231630325317382 0.35051403045654295 0.03892364501953127 0.07536544799804684
26 0.34471793174743653 0.6728116035461426 0.03654623031616211 0.054295825958252
14 0.4403751373291016 0.3420287847518921 0.04271717071533204 0.07867741584777832
15 0.3498172283172607 0.3316927433013916 0.044794273376464855 0.08088550567626951
14 0.39537115097045894 0.3369874477386474 0.04403047561645507 0.0793325424194336
26 0.2681689739227295 0.6761112213134766 0.038073921203613276 0.05595474243164067
26 0.5150435447692872 0.6724575996398926 0.03127098083496099 0.047962188720703125
51 0.6090223312377929 0.11625248193740845 0.03976221084594733 0.13384382724761962
16 0.638890266418457 0.27710518836975095 0.04017314910888681 0.08417377471923831
16 0.5602866172790527 0.2674324750900269 0.03979139328002934 0.08377137184143063
16 0.5564709186553956 0.4589284896850586 0.0353518486022949 0.06496086120605465
26 0.5464670181274414 0.6710564613342285 0.030928421020507746 0.048208999633788996
16 0.599368953704834 0.27779507637023926 0.037538337707519576 0.07234210968017576
16 0.5869593620300293 0.5342581748962403 0.037719345092773526 0.062055778503418035
16 0.4014212608337402 0.5294803619384765 0.03808002471923827 0.06351242065429685
16 0.5499316215515136 0.5333628177642822 0.03482122421264644 0.06337099075317376
16 0.44628219604492186 0.453223991394043 0.03719520568847656 0.0673076629638672
16 0.520750093460083 0.45736112594604494 0.03501491546630853 0.06389083862304684
16 0.48384947776794435 0.4560997486114502 0.036658191680908225 0.06367778778076172
16 0.4774209976196289 0.5306811809539795 0.03780937194824219 0.0657936096191406
29 0.3408974885940552 0.8385680198669434 0.06101708412170409 0.1729999542236328
14 0.4422168731689453 0.25037689208984376 0.04214391708374021 0.09082794189453125
28 0.3957853317260742 0.8590689659118652 0.04396934509277339 0.10822486877441406
16 0.5142818450927734 0.5319587707519531 0.035364818572998 0.06512889862060545
16 0.3266953468322754 0.44249315261840816 0.0402487754821777 0.07696800231933593
13 0.2720862865447998 0.8176040410995483 0.06613025665283204 0.09746556282043461
14 0.4844794273376465 0.25454909801483155 0.0376129150390625 0.09133644104003905
14 0.39721319675445554 0.24530391693115233 0.04365830421447753 0.09111371040344238
16 0.43973264694213865 0.529888105392456 0.036535835266113315 0.06505117416381834
14 0.5224518775939941 0.2622434139251709 0.03413448333740243 0.08595638275146483
19 0.5952461242675782 0.4609823226928711 0.03783292770385749 0.06657485961914067
16 0.6371431350708008 0.3596072196960449 0.036161041259765714 0.07311840057373042
16 0.3676554679870605 0.44633469581604 0.03923969268798827 0.072983455657959
41 0.5042490005493164 0.8864850997924805 0.05480556488037114 0.04438438415527335
47 0.3793468952178955 0.08208286762237549 0.05167255401611326 0.12628636360168455
16 0.6012082099914551 0.3569492340087891 0.037309360504150346 0.07459077835083011
16 0.36246840953826903 0.528532361984253 0.03817663192749021 0.06463232040405276
55 0.5665476799011231 0.11041202545166015 0.04084339141845705 0.13787765502929689
41 0.4402751922607422 0.8912397384643554 0.0517065048217773 0.04815025329589839
41 0.5121362686157227 0.8401077270507813 0.052126121520996105 0.04800071716308596
54 0.6886614322662353 0.13185490369796754 0.039644050598144576 0.13528709411621093
16 0.2856299877166748 0.43847723007202144 0.03966808319091797 0.07841796875000001
52 0.6500143527984619 0.12425897121429444 0.038008689880371094 0.1358487606048584
51 0.5663874626159668 0.10983021259307861 0.0419792175292969 0.13639349937438963
15 0.3529228448867798 0.23429014682769775 0.04305443763732908 0.09743351936340333
16 0.3231300592422485 0.5268561363220214 0.03935322761535642 0.06468772888183588
56 0.3232088088989258 0.07520376443862914 0.059515190124511674 0.1288236379623413
41 0.45114612579345703 0.8446527481079101 0.05177021026611328 0.04543571472167973
16 0.5627732200316157 0.35420387758308625 0.037309360504150346 0.07459077835083011
16 0.2840675592422485 0.5238513286297137 0.03935322761535642 0.06468772888183588
