26 0.6577845573425293 0.35506398677825923 0.041817665100097656 0.07934813499450682
18 0.6647205352783203 0.22762917876243594 0.04834346771240239 0.11313325166702273
54 0.5628642082214356 0.49582347869873045 0.03670434951782231 0.1043025970458984
16 0.5083130836486817 0.22966933250427246 0.053074645996093794 0.120012903213501
14 0.6767578125 0.0569001317024231 0.05100574493408194 0.11165773868560791
16 0.6142818450927734 0.2291065216064453 0.05061626434326172 0.11688008308410644
16 0.5615559577941894 0.2284544229507446 0.048711967468261674 0.11725430488586425
15 0.5668210983276367 0.05448905229568482 0.05775127410888681 0.1089547872543335
14 0.7274955749511718 0.058476054668426515 0.04783573150634768 0.11013429164886475
17 0.3256150960922241 0.050507587194442746 0.06017780303955078 0.10101517438888549
17 0.3877650260925293 0.0514485776424408 0.061789131164550815 0.10201157331466675
26 0.614274549484253 0.35779757499694825 0.04265718460083001 0.07954797744750974
29 0.364669942855835 0.9088496208190918 0.061939525604248036 0.17287807464599614
25 0.42551469802856445 0.3645266056060791 0.048963737487792924 0.0861767768859863
5 0.4594246864318848 0.675996971130371 0.05247344970703127 0.170907211303711
14 0.28354201316833494 0.23442099094390867 0.0529926300048828 0.12742199897766113
29 0.4242104053497314 0.8882164001464844 0.05273180007934569 0.17905158996582027
26 0.5694846630096435 0.35960681438446046 0.04425582885742185 0.07888088226318357
26 0.47626533508300783 0.36310086250305174 0.04688415527343753 0.08293123245239259
15 0.5071467876434326 0.053292661905288696 0.05728797912597655 0.10643447637557985
17 0.44878487586975097 0.05208340883255005 0.059703826904296875 0.1041668176651001
14 0.4481037616729736 0.23263328075408934 0.05279855728149413 0.12292566299438476
14 0.3918593883514404 0.2324970245361328 0.05426807403564454 0.12199630737304687
25 0.3752888679504395 0.3669403076171875 0.04920244216918945 0.0875701904296875
14 0.33710403442382814 0.23271169662475588 0.050631046295166016 0.12385520935058594
15 0.6236298084259033 0.055363184213638304 0.05306873321533212 0.11072636842727661
25 0.32476153373718264 0.3686429500579834 0.04964962005615231 0.08764286041259767
55 0.5239133358001709 0.4977755546569824 0.03332366943359377 0.10953617095947266
26 0.5234394073486328 0.3596672058105469 0.04429836273193355 0.08423156738281251
29 0.48131008148193355 0.8772637367248535 0.058751869201660145 0.18596954345703132
59 0.602213191986084 0.491413164138794 0.03709354400634768 0.10694665908813478
55 0.48554563522338867 0.5000908851623536 0.038689994812011685 0.11001510620117189
51 0.44335250854492186 0.5026907920837402 0.03848838806152344 0.11048030853271484
28 0.5511232376098633 0.6866127490997314 0.038135528564453125 0.12672910690307615
17 0.25994410514831545 0.05495022535324097 0.06725301742553708 0.10990045070648194
26 0.7013779163360596 0.3541805267333984 0.04442586898803713 0.08111257553100587
52 0.3613868236541748 0.5104966163635254 0.041181325912475586 0.1091567993164062
24 0.7147409915924072 0.22760043144226075 0.05174188613891606 0.11407051086425785
28 0.594386911392212 0.6838284492492676 0.04385528564453123 0.1266946792602539
28 0.6391363675615428 0.6812843997921565 0.04331006919388214 0.1264729592652446
59 0.6755939483642579 0.4910841941833496 0.03891000747680662 0.10975570678710933
9 0.3426165318751073 0.6849130237495507 0.060431428008027144 0.17640506513826137
28 0.5090423107147217 0.6888294696807862 0.04224443435668951 0.1345927238464356
52 0.3175280350225943 0.5128817169754593 0.040328550338745106 0.1053607940673828
3 0.40234375 0.6802884615384615 0.051510989010988995 0.1867273351648352
41 0.5493084277982025 0.9438189338235294 0.04313151041666663 0.05425347222222221
56 0.6023491753472222 0.87158203125 0.03065321180555558 0.06401909722222221
47 0.5925835503472222 0.927734375 0.02631293402777768 0.04991319444444442
