23 0.5085968971252441 0.46157255172729494 0.030045413970947232 0.05286865234374999
34 0.48283796310424804 0.36447534561157224 0.028651714324951172 0.055028057098388705
34 0.5716112136840821 0.3668288946151733 0.02822589874267578 0.054483509063720736
23 0.4777986526489258 0.4606217384338379 0.030133628845214866 0.05421733856201172
34 0.5121848106384277 0.36617736816406254 0.028596115112304754 0.05486612319946288
52 0.38172197341918945 0.555856990814209 0.026095676422119185 0.07409038543701174
41 0.341917896270752 0.9233182907104491 0.04549527168273926 0.05145874023437502
54 0.4373926162719727 0.555938720703125 0.02766380310058597 0.07501430511474605
13 0.6030118942260743 0.24621506333351137 0.05701103210449221 0.12661780118942262
14 0.419586181640625 0.3623485088348389 0.030819129943847612 0.055830097198486306
34 0.5421493530273438 0.3663647651672363 0.02914218902587884 0.054990291595458984
13 0.5424320220947265 0.23662185072898867 0.05905275344848626 0.11135903596878052
41 0.33995819091796875 0.8714422225952149 0.04881849288940432 0.05117435455322261
41 0.4589076995849609 0.9115885734558106 0.04403648376464847 0.04710960388183594
47 0.31440412529022344 0.16841800691612274 0.0309764862060547 0.0869131088256836
26 0.6023577690124512 0.3755122184753418 0.028547573089599654 0.07276153564453125
25 0.35604445934295653 0.35865259170532227 0.03172526359558103 0.05666275024414058
17 0.3890451908111572 0.45905795097351076 0.03213329315185548 0.0531660079956055
41 0.4590116500854492 0.813015365600586 0.04376792907714844 0.048729896545410156
25 0.5412042617797852 0.46251835823059084 0.030811882019042947 0.05364618301391605
41 0.3967871189117432 0.8685461997985839 0.04821720123291018 0.053542709350585915
41 0.5123076438903809 0.8157992362976074 0.047740364074707 0.05189170837402335
19 0.41953325271606445 0.45987787246704104 0.027658462524414062 0.053228187561035145
41 0.45975532531738283 0.8629072189331055 0.04446125030517578 0.04535675048828125
41 0.3972143650054932 0.9192409515380859 0.04634943008422854 0.048263931274413974
43 0.4974871635437012 0.6952104568481445 0.04191436767578127 0.036199188232421964
25 0.3875861406326294 0.3598771095275879 0.0307728290557861 0.056622219085693315
17 0.32671318054199217 0.45692977905273435 0.028235626220703136 0.05502347946166991
25 0.6034626960754395 0.46527957916259766 0.028138351440429643 0.0578557968139648
25 0.3234522819519043 0.35746045112609864 0.03177022933959961 0.0572999954223633
52 0.40908926725387573 0.5558426856994629 0.0264082193374634 0.0742525100708008
59 0.5191004753112793 0.5558986663818359 0.026500129699707053 0.07495555877685556
25 0.5735570430755614 0.4640339851379395 0.029699420928955056 0.05452842712402345
17 0.3564933061599731 0.4577391624450684 0.031030941009521473 0.054169464111328114
25 0.290891170501709 0.35601229667663575 0.03289422988891599 0.059072589874267556
41 0.31801867485046387 0.7930946350097656 0.047983074188232444 0.05191402435302739
5 0.4419008731842041 0.20538912415504457 0.04383907318115238 0.15839251279830935
41 0.37337555885314944 0.7931146621704102 0.04478850364685055 0.048591232299804776
17 0.2955974578857422 0.463349437713623 0.03310313224792477 0.07003307342529297
41 0.41915550231933596 0.7944739818572998 0.0323164939880371 0.047068881988525435
5 0.4886201188267474 0.20798249196814728 0.04472261375212766 0.15799560642625432
41 0.5118331909179688 0.8669217109680176 0.04485836029052731 0.048406791687011785
41 0.511964225769043 0.9162603378295898 0.043260765075683605 0.04865283966064449
59 0.545863151550293 0.5556390285491943 0.02515888214111328 0.07535228729248056
59 0.5993644714355468 0.5567537307739258 0.026018714904785134 0.07880783081054688
59 0.572583818435669 0.5557109832763671 0.025459575653076216 0.07667980194091795
19 0.44789986610412597 0.46003274917602544 0.027167797088623047 0.053509902954101574
41 0.566006851196289 0.8076719284057617 0.0514558792114258 0.05458812713623051
51 0.35362973213195803 0.5550646305084228 0.027373313903808594 0.07372293472290037
44 0.4550849437713623 0.7015787124633789 0.04178581237792972 0.040320396423339844
56 0.3506398677825928 0.16944167613983152 0.03652496337890626 0.08736667633056641
46 0.32398469917266726 0.6522345830159015 0.07307033538818358 0.056725502014160156
14 0.45137414932250974 0.36279783248901365 0.03161048889160156 0.054595947265625
43 0.4969480037689209 0.7269746780395507 0.041997814178466764 0.03228149414062498
0 0.39449987449799195 0.20467808734939757 0.04549447791164657 0.15844628514056222
1 0.5390232806224899 0.6800169427710843 0.03882718373493976 0.12863955823293172
1 0.5800075301204819 0.6809974272088353 0.03921937751004012 0.12903175200803207
46 0.3973249351164423 0.652626776791002 0.07307033538818358 0.056725502014160156
