41 0.5675102710723877 0.7150904655456543 0.054517269134521484 0.06285610198974612
41 0.45120692253112793 0.6150874614715576 0.05775747299194334 0.06539716720581057
41 0.5630599975585937 0.7822611808776856 0.05733413696289069 0.06841030120849612
41 0.5740348815917968 0.3620132923126221 0.06422500610351556 0.08317480087280271
41 0.5017440795898438 0.7153303623199463 0.05505180358886724 0.06991415023803715
41 0.3950390338897705 0.3582021474838257 0.0607729911804199 0.07659006118774414
41 0.3886267185211182 0.542081356048584 0.058624172210693326 0.07099895477294926
41 0.389599084854126 0.762483024597168 0.057691097259521484 0.0635061264038086
41 0.4985692024230957 0.781427001953125 0.056243610382080145 0.061033439636230424
41 0.5668349266052246 0.551648998260498 0.05764751434326176 0.07405891418457033
41 0.6429641723632813 0.36396968364715576 0.05694313049316413 0.0826015949249268
41 0.39730830192565914 0.4316724300384521 0.060653018951416005 0.06562175750732419
41 0.5683581352233886 0.6225371360778809 0.05936717987060547 0.06652145385742192
41 0.4494431495666504 0.36098790168762207 0.042702674865722656 0.0747169971466064
41 0.5120088577270507 0.6127190589904785 0.049084663391113226 0.0680957794189454
41 0.6261895656585693 0.555813980102539 0.03915758132934566 0.07380800247192376
41 0.38738906383514404 0.6105067253112793 0.05682692527770994 0.06547241210937493
41 0.4489647388458252 0.7589470863342285 0.04238805770874027 0.06823902130126946
43 0.5894951820373535 0.13906041383743284 0.06614093780517583 0.061744594573974604
41 0.44974093437194823 0.4338878631591797 0.04033193588256834 0.06550827026367184
41 0.5744548797607422 0.43914704322814946 0.06254844665527348 0.07114858627319337
41 0.3318727493286133 0.5362385749816894 0.04302053451538085 0.06953563690185549
41 0.6230583667755127 0.7920427322387695 0.04653797149658201 0.07072334289550786
41 0.6277738571166992 0.6257593154907226 0.044487953186035156 0.06839656829833984
41 0.6240042686462403 0.7237127304077149 0.041499328613281206 0.06769008636474616
43 0.5866914749145509 0.19746603965759277 0.06814136505126955 0.05897493362426759
41 0.5051583290100098 0.3631586313247681 0.0617026329040527 0.08164162635803224
41 0.39356317520141604 0.6980830192565919 0.05379457473754884 0.06280317306518557
41 0.6392231464385987 0.44292898178100587 0.05517187118530276 0.07476091384887695
41 0.5042573928833007 0.43737406730651857 0.06461639404296882 0.06669473648071289
43 0.5851150512695312 0.2521528244018555 0.06723690032958984 0.05556650161743165
61 0.4618252840909091 0.16352982954545459 0.04794034090909094 0.08522727272727273
61 0.3943536931818182 0.15997869318181823 0.04794034090909094 0.08522727272727273
61 0.3304332386363637 0.1617542613636364 0.04794034090909094 0.08522727272727273
61 0.33309659090909094 0.24698153409090912 0.04971590909090917 0.07102272727272729
61 0.39346590909090917 0.23810369318181818 0.04971590909090917 0.07102272727272729
61 0.459161931818182 0.25053267045454547 0.04971590909090917 0.07102272727272729
44 0.5186434659090908 0.13689630681818185 0.05149147727272718 0.06036931818181818
44 0.520419034090909 0.20259232954545459 0.05149147727272718 0.06036931818181818
44 0.5177556818181818 0.2638494318181818 0.05681818181818166 0.04438920454545456
41 0.3331748326619466 0.6156656583150228 0.04302053451538085 0.06953563690185549
41 0.5120088577270507 0.5437086423238118 0.049084663391113226 0.0680957794189454
