28 0.5586867332458496 0.29993486404418945 0.03447360992431636 0.11655492782592772
28 0.5940735816955567 0.29984724521636963 0.03514118194580085 0.11497626304626463
29 0.5623367309570313 0.8028459787368775 0.03977508544921882 0.15766863822937016
29 0.432539701461792 0.8041029214859009 0.04192504882812498 0.1573779582977295
29 0.5222379684448242 0.6156017780303955 0.04690608978271482 0.15795183181762695
28 0.4893652439117432 0.3034337520599365 0.036298274993896484 0.1151432514190674
31 0.5129558689541951 0.4573380821550901 0.029279194804941955 0.09131458515657526
28 0.5243261337280274 0.30262348651885984 0.03276138305664056 0.11339726448059081
29 0.47615823745727537 0.6157267570495606 0.04405670166015624 0.15856571197509772
28 0.4529105663299561 0.30425760746002195 0.035413265228271484 0.11515340805053714
29 0.4327221870422363 0.6156463146209716 0.04140777587890626 0.160739803314209
28 0.417222547531128 0.3021537780761719 0.034420299530029286 0.12096662521362303
29 0.4763627052307129 0.8024999618530273 0.043041992187500044 0.15196952819824217
29 0.5203116416931153 0.8012739181518554 0.04105205535888673 0.1492776870727539
31 0.5436889598112993 0.4569300206103669 0.03022699356079095 0.09321365356445316
29 0.5649181365966797 0.6159235000610352 0.03903388977050781 0.1589225769042969
31 0.574302204325406 0.4563177557200848 0.03022699356079095 0.09321365356445316
31 0.48264875688522957 0.45856261193565445 0.0292791948049419 0.09131458515657542
31 0.45234164481626404 0.4582564794905134 0.0292791948049419 0.09131458515657548
31 0.4232590625278628 0.4582564794905135 0.0292791948049419 0.0913145851565757
