47 0.6380249500274658 0.23389639854431152 0.03189277648925781 0.08374838829040526
18 0.4135499477386475 0.34657385349273684 0.03285579681396483 0.07311053276062013
18 0.4084739565849304 0.24632501602172852 0.03305914402008059 0.07766027450561522
34 0.3546273708343506 0.5599058628082276 0.028154039382934593 0.06954250335693357
23 0.4460593223571777 0.3459108829498291 0.03145790100097656 0.07508010864257814
25 0.4741347789764404 0.2439817190170288 0.03194093704223633 0.07990202903747556
14 0.5349067687988281 0.13913878202438354 0.03379707336425786 0.08171551227569579
19 0.38133668899536133 0.3471900463104248 0.030836963653564475 0.07251787185668945
32 0.4710544586181641 0.886377716064453 0.034012794494628906 0.12738552093505862
8 0.5141861915588379 0.6658552169799805 0.04088211059570318 0.13891582489013665
15 0.46616973876953127 0.14090402126312257 0.03149127960205078 0.0792510509490967
14 0.4998847961425781 0.1404626965522766 0.03429841995239252 0.08221375942230225
3 0.4277210235595703 0.6731194496154784 0.04357433319091797 0.14569797515869143
47 0.6052305221557617 0.2343682289123535 0.027405929565429754 0.07989530563354491
16 0.5693779945373535 0.1380930870771408 0.03222942352294922 0.07892385125160216
59 0.530306053161621 0.5395820617675782 0.027749156951904275 0.08975906372070314
15 0.4334520816802978 0.1414421796798706 0.03243417739868165 0.07783956527709962
59 0.501713752746582 0.5396634101867676 0.027904701232910112 0.09101495742797855
16 0.6364655494689941 0.13401204347610474 0.03228759765625 0.08031294345855712
19 0.3500816345214844 0.34783248901367186 0.03038368225097654 0.07302236557006836
15 0.40119447708129885 0.143165123462677 0.0318259239196777 0.07696020603179933
8 0.47078933715820315 0.6719781398773194 0.04166984558105469 0.14446859359741215
16 0.6031749725341797 0.13590352535247802 0.03264961242675779 0.08067793846130371
25 0.4777804374694824 0.34517636299133303 0.031093883514404286 0.07587881088256837
29 0.37359843254089353 0.8654376983642578 0.05245380401611327 0.19240264892578118
17 0.33377537727355955 0.14438767433166505 0.035320568084716786 0.07730708122253419
54 0.46415109634399415 0.4383872151374817 0.02852640151977537 0.08949887752532959
19 0.3756706237792969 0.2468475341796875 0.031303787231445335 0.07794208526611329
28 0.541083812713623 0.8883959770202636 0.038582897186279386 0.12331104278564453
19 0.34301841259002686 0.24721941947937012 0.03251256942749026 0.07855114936828617
56 0.5735723495483398 0.23488879799842832 0.03134307861328123 0.08097084760665893
26 0.4427160739898682 0.5586573600769043 0.02779951095581057 0.06691265106201172
51 0.40567841529846194 0.4394420504570007 0.027632427215576183 0.08718626499176024
26 0.4716155529022217 0.5565237998962402 0.029403877258300737 0.06762847900390634
2 0.6465263366699219 0.6645386695861817 0.043358230590820224 0.14768543243408205
24 0.5099400520324707 0.34263997077941893 0.032359504699707 0.07524967193603516
52 0.4345579147338867 0.4394988179206848 0.028242111206054688 0.0869832754135132
23 0.4416205883026123 0.24524469375610353 0.03170509338378902 0.07809610366821287
29 0.42636761665344236 0.8594642639160156 0.050200462341308594 0.18772315979003906
17 0.36836991310119627 0.14398429393768308 0.03449649810791017 0.07790627479553222
56 0.5421082496643066 0.23669183254241943 0.028355503082275413 0.08151507377624512
28 0.5801561355590821 0.8864567756652832 0.03765382766723635 0.12454833984375002
33 0.38408517837524414 0.5598566055297851 0.029047727584838867 0.06772689819335931
32 0.5043553352355956 0.8826566696166993 0.03195533752441404 0.12836685180664065
24 0.5079423904418945 0.24213104248046874 0.03465662002563474 0.08172397613525392
26 0.41385976076126096 0.559259033203125 0.028419852256774902 0.06715965270996094
8 0.5566090106964111 0.667300033569336 0.04233980178833008 0.14595203399658196
55 0.4929921150207519 0.4371428370475769 0.0273426055908203 0.08856317996978758
55 0.5216504096984863 0.4355153203010559 0.028458881378173873 0.08910996913909913
6 0.6011846542358399 0.6643707752227783 0.043764591217041016 0.14914236068725595
3 0.38148787021636965 0.674232006072998 0.045862722396850575 0.14743118286132817
28 0.6119340896606444 0.8839805603027344 0.028184509277343728 0.11831550598144525
16 0.7921601295471191 0.12769820392131806 0.027218055725097612 0.07520671486854554
28 0.6419591903686523 0.8840499877929688 0.030526924133300826 0.11102714538574221
