41 0.4120586395263672 0.49306902885437015 0.048909664154052734 0.05997743606567385
41 0.5167344093322754 0.49552321434020996 0.0456357955932617 0.05391006469726567
41 0.6113437652587891 0.4959000587463379 0.03467006683349605 0.05662937164306642
41 0.5210204911145923 0.43538470457607226 0.05156799791521971 0.05849504092109764
41 0.4658401489257813 0.49263591766357423 0.049553680419921864 0.06119194030761721
41 0.615860891342163 0.43636608123779297 0.03270397186279295 0.05879707336425777
41 0.5724878244353953 0.43441650579517016 0.05128038977655225 0.060371357000968295
61 0.4080638408660889 0.2215088427066803 0.05065765380859377 0.07126826047897339
41 0.3553060879345835 0.429322076962743 0.0544205407373311 0.059061572698049125
41 0.5670842170715332 0.49425315856933594 0.04844951629638672 0.05641384124755855
41 0.5661426422064525 0.5452506322703321 0.04893978207645655 0.04121602517896206
41 0.4150035919695555 0.43189567460910505 0.05207201281179158 0.06068327160088166
61 0.3517304745903851 0.22175806791242897 0.0499035581185 0.07034107220433927
43 0.46150775547445255 0.2152286724452555 0.04490761861313869 0.04490761861313866
43 0.46008211678832117 0.25942347171532854 0.04633325729927007 0.04134352189781021
44 0.5156820255474452 0.212912009580292 0.04847171532846717 0.04526402828467152
44 0.5142563868613139 0.2585324475364964 0.04918453467153283 0.04455120894160583
42 0.5629063070255476 0.21879276916058396 0.04098711222627738 0.04419479927007297
42 0.6164620148586897 0.218792769160584 0.04098711222627738 0.044194799270073
41 0.35450278203844443 0.4916537208833556 0.048909664154052734 0.05997743606567385
27 0.5634140888047137 0.7506707702020201 0.06937868265993263 0.05063657407407407
42 0.7598860362674802 0.39878183734393813 0.04667363453574669 0.04327600633770806
42 0.8157835531024971 0.39911064626649706 0.04667363453574669 0.04327600633770806
