47 0.61620726922972 0.3625482080257044 0.03029202739749348 0.07257366138221943
18 0.32108778953552247 0.25587899684906007 0.0345634460449219 0.06547842025756836
51 0.4151502132415772 0.4687079429626465 0.0280472755432129 0.08437385559082028
52 0.4441272258758545 0.4717244625091553 0.028040027618408236 0.08644857406616213
54 0.35868029594421386 0.4682723045349121 0.028076171875 0.08246908187866214
54 0.32949366569519045 0.46758198738098145 0.02854714393615726 0.08121089935302739
47 0.5796645164489747 0.36282525062561033 0.02998294830322268 0.07042694091796875
26 0.47950148582458496 0.36592936515808105 0.03300418853759768 0.0575201034545898
51 0.3868667602539062 0.4687042236328125 0.0273296356201172 0.08358869552612308
19 0.5871096611022949 0.25373020172119143 0.03258085250854492 0.063776969909668
14 0.5171835899353028 0.25525269508361814 0.034094047546386785 0.06051034927368165
14 0.38483617305755613 0.2601006984710693 0.03272604942321777 0.06873245239257814
14 0.4837015151977539 0.25557522773742675 0.03158626556396482 0.06081905364990234
14 0.5523497581481933 0.2547333240509033 0.033844375610351585 0.06184782981872561
33 0.3522375106811524 0.36474769115447997 0.0320723533630371 0.061680173873901345
15 0.4450347900390625 0.14670040607452395 0.03413238525390627 0.06321678161621094
25 0.4795162200927734 0.14561736583709717 0.032999801635742176 0.06359095573425294
26 0.44702444076538084 0.36594414710998535 0.03165245056152344 0.05733985900878902
33 0.3207416534423828 0.36595497131347654 0.029683589935302734 0.06285696029663085
16 0.3107583999633789 0.14918718338012696 0.03370199203491209 0.06605136394500732
59 0.6537060737609863 0.475978946685791 0.029296684265136763 0.08510303497314453
14 0.4178178787231446 0.2577668190002441 0.03171939849853517 0.06292448043823246
25 0.5515643119812011 0.14369945526123046 0.036635398864746094 0.06569576263427733
59 0.6227985382080078 0.4759231090545654 0.030795860290527388 0.08526573181152342
25 0.5895674228668213 0.14232097864151 0.03675489425659184 0.06581876277923585
15 0.4107689976692199 0.14639419317245483 0.03281133174896239 0.06462624073028565
14 0.45090789794921876 0.2559352874755859 0.03301801681518557 0.06139454841613773
34 0.38419556617736816 0.36498212814331055 0.030005884170532182 0.05880479812622075
16 0.34396374225616455 0.14694759845733643 0.03226666450500493 0.0649540901184082
25 0.5142817974090577 0.14429841041564942 0.03399047851562498 0.06541585922241211
16 0.37661533355712895 0.14720869064331055 0.033915328979492176 0.0632938861846924
29 0.5318226337432861 0.7926366806030274 0.05071830749511719 0.19426078796386725
56 0.650458150205359 0.3623719728098506 0.034841908817797695 0.07033348800861727
29 0.630301570892334 0.8007517099380493 0.05077867507934575 0.19777102470397945
28 0.4191593170166016 0.8173877716064453 0.033288383483886685 0.12725448608398438
29 0.5807580947875977 0.795805025100708 0.046423149108886674 0.19872426986694336
28 0.3824013233184814 0.8157871246337891 0.03819255828857421 0.12424297332763679
24 0.664336109161377 0.1543705701828003 0.03600673675537114 0.08947901725769042
17 0.3534855842590332 0.2555790901184082 0.028730773925781272 0.06057500839233396
34 0.4148381233215332 0.36558194160461427 0.029532432556152344 0.06030979156494143
18 0.65676007270813 0.25550212860107424 0.03688945770263674 0.07028455734252931
28 0.4888931630731938 0.8208866360423328 0.03472385406494116 0.12769641876220705
28 0.4534873962402344 0.8197234153747559 0.03388290405273442 0.12758808135986321
18 0.620621919631958 0.253974723815918 0.03289594650268546 0.06413526535034181
19 0.6206234455108643 0.2535009145736694 0.03352918624877932 0.06452941894531247
25 0.6269709587097168 0.14186742305755615 0.03553695678710944 0.06584062576293946
28 0.3440346956253052 0.8151170492172242 0.03518176078796387 0.12080807685852057
55 0.591694974899292 0.4747804641723633 0.028886127471923873 0.08516426086425782
31 0.41449616679295836 0.6034571208451923 0.02895933645456905 0.0967168732693322
31 0.4460644916693512 0.6059395510474423 0.02987253487992103 0.09693730047545168
31 0.47871745835363333 0.6073268113938053 0.03122658771751191 0.09376728429203529
31 0.5124792588495574 0.6088391869469025 0.0328401548672565 0.09333517699115046
32 0.3811491243131868 0.5914856627747254 0.03273094093406592 0.11643629807692302
32 0.34734503777472525 0.5904125171703298 0.03273094093406592 0.11643629807692302
