18 0.3915951728820801 0.37755475044250486 0.026367378234863292 0.05109939575195316
47 0.39516277313232423 0.45545225143432616 0.023069000244140603 0.05782032012939453
47 0.42051029205322266 0.4575314521789551 0.024134445190429732 0.05770683288574219
47 0.44618759155273435 0.4591577529907227 0.023592758178710926 0.05753917694091798
15 0.3663800716400146 0.28681349754333496 0.025579357147216764 0.05368175506591799
15 0.33986797332763674 0.2838374137878418 0.026995468139648426 0.054239368438720736
41 0.2802940607070923 0.6470882415771484 0.03802886009216311 0.04359645843505866
56 0.31764969825744627 0.4488182067871094 0.025297737121582065 0.05998601913452151
16 0.4462043762207031 0.29422869682312014 0.027742576599121105 0.05196542739868165
15 0.31196889877319334 0.28205075263977053 0.026731395721435514 0.05431671142578126
19 0.286461615562439 0.36853487491607667 0.025669097900390625 0.05050292015075686
41 0.2809839487075806 0.6884228706359863 0.038546085357666016 0.03759689331054694
14 0.42027902603149414 0.2925086498260498 0.02349510192871096 0.05154981613159182
29 0.27782700061798093 0.7856296062469483 0.03944048881530765 0.11841497421264646
19 0.3124845504760742 0.3709207057952881 0.0251437187194824 0.050438976287841775
52 0.7045487403869629 0.46130762100219724 0.0225982666015625 0.06707735061645509
18 0.41777238845825193 0.3796274662017822 0.025369644165039062 0.05117082595825195
16 0.4732926368713379 0.2967247009277344 0.02621879577636721 0.052181243896484375
41 0.3656074523925781 0.6515542984008789 0.037216854095458995 0.0425340652465821
41 0.36597790718078616 0.6895398139953612 0.039422035217285156 0.03522262573242185
25 0.4435832023620605 0.3818105697631836 0.025743675231933605 0.05089693069458007
59 0.6152848720550537 0.4555206775665283 0.02313241958618162 0.06901540756225588
26 0.5670959949493408 0.4647334098815918 0.023836040496826083 0.04655113220214846
41 0.4109664440155029 0.6504683017730712 0.038121604919433616 0.04471454620361326
41 0.4095669269561768 0.6898510932922364 0.04079456329345704 0.03306598663330085
41 0.3236014366149902 0.6877425193786622 0.03838152885437013 0.03760242462158203
31 0.40287175178527834 0.8146743535995484 0.025531291961669922 0.06735386848449709
59 0.6389358520507813 0.45676479339599607 0.023227500915527277 0.06902284622192384
29 0.3163925647735596 0.7868226051330567 0.035030364990234375 0.11750354766845705
41 0.32399299144744875 0.6444737434387207 0.03554263114929196 0.0444793701171875
41 0.45525889396667485 0.6517136573791504 0.041377735137939464 0.04396200180053711
56 0.34405879974365233 0.45108375549316404 0.02545938491821287 0.05975933074951173
14 0.39371006488800053 0.2900632381439209 0.02778630256652831 0.05307826995849613
23 0.3645388126373291 0.37598829269409184 0.02596244812011722 0.0516216278076172
41 0.4528329849243164 0.6886964797973633 0.04048442840576172 0.034015655517578125
28 0.3764225721359252 0.809822099349078 0.02840485572814938 0.07509571524227376
19 0.26005868911743163 0.3665201663970947 0.025777912139892556 0.04890179634094238
16 0.4987617015838623 0.29921658039093013 0.02344779968261712 0.051723432540893566
26 0.591304636001587 0.46542196273803715 0.023036098480224587 0.04658908843994142
25 0.47034921646118166 0.38453543186187744 0.026562881469726574 0.05299410820007322
17 0.284838342666626 0.2801910400390625 0.026933956146240223 0.05299596786499022
24 0.4956218242645264 0.38763177394866943 0.021713161468505826 0.0563509464263916
17 0.25817251205444336 0.27823214530944823 0.02624397277832033 0.05317401885986328
52 0.6814503192901611 0.4600719451904297 0.023583507537841775 0.06796894073486331
51 0.7281864643096925 0.4621208667755127 0.0225705146789551 0.06675891876220702
54 0.7736341476440429 0.4638795852661133 0.022607803344726562 0.06535358428955074
28 0.3477052688598633 0.8093165397644042 0.027743244171142545 0.07487735748291013
56 0.3698711633682251 0.4534595489501953 0.024036121368408214 0.05815887451171875
19 0.3384646892547607 0.37321968078613277 0.024958086013793956 0.05120248794555665
33 0.49346323013305665 0.4653658866882324 0.018751525878906272 0.05097618103027346
55 0.750944185256958 0.46323590278625487 0.021981906890869207 0.06526145935058592
33 0.47151670455932615 0.4641252517700195 0.023376655578613292 0.05236072540283204
41 0.48319473266601565 0.68702392578125 0.015817642211914062 0.033532905578613215
31 0.428933389055217 0.8146743535995484 0.025531291961669922 0.06735386848449709
44 0.4617702741564417 0.7739108032975459 0.03325105444785276 0.026061637269938598
43 0.4605720379601227 0.8001222200920244 0.029656345858895705 0.025162960122699363
44 0.4610213765337423 0.8242367235429447 0.0335506134969325 0.024863401073619507
27 0.28621199324324326 0.5665704767267268 0.056306306306306286 0.05454673423423417
