24 0.7629645347595215 0.5080768585205078 0.021946716308593683 0.04622955322265632
18 0.5127155303955078 0.5012014389038086 0.02256355285644529 0.04684543609619146
41 0.76058988571167 0.7968945503234863 0.033036422729492254 0.04242382049560556
41 0.6381855487823487 0.5924653053283692 0.037220001220703125 0.043768882751464844
41 0.638042688369751 0.6363068580627442 0.03581256866455074 0.04218902587890627
41 0.637693214416504 0.6793248653411865 0.036062431335449285 0.04097099304199214
56 0.6258296966552734 0.4458645820617676 0.021349334716796786 0.05443859100341797
41 0.6370511054992676 0.7202524662017822 0.036693572998046875 0.03939323425292962
16 0.4893981456756592 0.5004231452941894 0.021398544311523438 0.04401559829711921
41 0.7194260597229004 0.6379977226257325 0.03633480072021489 0.04116115570068357
41 0.679364013671875 0.5910857200622559 0.03751001358032224 0.05013561248779297
41 0.6784777164459228 0.6798616409301758 0.03827266693115228 0.04168415069580078
41 0.7194450378417969 0.6805683135986328 0.03586492538452146 0.04250888824462895
14 0.42233676910400386 0.49926018714904785 0.020561027526855458 0.04602069854736324
29 0.6049447059631348 0.9013543128967285 0.03576021194458012 0.12436408996582027
41 0.7223950862884521 0.7997111320495606 0.033775711059570335 0.041880798339843706
45 0.502821969985962 0.8842376708984374 0.051742172241210915 0.08580055236816408
41 0.5981836318969727 0.7191113471984864 0.03459110260009757 0.04013414382934566
54 0.480497932434082 0.5849130630493165 0.019511318206787143 0.06337108612060549
41 0.6782092571258544 0.6371349334716796 0.03796033859252923 0.0414243698120117
41 0.7597210884094239 0.8398990631103516 0.03337574005126953 0.04241790771484366
17 0.35437664985656736 0.44727497100830077 0.02161569595336915 0.0498472213745117
14 0.4445383548736572 0.4995277404785156 0.02191505432128904 0.04483642578125002
15 0.39951462745666505 0.44848384857177737 0.02075681686401365 0.04955043792724606
41 0.7208576202392578 0.842561912536621 0.03547964096069345 0.03892822265625007
41 0.6811522483825683 0.8010605812072753 0.03860912322998045 0.046290016174316384
41 0.5997711658477782 0.5924023151397705 0.030731582641601585 0.04080553054809566
26 0.3532871246337891 0.6943484306335449 0.024595928192138683 0.049368858337402344
41 0.6783957481384277 0.721101951599121 0.038093948364257724 0.04038600921630853
41 0.6812469482421875 0.8455545425415039 0.034762001037597634 0.0380891799926758
41 0.5984700202941895 0.6349534034729003 0.03442716598510742 0.04113922119140623
41 0.7208111763000489 0.5917004585266114 0.03692092895507815 0.04923992156982426
41 0.6800636768341064 0.8839433670043946 0.03432960510253913 0.03788948059082031
41 0.7194822311401368 0.8839153289794921 0.03490447998046875 0.03989067077636721
41 0.7572327613830567 0.9238448143005371 0.03470478057861326 0.03979854583740239
16 0.46687803268432615 0.45159482955932617 0.02208194732666019 0.05056562423706057
17 0.3543661594390869 0.49619464874267577 0.019732284545898426 0.04535799026489251
51 0.4604891300201416 0.5840444564819336 0.02010526657104489 0.06320152282714853
41 0.7580241203308105 0.8827758789062501 0.03339042663574221 0.039922142028808616
41 0.5979562759399415 0.6766633033752442 0.03401269912719729 0.041006278991699174
18 0.5133700370788574 0.45282454490661617 0.022615528106689542 0.050020980834960926
43 0.509607458114624 0.7606325626373291 0.034610080718994185 0.029274845123291038
14 0.44427080154418946 0.45160531997680664 0.021015739440917947 0.05014123916625979
41 0.7189935684204102 0.7223236083984375 0.03610010147094722 0.03920135498046873
56 0.6253174781799317 0.5009604930877686 0.021531867980957076 0.05323076248168945
41 0.7566129207611084 0.9578819274902344 0.038664150238037154 0.027357101440429688
24 0.763621711730957 0.45707998275756834 0.0217437744140625 0.050851249694824185
41 0.7162681579589844 0.9568527221679688 0.03584766387939453 0.027108383178711004
29 0.6403762294250785 0.9014184224952771 0.03302794428705014 0.12371821634977764
41 0.6772899627685547 0.9228166580200194 0.03544139862060547 0.03676280975341795
14 0.4221160888671875 0.45010118484497075 0.022168540954589866 0.05081539154052733
44 0.47223777770996095 0.7882473468780518 0.03169822692871094 0.027393436431884854
41 0.717207384109497 0.923443603515625 0.03434886932373049 0.036918258666992165
55 0.5008954048156739 0.5865736961364746 0.01999893188476559 0.06197929382324219
43 0.5091123580932617 0.7891812324523926 0.03622360229492183 0.02565689086914058
59 0.4000046730041504 0.6849582672119141 0.02074155807495115 0.06757431030273431
59 0.378295373916626 0.6857771873474121 0.020889902114868186 0.06560440063476558
16 0.4676599979400635 0.5000349044799806 0.021280574798583973 0.044110679626464866
16 0.48978013992309566 0.45195350646972654 0.02194385528564452 0.05085983276367184
15 0.3994658708572388 0.4974275588989258 0.021226549148559593 0.04676475524902346
44 0.47146053314208985 0.8145616531372071 0.0324124336242676 0.025159835815429688
15 0.37690637111663816 0.4480432987213135 0.02111029624938965 0.050063037872314475
25 0.7407146453857422 0.45717220306396483 0.022164344787597656 0.051987648010253906
52 0.4404205799102783 0.5843703269958496 0.018689918518066395 0.06334285736083978
25 0.7389094352722168 0.5077449321746825 0.022118473052978538 0.04839382171630857
46 0.3502011017101567 0.8820345855340725 0.04741839490285732 0.04325886237912069
25 0.7155949115753173 0.5075910568237305 0.021930599212646507 0.04826450347900396
47 0.6487472534179688 0.4461504936218261 0.02177019119262702 0.05483703613281249
47 0.6472544193267822 0.5016683578491211 0.02038373947143557 0.05276317596435548
44 0.4720921516418457 0.7587592124938964 0.03036975860595703 0.026930236816406272
41 0.6766304969787598 0.9551838874816895 0.034699440002441406 0.028676223754882768
15 0.3767439603805542 0.49658975601196287 0.021718168258667014 0.04704341888427738
43 0.5085291862487793 0.8156784057617188 0.03741779327392575 0.02511253356933596
46 0.45377855300903325 0.8563470840454102 0.045975494384765614 0.035210037231445224
32 0.33938174247741704 0.7793168544769287 0.022540760040283214 0.08884248733520506
46 0.44894890785217284 0.8966261863708496 0.05211305618286133 0.05811862945556634
46 0.398779139867643 0.8887725271829745 0.047323103648860276 0.04303905207936365
61 0.762418270111084 0.5943642139434815 0.038128662109375044 0.047070217132568426
25 0.718202018737793 0.45642886161804197 0.021236419677734375 0.052144813537597645
28 0.3902773547816921 0.7800276434099351 0.02492459786904827 0.08681837803608661
55 0.5229328771608066 0.5870058034373595 0.019998931884765647 0.06197929382324219
34 0.400144948899371 0.5923864976415094 0.021496658805031432 0.046064268867924474
33 0.3769592669025157 0.591772307389937 0.023032134433962292 0.04667845911949675
36 0.509428642165493 0.682218309859155 0.04023162411971831 0.026821082746478875
36 0.5101163622359155 0.7100709727112677 0.04023162411971831 0.026821082746478875
36 0.4296531139964789 0.6815305897887324 0.03885618397887325 0.023382482394366022
36 0.42930925396126757 0.7056007922535211 0.03885618397887325 0.023382482394366022
58 0.4697128080985916 0.684109540052817 0.03782460387323944 0.026477222711267623
58 0.4691970180457746 0.709241175423724 0.03816846390845069 0.022350902288732488
31 0.4410314894566826 0.7881093684989136 0.023301067478387505 0.07415175269289442
28 0.36446926529343066 0.7798956755045299 0.02481057450578017 0.08708231384689735
61 0.7617751670333575 0.6391743183135986 0.03849358288746951 0.04087674662751972
61 0.7603932389673197 0.6810928029834099 0.03849358288746951 0.04087674662751972
61 0.7604254839555272 0.7206266940014916 0.03777805124438771 0.038564320330349955
19 0.35204976611226607 0.5923328677234927 0.01827247920997921 0.050553859147609126
31 0.41721289189570687 0.7872161710903769 0.023301067478387505 0.07415175269289442
46 0.40821868268454947 0.8500202085913682 0.045393634423976925 0.0332746552258002
46 0.35853761085649816 0.8470071932164633 0.04801385984188172 0.028582317073170826
23 0.6945972711267606 0.45836542693661975 0.019943882042253502 0.05089128521126762
23 0.6932218309859156 0.5096005721830986 0.019943882042253502 0.05089128521126768
