47 0.7559656620025634 0.32649095058441163 0.02500419616699212 0.06558666229248045
23 0.5680479049682617 0.44005212783813474 0.02580184936523433 0.057378005981445324
47 0.7290678024291992 0.3262413024902344 0.02568264007568355 0.06531791687011718
34 0.23146272116149497 0.5363798836209127 0.02455425262451172 0.046044349670410156
54 0.4008753299713135 0.5251299858093261 0.02316761016845703 0.06394557952880858
18 0.4336944580078125 0.4366330146789551 0.025341415405273404 0.04609317779541017
47 0.7023104667663573 0.3258832931518555 0.02559604644775393 0.06448230743408206
19 0.3289664268493652 0.43826527595520015 0.024411773681640603 0.046970653533935536
41 0.30957612991333006 0.7995684623718262 0.038869380950927734 0.04515628814697259
16 0.2248849868774414 0.4383402347564697 0.025276994705200173 0.04669723510742185
26 0.2640532493591309 0.6271592140197755 0.02242441177368165 0.04432811737060549
16 0.25079324245452883 0.43848094940185545 0.024281072616577137 0.0469219207763672
23 0.5423649311065675 0.4408298969268799 0.024445438385009788 0.05791950225830078
15 0.3201877593994141 0.34690964221954346 0.02682294845581057 0.05896911621093748
41 0.2661248445510864 0.79991135597229 0.03916921615600588 0.04740972518920894
16 0.27650957107543944 0.4388385772705078 0.025449752807617188 0.04724731445312497
41 0.4484048843383789 0.8651777267456056 0.03475303649902345 0.039563560485839866
18 0.4075089573860169 0.4373533248901367 0.026040244102478016 0.04680461883544923
41 0.3161426544189453 0.8718635559082031 0.03935461044311522 0.04096584320068353
41 0.3607174396514893 0.906100845336914 0.03920564651489261 0.028934478759765625
41 0.40450224876403806 0.8667821884155273 0.03779172897338867 0.0428979873657227
41 0.4490983963012696 0.9015193939208985 0.036906909942626964 0.03332672119140623
26 0.38782601356506347 0.7117382049560548 0.023340225219726562 0.05171146392822268
26 0.28767848014831543 0.6264515876770019 0.023461627960205123 0.043638515472412154
41 0.2682361125946045 0.8704924583435059 0.03907833099365235 0.04574642181396493
55 0.4491453170776367 0.5253960132598877 0.024221611022949174 0.06276321411132812
59 0.41177711486816404 0.7001644611358643 0.022560691833496127 0.06970996856689449
26 0.2423647403717041 0.7154167175292969 0.02315659523010255 0.054777336120605535
14 0.39791069030761717 0.3470871925354004 0.026544857025146473 0.061555004119873025
59 0.45606412887573244 0.6121886253356934 0.022853279113769498 0.06484642028808596
15 0.3465121746063232 0.34650416374206544 0.02548837661743164 0.05904054641723633
15 0.3718292474746704 0.34624204635620115 0.024674129486083995 0.06001710891723633
29 0.5718747138977052 0.8441381454467773 0.039101028442382835 0.12118415832519536
26 0.3646479606628418 0.7117938041687012 0.022616195678710926 0.054090690612792924
26 0.38428839249626234 0.6246654510498046 0.023506927490234364 0.04412975311279299
14 0.42411355972290044 0.3474766254425049 0.025024604797363292 0.06147336959838867
41 0.4052913665771485 0.9035046577453614 0.0377948760986328 0.030858612060546853
19 0.3545074939727783 0.43803954124450684 0.025257015228271507 0.046666526794433616
41 0.3600757360458374 0.8708524703979492 0.03737473487854004 0.040201568603515536
26 0.3117119550704956 0.6257946014404296 0.023458242416381836 0.043931007385253906
59 0.43222408294677733 0.6123000144958497 0.023048019409179665 0.06568298339843748
55 0.4247419357299804 0.5248896598815918 0.02330894470214845 0.06369094848632811
59 0.4520403861999511 0.779910182952881 0.022300910949707042 0.06679191589355471
41 0.354920768737793 0.7986740589141845 0.04030313491821286 0.042668628692626887
24 0.7530964851379394 0.43615169525146485 0.022611999511718772 0.0603059768676758
59 0.40813045501708983 0.6129190444946289 0.02294931411743162 0.06757678985595705
26 0.291335916519165 0.7126062870025636 0.02372989654541019 0.052268600463867165
59 0.4577442169189453 0.6987574577331543 0.023087501525878906 0.06729965209960931
26 0.26662461757659917 0.7140006065368651 0.023379993438720714 0.052917098999023415
18 0.3810239315032959 0.43742356300354 0.026650428771972656 0.0473496437072754
52 0.37692060470581057 0.5263094902038574 0.022030448913574252 0.06486988067626953
25 0.619007921218872 0.43887739181518554 0.02561187744140625 0.059214210510253884
24 0.7012793540954589 0.4373639583587646 0.02601203918457029 0.062076854705810536
25 0.6456442832946777 0.4385054588317871 0.026273918151855424 0.06035957336425779
56 0.6474919319152832 0.3260193347930908 0.025500679016113192 0.06484189033508303
26 0.31617796421051025 0.712155818939209 0.02434186935424809 0.05287818908691411
52 0.352767276763916 0.5262685775756836 0.022733116149902366 0.06419429779052738
56 0.6209062576293946 0.3257823467254639 0.026257324218750044 0.06468706130981444
41 0.3981790542602539 0.7944409370422363 0.036757469177246094 0.04744358062744147
17 0.26749553680419924 0.34616336822509763 0.02456483840942386 0.05716619491577152
26 0.33572058677673344 0.6253573417663574 0.023696136474609386 0.04505462646484382
19 0.302936601638794 0.4386922836303711 0.02558450698852538 0.04681053161621096
26 0.34087276458740234 0.7118300914764404 0.02331953048706059 0.0540693283081054
29 0.6104869842529297 0.8413789987564086 0.03514862060546875 0.11708216667175286
26 0.3595889568328857 0.6252297401428223 0.023397588729858365 0.0432281494140625
24 0.727544116973877 0.43685059547424315 0.025864601135253906 0.06241216659545901
26 0.24083352088928223 0.6325335502624512 0.02272682189941408 0.05479278564453116
41 0.3168459415435791 0.9071211814880371 0.0394467353820801 0.028942680358886808
41 0.27174224853515627 0.9079827308654785 0.03847866058349608 0.028846931457519487
15 0.29364356994628904 0.346741771697998 0.02589454650878903 0.058110713958740234
17 0.2422171592712402 0.34672722816467283 0.024897480010986323 0.05815935134887695
29 0.6490600109100342 0.8427324295043945 0.04037876129150386 0.12050724029541016
55 0.5457797050476074 0.5279200077056885 0.022018241882324263 0.06936073303222656
59 0.4349076271057129 0.6995330810546876 0.02183589935302732 0.06916465759277346
28 0.6463848590850829 0.7298682689666748 0.029212570190429665 0.08791809082031254
28 0.7064971883093294 0.7277487019198624 0.029248142242431663 0.08859605789184566
25 0.5933890342712402 0.4396550178527832 0.024503993988037154 0.05783500671386721
28 0.6164530277252197 0.7307205677032471 0.02908248901367183 0.08788499832153318
56 0.6744134902954102 0.3259127616882324 0.026478576660156183 0.06439409255981443
55 0.5256959915161132 0.5290614128112793 0.017645645141601496 0.06772232055664062
28 0.5876003742218017 0.7315152168273926 0.027665233612060525 0.08679885864257819
24 0.6736772537231446 0.43819093704223633 0.02747077941894538 0.0619303703308105
55 0.5689173698425293 0.5285580158233643 0.022055435180664107 0.06811656951904294
28 0.6756599426269532 0.7277146339416504 0.029421234130859397 0.08715629577636719
17 0.21700339317321776 0.3469697952270508 0.024560546875000006 0.05932989120483401
59 0.428831672668457 0.7814835548400879 0.02176628112792972 0.06659202575683598
28 0.5591632843017578 0.73268141746521 0.028812599182128973 0.08617591857910156
29 0.6895319938659668 0.8422552108764648 0.03725891113281243 0.12317638397216801
29 0.7271738052368164 0.8417056798934937 0.03580074310302739 0.12464108467102042
18 0.45526585578918455 0.4367198944091797 0.017249298095703136 0.04596080780029299
14 0.44883170127868655 0.34689579010009763 0.023853111267089833 0.060346508026123014
29 0.5376786708831787 0.8461541175842285 0.026920318603515625 0.11957187652587886
28 0.7354534626007081 0.7271326065063477 0.028681182861328147 0.08919849395751955
33 0.2582070053807947 0.5367860099337749 0.02683930049668873 0.04397764900662249
51 0.3294940715434084 0.5252775823954984 0.022294513665594873 0.06468549035369775
28 0.5327096447051692 0.7362651187537337 0.021931527172576182 0.09270140584917597
31 0.5532158745659722 0.6290011935763888 0.0274658203125 0.09697808159722221
31 0.5293104383680556 0.6300184461805556 0.01966688368055569 0.09629991319444442
31 0.5833943684895834 0.628662109375 0.0274658203125 0.09697808159722221
31 0.6139119466145833 0.628662109375 0.0274658203125 0.09697808159722221
31 0.6440904405381944 0.6283230251736112 0.0274658203125 0.09697808159722221
31 0.6754557291666667 0.628662109375 0.02916124131944442 0.09697808159722221
31 0.7051255967881944 0.628662109375 0.0274658203125 0.09697808159722221
31 0.7342868381076388 0.6283230251736112 0.02950032552083337 0.0969780815972221
23 0.5222633568016258 0.4416165551623783 0.013803100585937589 0.058964947107675914
