0 0.5561244010925293 0.25032496452331543 0.06743564605712893 0.23348236083984375
18 0.4737244606018066 0.7048159599304199 0.035087680816650424 0.04994182586669926
9 0.3464887619018555 0.2459770679473877 0.07096319198608397 0.2320732593536377
18 0.4385504722595215 0.7051445484161377 0.034358978271484375 0.05108022689819336
16 0.43639760017395024 0.6253822326660157 0.036011409759521495 0.053394317626953125
17 0.6013023376464843 0.44512262344360354 0.040755081176757746 0.06926536560058594
14 0.3616412401199341 0.6257818222045899 0.03885045051574709 0.05897159576416022
14 0.3569460868835449 0.5365291595458985 0.039296340942382824 0.06223526000976565
26 0.4123686790466309 0.7757121562957763 0.03301124572753905 0.04528865814208982
26 0.5092542171478271 0.7751760959625245 0.031385993957519565 0.043108654022216863
14 0.6283156394958496 0.5414361953735352 0.03783817291259772 0.059148406982421964
14 0.5122319221496582 0.539057159423828 0.03848381042480464 0.059578323364257835
14 0.3964405536651611 0.5363271713256836 0.03661909103393557 0.06112747192382806
14 0.5514578819274902 0.5396583557128907 0.037795066833496094 0.05939960479736328
16 0.5445211410522461 0.6261399745941162 0.03490257263183594 0.05257492065429692
17 0.5598901748657226 0.44335594177246096 0.03938999176025393 0.0691267013549805
16 0.5084473609924316 0.6256267547607421 0.03535652160644526 0.052483558654785156
17 0.4759871482849121 0.44160804748535154 0.041602134704589844 0.06910934448242184
2 0.4859307765960693 0.24918518066406248 0.0687704086303711 0.23359394073486325
16 0.36826014518737793 0.7043313980102539 0.03574957847595217 0.052193069458007724
16 0.39971926212310793 0.6251521110534668 0.035571241378784146 0.05559072494506845
16 0.4724876403808594 0.6253805160522461 0.03436574935913084 0.052861022949218794
14 0.5897986412048339 0.54030122756958 0.03654956817626953 0.05978927612304685
17 0.43380513191223147 0.43998427391052247 0.03931093215942383 0.0687981605529785
26 0.5727110862731933 0.7753240585327148 0.030474376678466752 0.04423580169677732
16 0.5802484989166259 0.6265157699584961 0.03401241302490232 0.05254726409912114
17 0.5184118270874023 0.44234695434570315 0.04089374542236335 0.06870279312133792
17 0.39193673133850093 0.43929195404052734 0.04137105941772462 0.06766166687011721
14 0.6671818256378175 0.5418924331665038 0.03785238265991209 0.05732049942016604
26 0.4771876335144043 0.7754718780517578 0.03165931701660152 0.04363794326782233
16 0.6153977394104004 0.6265746116638184 0.034055900573730535 0.051810836791992165
14 0.43526420593261717 0.5373853683471679 0.037868881225585904 0.059814834594726585
5 0.6263081550598144 0.2565221846103668 0.06638031005859368 0.23471831083297728
19 0.40358748435974123 0.7050669670104981 0.03285179138183597 0.05081615447998045
17 0.6431924819946289 0.44640183448791504 0.04044189453125002 0.06922445297241209
3 0.41742439270019527 0.247145414352417 0.06310243606567384 0.23213176727294924
17 0.6858261585235597 0.4473270893096924 0.042206192016601585 0.06969118118286133
26 0.44504470825195314 0.7750708103179931 0.03134927749633787 0.04502191543579104
25 0.5784380912780762 0.705392026901245 0.033971214294433616 0.049158000946044944
26 0.6045848846435546 0.7754148483276366 0.03166465759277337 0.0441307067871094
14 0.47379255294799805 0.537808895111084 0.036174774169921875 0.06023979187011719
26 0.5411954402923584 0.775350284576416 0.0308255195617676 0.0435791015625
28 0.4668224493662516 0.9215062141418457 0.034556357065836596 0.10277805328369138
33 0.6372408390045166 0.7748383522033692 0.03147687911987307 0.043034839630127
29 0.37969379425048827 0.9049587249755859 0.05303039550781252 0.1526397705078124
16 0.6491244316101075 0.6263918876647949 0.03094825744628904 0.050841331481933594
25 0.5434611320495606 0.7050971031188965 0.03361911773681647 0.04910926818847661
17 0.34881200790405276 0.4406138896942139 0.041932487487792935 0.0702073097229004
25 0.5086215972900391 0.7046553611755371 0.033042144775390636 0.04970226287841795
25 0.6138576030731202 0.7056805610656738 0.034811878204345725 0.050027751922607444
25 0.6492255210876465 0.707109546661377 0.032381629943847634 0.0521522521972656
25 0.3772686004638672 0.7754480838775635 0.035216236114501975 0.046279621124267534
29 0.4285503228505453 0.8944950810185185 0.04263893763224286 0.14966724537037024
59 0.5889806747436523 0.9421503067016601 0.027744483947753862 0.06900596618652344
28 0.5035050710042318 0.9214076201121013 0.03891118367513019 0.10192982355753577
4 0.7003708839416505 0.25522871017456056 0.07926807403564451 0.23009834289550782
51 0.6162015474759616 0.9446176382211539 0.0244140625 0.06854717548076916
47 0.5630305363581731 0.9328801081730769 0.022301307091346145 0.049767127403846145
56 0.5357994666466346 0.93792724609375 0.024179311899038436 0.0579833984375
