24 0.3120749711990356 0.4967540740966797 0.053116512298583995 0.12093868255615231
24 0.3074505805969239 0.366552734375 0.05703372955322267 0.13136396408081058
24 0.36595840454101564 0.3693023681640625 0.05550155639648435 0.13076047897338866
18 0.25542268753051756 0.18390469551086425 0.06576957702636718 0.1520339012145996
24 0.367757511138916 0.4982669830322266 0.05358543395996096 0.11963987350463873
24 0.4238546848297119 0.371611213684082 0.05556335449218747 0.13058013916015626
55 0.6125583648681641 0.7057816505432128 0.042520332336425826 0.13515720367431638
24 0.4795521736145019 0.3748334884643555 0.05264720916748045 0.1287242889404297
18 0.31899657249450686 0.1864657998085022 0.059125423431396484 0.14928386211395261
24 0.4238173007965088 0.49966917037963865 0.05348348617553711 0.11802206039428714
24 0.4772246360778809 0.5016509056091308 0.05007839202880865 0.11573181152343753
14 0.7867307662963867 0.21744344234466553 0.05951042175292964 0.1385054111480713
54 0.6568778991699219 0.706026554107666 0.04348945617675781 0.13201618194580078
34 0.5842217445373535 0.5005939483642579 0.046553611755371094 0.1069194793701172
14 0.6127610206604004 0.20940012931823732 0.05473651885986319 0.1434917449951172
17 0.4401827812194824 0.19621151685714722 0.059264373779296886 0.14266965389251707
34 0.6349217414855957 0.5009855270385742 0.04987945556640627 0.10318565368652344
14 0.6715907096862793 0.21100839972496033 0.055669975280761674 0.13596402406692507
17 0.5555130958557128 0.20392351150512694 0.05651445388793952 0.14201784133911133
17 0.37896430492401123 0.19075455665588378 0.05985283851623535 0.14261717796325685
19 0.2494812488555908 0.3631317615509033 0.05669317245483396 0.13550481796264646
14 0.7278978824615479 0.21442927718162536 0.0544031143188477 0.13866015672683715
52 0.5233696937561034 0.7054833889007568 0.042703533172607444 0.14415388107299798
51 0.47774119377136226 0.7077846527099609 0.04510812759399413 0.1427709579467773
17 0.4989267349243164 0.19975101947784424 0.056318092346191395 0.14440116882324217
59 0.2896601676940918 0.7165767669677734 0.04713907241821291 0.14799184799194343
54 0.7031991004943847 0.707552433013916 0.04720869064331057 0.13483715057373047
51 0.43022556304931636 0.7103890419006348 0.04639835357666017 0.14293670654296875
34 0.6874582290649414 0.5036834239959717 0.05059604644775384 0.10461778640747066
19 0.25756397247314455 0.496173095703125 0.05497570037841798 0.12198390960693362
55 0.5680953025817872 0.7066367149353028 0.04320392608642576 0.1386117935180664
34 0.7611585417997491 0.38348269925534145 0.05679068796843001 0.12210468644077344
34 0.70332328694538 0.3815864613912638 0.05679068796843001 0.12210468644077344
34 0.6416955563628559 0.3806383424592249 0.05679068796843001 0.12210468644077344
34 0.5867046583046034 0.3754236883330113 0.041620785055808796 0.11546785391650166
34 0.7405528892591162 0.5055796618600493 0.05059604644775384 0.10461778640747066
33 0.5350804004854368 0.38053701456310685 0.048354065533980584 0.12041110436893204
33 0.5312879247572815 0.5037924757281553 0.048354065533980584 0.12041110436893199
