47 0.6217197895050048 0.2713332176208496 0.030533981323242254 0.0846737861633301
59 0.7150702476501465 0.5103696346282959 0.026984596252441317 0.08826160430908203
15 0.32879209518432617 0.27479729652404783 0.034868144989013694 0.08102426528930667
47 0.5830360412597657 0.2736912727355957 0.034436607360839866 0.08613786697387699
47 0.6536243915557862 0.2694847106933594 0.030766391754150413 0.08338279724121092
52 0.8407669067382812 0.3796865940093994 0.027596664428710893 0.09771032333374019
18 0.3589036464691162 0.5093903541564941 0.0321502685546875 0.06489696502685544
34 0.48879661560058596 0.704791259765625 0.027288436889648438 0.06253013610839842
18 0.3921909809112549 0.5073435783386231 0.03330678939819337 0.06450471878051756
18 0.45769672393798827 0.5017886161804199 0.03193531036376951 0.06384410858154294
54 0.603573989868164 0.5195358753204345 0.027323913574218817 0.09009742736816406
24 0.36192760467529295 0.6115199089050293 0.03171558380126954 0.06538276672363286
34 0.4600635528564453 0.7080117225646974 0.028676986694335938 0.06111850738525393
18 0.42469062805175783 0.5034883499145508 0.032530975341796886 0.06337852478027345
19 0.39856724739074706 0.2698079586029053 0.03453073501586912 0.07867860794067386
31 0.82191162109375 0.6383681297302246 0.029306793212890647 0.09431304931640616
15 0.2938830375671386 0.27873778343200684 0.034496593475341786 0.0846405029296875
1 0.6439959526062011 0.7829954147338867 0.04134674072265632 0.14384002685546882
17 0.21962826251983641 0.2792672157287598 0.039587974548339844 0.08053340911865231
19 0.36380481719970703 0.27096455097198485 0.03378219604492183 0.07837581634521484
26 0.2778359174728393 0.7322147369384766 0.03056674003601073 0.06421718597412107
16 0.21699323058128356 0.5231170654296875 0.035790073871612565 0.07207450866699222
28 0.6177038669586181 0.6440572261810302 0.03761634826660154 0.11321802139282233
16 0.27049732208251953 0.4033716201782227 0.03617815971374516 0.07316951751708983
19 0.43422598838806153 0.2685078620910645 0.034531688690185525 0.07892532348632814
16 0.37764227390289307 0.3962710857391357 0.03386282920837402 0.07204971313476566
16 0.3074027538299561 0.40170994997024534 0.036071109771728505 0.07344720363616947
15 0.2578474521636963 0.27907893657684324 0.03730812072753903 0.08344154357910155
16 0.23362386226654053 0.4050298690795898 0.03584942817687986 0.0729640960693359
16 0.19666175842285155 0.407122814655304 0.03687691688537598 0.07431504726409915
16 0.41222114562988277 0.39430787563323977 0.034737396240234364 0.07172427177429203
24 0.39385879039764404 0.6098657608032226 0.03163189888000484 0.06554412841796875
26 0.24647784233093262 0.7363938331604003 0.03174648284912107 0.06335296630859377
16 0.3431854724884033 0.3990334033966064 0.034341192245483376 0.07217731475830075
28 0.7295257568359375 0.6350144863128662 0.03384761810302728 0.10709981918334954
16 0.15955265760421755 0.4106293201446533 0.03634605407714844 0.07907638549804685
56 0.8521183013916016 0.2590820789337158 0.029922294616699152 0.08324623107910156
2 0.803678035736084 0.7682716369628906 0.04084491729736328 0.1388341903686524
25 0.3294187545776367 0.6139303207397461 0.03114013671874999 0.06513385772705083
16 0.44620695114135744 0.39185998439788816 0.031299591064453125 0.07161746025085453
26 0.33908655643463137 0.7236440658569336 0.030655336380004894 0.06277294158935554
59 0.7992539405822754 0.501911735534668 0.028161811828613326 0.08971557617187503
56 0.8188995361328125 0.25951924324035647 0.03255939483642578 0.08142585754394532
26 0.39992489814758303 0.7166904449462891 0.03079700469970703 0.06372098922729497
26 0.3081501960754395 0.7263321876525879 0.03054952621459961 0.06285820007324228
25 0.19977664947509766 0.6282544136047363 0.03331336975097654 0.0622364044189454
17 0.18069204092025756 0.27936270236968996 0.03839099407196045 0.08113522529602052
17 0.14349660873413084 0.2846635341644287 0.035439825057983404 0.08528680801391603
56 0.6859047889709473 0.26725316047668457 0.03023815155029297 0.08278656005859375
59 0.7431977272033692 0.5072060585021972 0.026984024047851496 0.0876169204711914
28 0.693348503112793 0.6371421813964844 0.03564529418945317 0.1122482299804688
54 0.576999282836914 0.5224101543426514 0.024682044982910156 0.08887023925781246
19 0.4683696746826172 0.26749658584594727 0.032339191436767556 0.07927713394165037
26 0.36924519538879397 0.7200328350067138 0.029256582260131836 0.06197776794433596
59 0.8280795097351075 0.5006959915161133 0.027892112731933594 0.09007987976074217
25 0.23293867111206057 0.6238605022430419 0.03226385116577149 0.0630613327026367
16 0.18072731494903566 0.5280713081359864 0.03527631759643554 0.0749985694885254
28 0.6568397998809814 0.6398117065429687 0.03525209426879883 0.11313056945800781
59 0.7708863258361817 0.5046493530273437 0.02645187377929692 0.08947172164916994
24 0.42560110092163084 0.608186149597168 0.03144235610961915 0.061935710906982466
56 0.7550405025482179 0.26418166160583495 0.029767417907714866 0.08216028213500978
52 0.8115325927734376 0.37874159812927244 0.02957210540771482 0.09466733932495114
26 0.21552677154541017 0.7419073104858398 0.030169010162353516 0.06418743133544924
31 0.7926725387573241 0.6368257522583007 0.026719665527343728 0.09487285614013674
14 0.2883734703063965 0.5166486740112305 0.03503451347351072 0.06506824493408203
56 0.7189502716064453 0.2654543876647949 0.03304862976074219 0.08452706336975097
33 0.430384349822998 0.7111774444580079 0.028940963745117176 0.06375846862792967
25 0.26509571075439453 0.6216769695281983 0.031716632843017595 0.06396903991699221
24 0.4873636245727539 0.6031630516052247 0.028138923645019465 0.062340164184570335
52 0.7807692527770996 0.38032984733581543 0.027003097534179732 0.09296388626098628
25 0.29723296165466306 0.6175162315368652 0.032004880905151356 0.06498661041259768
0 0.722926139831543 0.7756463050842285 0.041008949279785156 0.1409587860107422
50 0.6042016029357911 0.39018797874450684 0.0296811103820801 0.0962237358093262
16 0.47652616500854494 0.39082424640655516 0.02747573852539059 0.07297062873840332
50 0.5748642444610595 0.39244771003723145 0.028700065612792924 0.09393110275268557
1 0.6011135101318359 0.7862272739410401 0.04238624572753913 0.14460973739624017
24 0.45699782371520997 0.6043405532836914 0.030332946777343772 0.06265335083007817
28 0.7628006935119629 0.6371687889099121 0.029580879211425826 0.09914894104003902
14 0.2531322956085205 0.5191832542419433 0.03438520431518555 0.06811628341674808
14 0.32437863349914553 0.5144192695617675 0.03571033477783203 0.06410293579101561
50 0.6348939418792725 0.3885615110397339 0.030121135711669855 0.09620270729064945
56 0.7863526344299316 0.261767315864563 0.030109405517578125 0.08095145225524902
50 0.6651587963104248 0.38724360466003416 0.02917404174804694 0.09492454528808597
2 0.763524627685547 0.7715285301208497 0.04011955261230471 0.1407941818237305
19 0.4862199783325195 0.5013733863830566 0.02360019683837894 0.06672630310058597
46 0.6132811069488526 0.9138968467712403 0.06529893875122073 0.06625537872314446
28 0.7914601325988769 0.6369086265563966 0.027511405944824263 0.09569511413574217
51 0.7243768601190477 0.3830682663690476 0.0244140625 0.08254278273809523
51 0.7487909226190477 0.3819056919642857 0.0244140625 0.08254278273809523
51 0.6953125 0.38771856398809523 0.0244140625 0.08254278273809523
8 0.6871744791666667 0.7783435639880952 0.02906436011904756 0.14067150297619047
45 0.6766183035714286 0.9037078373015873 0.05890376984126988 0.06355406746031744
45 0.7335844494047619 0.8967323908730159 0.048828125 0.07440476190476186
46 0.7923175652821859 0.8921954578823514 0.06529893875122073 0.06625537872314446
32 0.5820122876213593 0.6422178398058253 0.02654733009708732 0.12041110436893199
