18 0.3797613143920898 0.2778571844100952 0.029447555541992188 0.07011938095092773
47 0.409496545791626 0.38028678894042967 0.026583194732666016 0.06699476242065433
15 0.4403093338012696 0.18836904764175416 0.02921180725097655 0.07288267612457275
18 0.3499875783920288 0.27729685306549073 0.029893159866333008 0.0719661235809326
54 0.6309167861938476 0.37805314064025874 0.027072334289550803 0.08627729415893554
23 0.43854641914367676 0.27953157424926756 0.028295898437500022 0.06958246231079099
15 0.41095762252807616 0.18704832792282106 0.029286766052246116 0.07186558246612548
19 0.6197860717773438 0.194577419757843 0.027136135101318293 0.07045834064483641
16 0.5608143329620361 0.19320054054260255 0.029486656188964844 0.07106151580810546
14 0.5007791519165039 0.19194135665893555 0.0291251182556152 0.07071475982666015
16 0.530634880065918 0.1924720764160156 0.02840270996093741 0.06962718963623046
25 0.4676402091979981 0.28069965839385985 0.027446937561035167 0.06868705749511717
14 0.47042016983032225 0.1907839298248291 0.02939891815185547 0.07257351875305176
41 0.46516280174255376 0.5142957687377929 0.04473905563354491 0.04922466278076171
41 0.417097008228302 0.5646806716918946 0.04360616207122803 0.04887380599975588
56 0.38125786781311033 0.38011698722839354 0.028588008880615245 0.06944465637207031
19 0.6492846488952637 0.1951367139816284 0.029911041259765625 0.0721203327178955
31 0.38396196365356444 0.8348863601684571 0.028786754608154275 0.09720268249511721
41 0.4161341190338135 0.5136700630187988 0.04328002929687502 0.049106216430664096
26 0.6117443561553955 0.28439414501190186 0.027964305877685613 0.06517596244812007
17 0.34955835342407227 0.18502368927001953 0.03256483078002925 0.07290096282958985
41 0.3699957370758057 0.5645095825195312 0.04474744796752933 0.0519538879394531
41 0.46395339965820315 0.5654547214508057 0.043602752685546864 0.04917478561401367
16 0.5906641960144043 0.1934369444847107 0.02871074676513674 0.06975667476654052
43 0.4145479202270508 0.6829819679260254 0.0410100936889648 0.025076103210449174
26 0.5815864086151123 0.28427419662475584 0.029279899597168035 0.06658906936645509
25 0.5244220256805421 0.28213000297546387 0.026629066467285134 0.0676246643066406
56 0.4393013954162598 0.38082046508789064 0.02735385894775394 0.0680704116821289
25 0.49641103744506837 0.28192665576934817 0.028379631042480535 0.0689483642578125
43 0.5073535919189454 0.6459190368652343 0.042067718505859386 0.03205032348632819
26 0.5525558471679688 0.2833880424499512 0.02736663818359375 0.06526889801025387
29 0.4853633880615234 0.7887235164642334 0.0412422180175781 0.15955362319946287
41 0.41476508378982546 0.4601656436920166 0.04296548366546632 0.053707408905029286
29 0.6074140071868896 0.7890554428100586 0.039859771728515625 0.1565084457397461
26 0.6392352104187011 0.28533205986022947 0.026271247863769553 0.06602067947387696
28 0.4152624011039734 0.8294124841690064 0.033452630043029785 0.10766406059265132
41 0.36730525493621824 0.5128593444824219 0.0451239109039307 0.049806404113769576
29 0.5673890590667725 0.7853008270263673 0.0392386436462403 0.15477790832519533
41 0.3651456117630005 0.4588045120239258 0.04310727119445801 0.0541229248046875
43 0.4607213497161865 0.6812812328338623 0.041811180114746105 0.028858852386474565
17 0.3811689853668213 0.18624651432037354 0.029490375518798795 0.07052674293518069
43 0.5057968139648438 0.6792963027954102 0.04268589019775387 0.032075691223144465
43 0.46131315231323244 0.6485923767089844 0.04337139129638673 0.03178482055664067
55 0.5524376869201659 0.3746646881103516 0.02651920318603518 0.08384981155395504
23 0.4093315005302429 0.2782885074615479 0.028381943702697754 0.06957597732543946
43 0.506154727935791 0.6132248878479004 0.04132518768310545 0.030142021179199174
29 0.5271605491638184 0.784510612487793 0.041970252990722656 0.1578086853027343
43 0.5482199668884278 0.61361722946167 0.040192604064941406 0.02949256896972663
43 0.4605829238891601 0.6160053253173827 0.0422657012939453 0.03064098358154299
43 0.5497079849243164 0.6458463191986084 0.039981174468994185 0.03087139129638672
28 0.44927330017089845 0.8305118560791016 0.03244924545288086 0.10414733886718752
59 0.46847000122070315 0.37257833480834956 0.02794609069824222 0.08202285766601564
31 0.35442099571228025 0.836413288116455 0.028340530395507824 0.09482917785644529
43 0.5497294902801513 0.678675365447998 0.040389633178710915 0.03232231140136721
51 0.524599266052246 0.37283926010131835 0.02609462738037116 0.08096837997436523
41 0.4635919570922852 0.4612607002258301 0.042961883544921864 0.05277366638183595
52 0.6046772875816994 0.3771318423202614 0.0223396650326797 0.08680555555555552
46 0.5968640734265734 0.6354485358391608 0.05463286713286708 0.04712084790209792
