14 0.5587347507476808 0.4030313014984131 0.030666255950927757 0.07303581237792967
14 0.6653105735778808 0.2835474491119385 0.03236694335937507 0.059287595748901356
14 0.7305427074432373 0.2835781335830688 0.03185186386108396 0.05800070762634274
14 0.631658411026001 0.2834139823913574 0.03277320861816402 0.0591474533081055
26 0.4341985702514648 0.7619292259216308 0.025479984283447277 0.05836572647094729
14 0.8302453041076661 0.28322854042053225 0.035778045654296875 0.058561897277832065
14 0.6235316276550293 0.46781530380249026 0.02978992462158203 0.05350017547607422
19 0.23577847480773925 0.6714750289916993 0.027082157135009777 0.04843006134033201
14 0.7499897003173828 0.46733999252319336 0.029051780700683594 0.054130172729492165
14 0.5609663009643555 0.4677614212036133 0.029766273498535223 0.05337162017822267
14 0.5920719623565673 0.46756854057312014 0.029925727844238303 0.05357465744018558
14 0.69798583984375 0.28362534046173093 0.031893348693847634 0.05818748474121094
14 0.7953415870666505 0.28331871032714845 0.032950973510742165 0.05800437927246094
19 0.3163296222686768 0.6156432151794433 0.028268146514892567 0.06252384185791016
26 0.2722933769226074 0.7583549976348877 0.026514053344726562 0.057383823394775435
14 0.6544012546539306 0.46756610870361326 0.029473304748535156 0.053483390808105435
19 0.2027302324771881 0.6144042968750001 0.029697883129119862 0.06241550445556643
14 0.7626360893249512 0.28328306674957277 0.031172084808349654 0.05750265121459963
14 0.7191306114196777 0.4678380012512207 0.03099136352539067 0.05306472778320315
19 0.28779344558715825 0.6149492740631104 0.027830791473388683 0.06215515136718752
29 0.5695368766784668 0.7490415573120117 0.046694469451904363 0.1665987014770507
14 0.5335556030273438 0.4677011966705322 0.022626304626464866 0.053549098968505904
14 0.7214895248413086 0.4021454811096191 0.032362174987792924 0.07251548767089844
16 0.18514542579650878 0.5306970596313476 0.029610157012939453 0.05147132873535154
14 0.6225856304168701 0.402767276763916 0.030803680419921875 0.07252683639526364
26 0.24600458145141602 0.7573965072631836 0.025110435485839827 0.057186126708984375
14 0.6864134788513183 0.4677165031433106 0.030825042724609397 0.05349559783935548
26 0.29941914081573484 0.7594149589538575 0.027068376541137695 0.05815563201904295
26 0.373958945274353 0.6150344848632812 0.026990652084350586 0.06174335479736326
19 0.29129648208618164 0.6731014251708984 0.026985549926757835 0.0478155136108398
26 0.37552638053894044 0.6729774475097656 0.02746591567993162 0.0497936248779296
26 0.40755391120910645 0.7612024784088135 0.026469993591308638 0.059431266784667924
16 0.8188558578491211 0.4007606983184815 0.03301925659179683 0.07184724807739257
16 0.30279197692871096 0.46886539459228516 0.029606246948242154 0.06834888458251953
16 0.30300819873809814 0.531806230545044 0.02941098213195803 0.05199718475341797
16 0.3323439359664917 0.5317519187927247 0.02782187461853025 0.052056312561035156
17 0.5359000205993651 0.2840487003326416 0.02490367889404299 0.05761079788208007
16 0.27298903465270996 0.5314009666442872 0.02859387397766111 0.05209970474243164
19 0.26348071098327636 0.6727698802947998 0.027122116088867165 0.0475306510925293
14 0.7813853263854981 0.467011022567749 0.030941009521484375 0.054579639434814475
14 0.5322462081909181 0.40337294340133667 0.020388698577880837 0.07225687503814693
16 0.39395866394042967 0.4687336921691895 0.02824029922485355 0.06874275207519531
29 0.6649563789367676 0.7501319885253906 0.04567880630493171 0.1649932861328125
17 0.5977584838867187 0.2835705757141114 0.03260049819946287 0.05942134857177733
16 0.18098025321960448 0.4691281795501709 0.03142037391662597 0.067618179321289
14 0.6875862121582031 0.4017704963684082 0.03267669677734375 0.0713968276977539
16 0.3636003494262695 0.46868486404418946 0.02943315505981442 0.06848640441894538
19 0.31888818740844727 0.6735886096954345 0.027179241180419922 0.04695844650268555
16 0.42455220222473145 0.4693179607391358 0.030993175506591752 0.06956262588500978
17 0.564986801147461 0.2841347217559814 0.03208312988281248 0.05763978958129884
16 0.24423401355743407 0.5310125350952148 0.02764801979064943 0.05327959060668941
16 0.42290544509887695 0.5315169334411621 0.02957143783569338 0.0517980575561523
16 0.24297144412994384 0.468304443359375 0.029287242889404264 0.0678174972534179
26 0.22006959915161134 0.7565333366394043 0.026254510879516607 0.05932826995849616
26 0.43082141876220703 0.6144265174865722 0.027604866027832076 0.060974502563476585
29 0.6174509048461914 0.7483794212341308 0.047008514404296875 0.16604022979736321
16 0.3922566890716553 0.5311315059661865 0.029543972015380837 0.0527949333190918
26 0.40192418098449706 0.6142342567443848 0.027987957000732422 0.06112194061279297
16 0.3332986831665039 0.4687957763671875 0.02979254722595215 0.06880569458007812
25 0.34684081077575685 0.6736322402954102 0.02762746810913086 0.04830493927001955
16 0.7848037719726563 0.4012747287750244 0.032595825195312456 0.07187690734863283
29 0.7133552551269531 0.7512026786804199 0.046912860870361395 0.16598682403564458
26 0.3268146514892578 0.7604001998901367 0.02679233551025395 0.05826644897460942
14 0.5904614448547363 0.40245075225830074 0.031000518798828147 0.0711538314819336
14 0.7531148433685302 0.40202131271362307 0.02967414855957029 0.07048501968383786
16 0.27277729511260984 0.4687043190002442 0.028937101364135742 0.06797065734863283
19 0.20803794860839842 0.6712249755859374 0.02765283584594727 0.04695072174072268
16 0.215193510055542 0.531039047241211 0.02898521423339845 0.05238914489746094
26 0.4032571792602539 0.6731338500976562 0.02675638198852537 0.05200042724609366
26 0.3807065486907959 0.7610962867736817 0.026639175415039018 0.06011772155761719
16 0.3616821527481079 0.5312820434570312 0.028889322280883756 0.05244092941284184
16 0.8128473281860351 0.46674337387084963 0.030656433105468728 0.05440406799316405
16 0.21255364418029785 0.4691445350646973 0.030990171432495106 0.06766185760498045
26 0.35361385345458984 0.7613492965698242 0.02594623565673826 0.06057472229003902
26 0.43184542655944824 0.67367525100708 0.026756763458251953 0.05127449035644538
19 0.25917274951934816 0.615374755859375 0.027926921844482422 0.06206016540527337
28 0.744690990447998 0.5861137866973877 0.037505149841308594 0.11393356323242188
19 0.23117933273315427 0.6149239540100098 0.02708349227905274 0.06193275451660152
14 0.6544185638427735 0.4024307250976562 0.030241107940673806 0.07184200286865233
5 0.2960719585418701 0.33394436836242675 0.04321794509887694 0.14846038818359375
19 0.34467785358428954 0.6156926155090332 0.027856111526489258 0.06308174133300781
29 0.7609025955200195 0.7528239727020264 0.044501113891601496 0.16787195205688477
6 0.19233250617980957 0.330583381652832 0.051937437057495095 0.15738401412963865
16 0.4494121551513672 0.5317742347717285 0.022182464599609375 0.05233783721923835
5 0.3424059629440308 0.3345200061798096 0.04644603729248048 0.14925556182861327
