59 0.632214641571045 0.32309856414794924 0.018542671203613303 0.06050825119018555
18 0.43265485763549805 0.40216875076293945 0.020534038543701172 0.042167282104492165
18 0.3907781362533569 0.4013729214668274 0.02099614143371581 0.042500853538513184
18 0.36950497627258305 0.40070919990539555 0.02137904167175292 0.04317693710327147
18 0.41189098358154297 0.4019946098327637 0.019769001007080123 0.042423629760742154
59 0.6716009140014649 0.3249635219573974 0.018913650512695335 0.0630939483642578
14 0.3310837984085083 0.31789984703063967 0.020727968215942416 0.04525299072265626
54 0.5107619285583496 0.3165795564651489 0.018065452575683594 0.05855565071105956
34 0.3869949817657471 0.47523274421691897 0.01680450439453124 0.04123687744140625
0 0.6750990390777588 0.4179037094116211 0.03028583526611328 0.10287580490112302
16 0.3727447032928467 0.32100653648376465 0.02048101425170895 0.04652700424194334
16 0.4363103866577148 0.322438907623291 0.020534706115722667 0.04651498794555664
59 0.651924991607666 0.3245700359344482 0.019243717193603516 0.06244020462036132
47 0.2879334449768066 0.6212223052978516 0.01951141357421876 0.049513626098632746
26 0.3676007270812989 0.4759260654449463 0.020208168029785145 0.043190097808837924
52 0.5294397354125977 0.3172163963317871 0.018563461303711004 0.058197307586669966
26 0.3478530406951904 0.47605876922607426 0.019219017028808627 0.04386539459228517
15 0.28860907554626464 0.31634635925292964 0.020878314971923828 0.04557352066040038
41 0.27157409191131593 0.7327051639556885 0.03229236602783203 0.03433170318603518
23 0.30689206123352053 0.3987645864486694 0.0205522060394287 0.043216657638549816
16 0.39436068534851076 0.3215496063232422 0.021042537689208995 0.04656410217285156
41 0.27231833934783933 0.6961452484130859 0.03400869369506837 0.04048366546630866
16 0.41537961959838865 0.3221293926239014 0.01964092254638672 0.046367263793945346
0 0.6030729293823243 0.5299122333526611 0.03020896911621096 0.0986928939819336
14 0.3518571615219116 0.31924133300781254 0.01937251091003417 0.04649753570556642
25 0.3070211887359619 0.47464866638183595 0.019426345825195312 0.044418716430664085
25 0.28663940429687496 0.4745467662811279 0.019600343704223644 0.04493055343627933
41 0.3083960056304932 0.7329376697540283 0.034197044372558605 0.03314332962036137
59 0.6914331912994385 0.32522735595703123 0.018718528747558638 0.06340584754943851
41 0.30897321701049807 0.6949751853942872 0.031153821945190396 0.03954448699951174
56 0.2676528453826904 0.6220417499542237 0.018947744369506803 0.05108098983764642
41 0.2712348699569702 0.7625217437744141 0.031611728668212935 0.024912929534912198
25 0.3103046417236328 0.5456217765808106 0.035527610778808616 0.06845874786376949
4 0.5437573432922362 0.5258994102478027 0.02868232727050779 0.09845867156982419
14 0.30988991260528564 0.31674537658691404 0.019838333129882812 0.045062637329101596
25 0.34702863693237307 0.5453706741333009 0.03474531173706058 0.06823768615722658
25 0.32688255310058595 0.47486104965209963 0.020170307159423806 0.04370822906494137
25 0.26682429313659667 0.4742425918579102 0.018289184570312478 0.04607868194580078
51 0.548764705657959 0.3174325466156006 0.018420028686523482 0.05817155838012694
4 0.6452652931213378 0.41734547615051265 0.029935359954833984 0.10240154266357421
25 0.27403812408447265 0.5463249206542968 0.03369426727294922 0.06997566223144525
51 0.5940649509429932 0.3196549415588379 0.01956939697265625 0.0575459480285645
4 0.6146022796630859 0.415562105178833 0.029563522338867165 0.10108909606933592
23 0.327704381942749 0.3989274501800537 0.020070028305053722 0.04314613342285156
41 0.30717267990112307 0.762934398651123 0.0334303855895996 0.025642871856689453
11 0.5729229927062989 0.5289037227630615 0.02822933197021482 0.09915628433227536
23 0.34825868606567384 0.3996878623962402 0.019600772857666038 0.0429377555847168
51 0.5689562797546387 0.3176096200942993 0.021129417419433638 0.05879864692687986
19 0.28561286926269536 0.3992445468902588 0.02025432586669923 0.04486560821533203
8 0.558888826438849 0.41275573291366907 0.02318457733812951 0.0962511241007194
8 0.5314888714028776 0.4134582958633093 0.02318457733812951 0.0962511241007194
6 0.5841810926258992 0.4141608588129496 0.021779451438848962 0.0920357464028777
5 0.6309015287769784 0.5311375899280575 0.02669739208633093 0.09695368705035973
8 0.5160324865107915 0.5223555530575539 0.02318457733812951 0.09625112410071945
25 0.38356191031366793 0.5467758000325815 0.03474531173706058 0.06823768615722658
33 0.40397369604316546 0.47704024280575535 0.018266636690647486 0.032317895683453224
31 0.5458914118705036 0.6224707733812949 0.019671762589927977 0.07025629496402874
31 0.522706834532374 0.6217682104316546 0.019671762589927977 0.07025629496402874
31 0.4960094424460431 0.6224707733812951 0.019671762589927977 0.07025629496402874
