0 0.5605978965759277 0.21076282858848572 0.06282768249511728 0.220499050617218
16 0.33011879920959475 0.5038090705871582 0.037653064727783236 0.06296024322509769
16 0.4056629061698913 0.5017024040222168 0.036040711402893055 0.06190948486328124
16 0.36838297843933104 0.5027132034301758 0.0370816230773926 0.062356758117675826
16 0.5840014934539794 0.49466996192932133 0.036841392517089844 0.06328935623168946
16 0.4418469429016113 0.501284122467041 0.035115432739257824 0.06061286926269527
16 0.5127591133117676 0.4987707614898682 0.03564643859863281 0.06066608428955084
2 0.42981657981872556 0.20863573551177977 0.06458272933959958 0.23015818595886228
51 0.5653961181640625 0.7350297927856445 0.025941085815429754 0.06374092102050777
16 0.4378649711608887 0.4245258331298828 0.03729858398437502 0.07543344497680665
16 0.40558348894119267 0.5875395774841309 0.032914328575134266 0.05804920196533203
16 0.5125689029693603 0.42133316993713377 0.03712158203124999 0.07514057159423831
3 0.3641387462615967 0.2048799514770508 0.06257691383361813 0.2348276138305664
16 0.2912726640701294 0.5052965164184571 0.03859519958496094 0.06092014312744143
16 0.5051674842834473 0.5827293395996094 0.03251438140869145 0.05843982696533212
0 0.4958643913269043 0.2111210107803345 0.06308612823486331 0.22597641944885255
16 0.65505952835083 0.49355454444885255 0.03678970336914056 0.0622891426086426
52 0.5936447143554687 0.7331678390502929 0.027740287780761763 0.06388721466064451
16 0.3717261791229248 0.5894694328308105 0.034117698669433594 0.05750856399536142
16 0.4772386074066162 0.5004512310028076 0.03432044982910154 0.05964508056640622
16 0.3997401714324951 0.42376319169998167 0.03817005157470704 0.07727429866790775
16 0.47549047470092776 0.4215373992919922 0.036228179931640625 0.07485466003417973
16 0.438899564743042 0.5863681793212892 0.03282012939453127 0.05736694335937498
16 0.471971321105957 0.5844029903411865 0.032660484313964844 0.05754108428955085
16 0.547967529296875 0.496354341506958 0.03378372192382817 0.06266555786132816
28 0.5350381674356018 0.8680486325396608 0.033324241638183594 0.08906517028808592
16 0.3218371868133545 0.42423650026321413 0.04069709777832031 0.07980821132659915
16 0.695732831954956 0.41138367652893065 0.041314220428466886 0.07796535491943357
16 0.6198296070098877 0.493314790725708 0.03303718566894531 0.06352834701538079
25 0.6362558364868164 0.5784087657928467 0.032116603851318315 0.05601692199707031
16 0.2637026786804199 0.5938325881958009 0.03744802474975584 0.05902013778686521
16 0.2814743041992187 0.4246170878410339 0.04106454849243163 0.07848951816558841
16 0.5493990898132324 0.419052517414093 0.03589477539062502 0.07419297695159915
17 0.23800599575042725 0.42269134521484375 0.04119925498962404 0.07592277526855473
16 0.6225881576538086 0.41385880708694456 0.035563659667968706 0.07548596858978268
16 0.36167879104614253 0.4224220275878906 0.038262081146240245 0.07896251678466798
16 0.5382927894592284 0.5814249038696289 0.03156623840332029 0.05779476165771491
19 0.60303053855896 0.5797712802886963 0.03143463134765623 0.05467033386230469
16 0.3008940935134888 0.5918714523315429 0.03562130928039553 0.055913257598876887
16 0.5858298301696777 0.4189886569976806 0.036648559570312544 0.07266979217529296
16 0.6576126098632813 0.4111511707305908 0.035056114196777344 0.0778896331787109
16 0.3367448329925537 0.5907222747802734 0.03448429107666018 0.0565666198730469
26 0.6689565181732178 0.5764447689056397 0.03329524993896493 0.05663871765136719
4 0.6241258144378662 0.20689680576324465 0.060916137695312456 0.22777557373046878
56 0.45694289207458494 0.6611670017242431 0.02829627990722655 0.05730943679809575
29 0.4078235703441295 0.8578002278138751 0.04625822368421051 0.1331470140078772
16 0.6920910358428956 0.4917738914489746 0.03789577484130857 0.06346168518066408
14 0.2507450580596924 0.5092583656311035 0.04300003051757814 0.06038188934326172
56 0.5253789901733399 0.6576544761657714 0.02703647613525384 0.05761528015136719
16 0.5705999374389649 0.5802957534790039 0.03185386657714839 0.056704139709472634
56 0.32316436767578127 0.6675641059875488 0.03051443099975587 0.056112480163574285
51 0.5379953861236573 0.7368204593658447 0.026710891723632835 0.06378068923950186
56 0.28842451572418215 0.7539300918579102 0.030243682861328114 0.06284465789794913
28 0.5697155707060889 0.8658436964397971 0.03481607518701235 0.0885320285071246
59 0.6511331558227539 0.7302128791809082 0.028144645690918013 0.06158094406127923
3 0.29629476373157804 0.20650963338594586 0.06544961929321291 0.23319798707962036
56 0.384795616049862 0.7501006807599748 0.028120821471704638 0.059876305716378364
56 0.6195781707763672 0.6538151741027832 0.03072490692138674 0.059635162353515625
56 0.5563805580139161 0.6566171169281005 0.02765302658081048 0.05840711593627923
4 0.693040132522583 0.20647502541542054 0.0744675636291503 0.2276595950126648
32 0.46594638824462886 0.8803236007690429 0.035006332397460926 0.09110565185546882
47 0.4814585208892822 0.7401448726654053 0.028718948364257812 0.064610767364502
54 0.6229448795318604 0.7313926696777344 0.028078651428222634 0.061608314514160156
56 0.4253986835479736 0.6622044707453528 0.03201513290405272 0.05622332595115487
56 0.5854641437530518 0.6552186489105225 0.02788686752319336 0.05820093154907224
3 0.22662036418914794 0.20533881187438965 0.07452735900878904 0.22991905212402347
56 0.48812513351440434 0.6597888946533204 0.02824640274047857 0.057103538513183616
56 0.29046087930368825 0.6702893966852232 0.03051443099975587 0.056112480163574285
56 0.3554136409315952 0.6648388152898745 0.03051443099975587 0.056112480163574285
56 0.39176355073618335 0.6638369438260101 0.030151844024658203 0.056762981414794966
56 0.6527358742647393 0.6538151741027832 0.03072490692138674 0.059635162353515625
56 0.35579849809840103 0.7539517084757488 0.029569520351391432 0.05877902081623165
56 0.32183110679405325 0.7577258630651207 0.029569520351391432 0.05877902081623165
56 0.41699501074454637 0.7527722851665699 0.030140413293516022 0.05830725149256022
56 0.45001886340155123 0.7504134385482124 0.030140413293516022 0.05830725149256022
32 0.5014729834891655 0.8792598595490326 0.033741110724371914 0.08950604103706983
