24 0.2720789569669065 0.14551261394424775 0.048693302880346206 0.08922919689026552
15 0.5646738052368164 0.5132798194885254 0.029755592346191406 0.06368103027343747
15 0.5934991836547852 0.6086025238037109 0.031397247314453036 0.061347007751464844
15 0.3605323791503906 0.6702017784118652 0.0363922119140625 0.0676626205444335
15 0.43498306274414067 0.6512214660644531 0.034115123748779286 0.06590957641601569
19 0.5377329826354981 0.28810091018676753 0.03350639343261719 0.07173652648925782
15 0.5013837814331055 0.5254904747009277 0.03172779083251953 0.06673336029052729
15 0.596546220779419 0.5090582847595215 0.031922435760498025 0.06373901367187501
15 0.5618215560913086 0.6158761978149414 0.028789710998535112 0.06036376953125
14 0.4617175102233887 0.15225127935409546 0.042197418212890636 0.08089625835418701
15 0.3562124967575073 0.5502667427062988 0.03876233100891113 0.07746067047119132
16 0.5751865863800049 0.28660292625427247 0.038565635681152344 0.07052421569824219
15 0.46744308471679685 0.5318482398986817 0.033092117309570346 0.06882057189941404
29 0.40510973930358884 0.8608967065811157 0.05919113159179684 0.21097636222839355
14 0.41779422760009766 0.15051825046539308 0.04211072921752934 0.08281641006469727
15 0.5320851325988769 0.6250866889953612 0.028222656249999978 0.06304779052734377
16 0.42920637130737305 0.42241201400756834 0.03979625701904299 0.07089958190917972
16 0.30074970722198485 0.4363685607910156 0.04285311698913574 0.07886409759521484
15 0.4695413112640381 0.6422757148742675 0.03131980895996089 0.06274833679199221
17 0.5790139198303224 0.15577974319458007 0.03395519256591795 0.07340335845947266
14 0.3236634254455566 0.14727354049682617 0.04803724288940431 0.08725738525390625
15 0.5334269046783447 0.5201802253723145 0.031079006195068315 0.0651004791259766
15 0.5013876914978028 0.6336182594299316 0.029673957824707053 0.06366882324218748
14 0.37181062698364253 0.1487634778022766 0.045048904418945324 0.0851102113723755
17 0.5030693054199219 0.15321329832077027 0.03945903778076176 0.07835037708282472
26 0.3148346424102783 0.5627178192138672 0.04123878479003906 0.07108688354492188
16 0.612586784362793 0.28623113632202146 0.03377075195312507 0.07134380340576169
17 0.6143823623657227 0.15771882534027098 0.03698387145996096 0.07256522178649902
16 0.3451991558074951 0.4315412640571594 0.04159202575683596 0.07622029781341555
15 0.4322015762329101 0.5394641876220703 0.0356128692626953 0.0685272216796875
15 0.39751875400543213 0.6606120109558106 0.035222005844116167 0.06625766754150386
25 0.5753174781799316 0.4047700881958008 0.030581665039062456 0.06781730651855467
17 0.28788347244262696 0.3003862380981445 0.047362661361694314 0.08274221420288086
15 0.3951972484588623 0.5463818550109862 0.03587522506713864 0.07028141021728518
16 0.38771386146545406 0.4267443656921387 0.039621543884277355 0.0733386039733887
17 0.5426372528076172 0.15487624406814576 0.03728485107421875 0.07442348003387451
17 0.42307357788085936 0.29407453536987305 0.0398712158203125 0.07661867141723633
17 0.380071759223938 0.2960707664489746 0.04296231269836426 0.07942066192626951
13 0.46762161254882817 0.8765388488769531 0.05432109832763671 0.12007713317871094
17 0.3351357698440552 0.29830136299133303 0.043996667861938454 0.08058586120605465
25 0.607106876373291 0.40273704528808596 0.0314405441284179 0.06655254364013669
29 0.3484047889709473 0.8741546630859375 0.05198330879211427 0.20346641540527344
17 0.46410923004150395 0.2928540468215942 0.03952388763427733 0.07578206062316895
15 0.32376909255981445 0.6799315929412841 0.03540019989013676 0.0743556022644043
17 0.4687587738037109 0.41820483207702636 0.034312057495117176 0.07066450119018552
17 0.5027765274047852 0.41525959968566895 0.03222980499267575 0.07046375274658201
17 0.5023294448852539 0.29100470542907714 0.034869003295898426 0.07267198562622068
13 0.5204044342041015 0.8556691169738769 0.0478864669799805 0.11111259460449219
28 0.5676336450914365 0.8287780816576121 0.041792997427746226 0.1313531765895608
17 0.5388030849726854 0.4119009606606137 0.03968443321970705 0.06979597690886097
