41 0.45454387664794926 0.802243447303772 0.043128204345703136 0.05465502738952632
41 0.40425289869308473 0.8000709295272828 0.04044439792633059 0.055225801467895574
41 0.5953435897827148 0.8044769287109375 0.03976650238037105 0.049551200866699285
41 0.451296329498291 0.8566850662231446 0.04457588195800777 0.05153388977050777
41 0.40261077880859375 0.8536138534545898 0.04209136962890625 0.050656127929687544
41 0.5445054531097412 0.9077845573425294 0.044302272796630904 0.04172458648681643
41 0.5494490146636963 0.8053051233291626 0.040952110290527366 0.053269147872924805
41 0.5028119087219238 0.8014662027359009 0.04115276336669926 0.05247302055358882
41 0.688870906829834 0.8583123207092285 0.04503898620605473 0.052527427673339844
41 0.5938100337982177 0.8570793151855469 0.041683864593505926 0.05154151916503913
41 0.6418475151062012 0.8591419219970703 0.04446296691894536 0.052937316894531294
41 0.4989278793334961 0.8561729431152344 0.04371700286865232 0.05283432006835942
41 0.5471205711364746 0.8592850685119628 0.04248180389404288 0.05037059783935549
41 0.6424246311187745 0.8047155380249024 0.04211406707763665 0.05376796722412114
41 0.6905980110168457 0.8032937049865723 0.04433994293212895 0.05476875305175777
41 0.4971096038818359 0.9061519622802734 0.04521417617797846 0.04308509826660156
41 0.640601634979248 0.9082546234130859 0.04515504837036133 0.04497261047363277
41 0.5922429084777832 0.9071538925170899 0.04401664733886712 0.04457588195800788
41 0.44855413436889646 0.9049121856689453 0.04435119628906253 0.043609619140625
41 0.40111360549926756 0.9030212402343749 0.041402339935302734 0.04551639556884768
41 0.6892645835876465 0.9079435348510743 0.044875144958496094 0.048019027709960915
36 0.4528283286555763 0.4346168203840268 0.04503663739083402 0.031071389112424408
58 0.49934136591053013 0.4352191039237091 0.04656456953642385 0.031366411423841
46 0.6724772604466858 0.542034402017291 0.04699882925072052 0.03658591498559072
46 0.6251970010806915 0.5417529719020172 0.04699882925072052 0.03658591498559072
46 0.5700366984870315 0.5302143371757924 0.04699882925072052 0.03658591498559072
44 0.6809496277075813 0.39591324458483756 0.044068704873646225 0.03313966606498192
44 0.6820072766245486 0.4287003610108303 0.044068704873646225 0.03313966606498192
44 0.6823598262635377 0.46289767599277976 0.044068704873646225 0.03313966606498192
43 0.6356469990974729 0.3985573668772563 0.04160085740072206 0.034902414259927794
43 0.6367046480144405 0.4318733077617328 0.04160085740072195 0.033139666064981976
43 0.6375860221119134 0.46325022563176893 0.042658506317689526 0.02961416967509034
36 0.452613886559027 0.4610054066639073 0.045635713724051175 0.020628989303764278
36 0.40558469248007967 0.46074841653232834 0.045635713724051175 0.020628989303764278
36 0.5004140510327112 0.4610054066639073 0.04563571372405123 0.020628989303764278
