0 0.5805312156677246 0.1107435941696167 0.06708793640136723 0.2214871883392334
0 0.5110645294189453 0.10752770900726319 0.06703605651855465 0.21505541801452638
55 0.3575756072998047 0.5383892059326172 0.03534784317016604 0.10049953460693356
17 0.3908984661102295 0.313742208480835 0.045551300048828125 0.09952445030212403
55 0.39356584548950196 0.5383500099182129 0.0335573196411133 0.10057754516601564
19 0.5685267925262452 0.32033553123474123 0.03626604080200202 0.09639472961425782
2 0.43687801361083983 0.10502674579620361 0.07252397537231448 0.21005349159240722
19 0.6021263599395752 0.4096375465393066 0.0367024421691895 0.07268419265747067
16 0.521208906173706 0.4067053675651551 0.03821096420288084 0.07141916751861571
54 0.46546506881713867 0.5406043052673339 0.03359909057617183 0.09802789688110358
17 0.2534591674804687 0.30395002365112306 0.04789428710937499 0.10452470779418943
14 0.4385107040405274 0.4040225505828857 0.0421741485595703 0.0729696273803711
16 0.48141155242919925 0.4060200691223145 0.038960838317871116 0.071044921875
17 0.30384268760681155 0.39757447242736815 0.04072566032409669 0.07345685958862302
16 0.4825253486633301 0.3171430110931397 0.04374465942382816 0.10043840408325194
2 0.3549718379974365 0.1021573305130005 0.07564754486083985 0.204314661026001
14 0.43745975494384765 0.3137314796447754 0.04172096252441404 0.10030975341796877
17 0.26022748947143554 0.4039610862731934 0.04129724502563478 0.09106025695800785
25 0.6065140724182129 0.32230472564697266 0.037089538574218706 0.09414176940917973
17 0.34712538719177244 0.3994556665420532 0.040863037109375 0.07255463600158696
24 0.6460715293884277 0.322366738319397 0.040523529052734375 0.0933974266052246
16 0.528548812866211 0.319908332824707 0.04140338897705076 0.09796781539916993
26 0.6833528518676758 0.4125537395477295 0.038833904266357466 0.07243547439575193
17 0.30072693824768065 0.3066169261932373 0.04617199897766111 0.10301799774169923
59 0.5009510040283203 0.5410779476165771 0.033293628692626975 0.09770269393920894
17 0.38859758377075193 0.40185084342956545 0.03887004852294923 0.07225465774536133
26 0.6903528213500976 0.32423176765441897 0.04241600036621096 0.09417915344238281
17 0.3461745262145996 0.3102725267410278 0.04095258712768557 0.10157699584960939
29 0.5396302223205567 0.8878349304199219 0.06636295318603513 0.18504409790039067
2 0.2781504154205322 0.10173563957214356 0.07502222061157224 0.20320191383361816
56 0.5354772567749023 0.5525726318359375 0.033693122863769576 0.07660322189331059
29 0.6103699684143067 0.8896856307983398 0.06403179168701179 0.1872766494750977
54 0.4296862125396729 0.5388389110565186 0.033788585662841764 0.10027017593383791
24 0.6427566528320312 0.41078419685363765 0.03992309570312502 0.071883487701416
28 0.6318683624267578 0.7077756881713867 0.039873600006103516 0.11375789642333989
47 0.5739985466003419 0.553480052947998 0.03547134399414065 0.07713565826416013
14 0.5623337268829346 0.4082067489624024 0.04050445556640625 0.07309741973876954
5 0.6479867788461539 0.11162860576923077 0.05408653846153855 0.21784855769230768
5 0.71129640758547 0.1134231436965812 0.06351829594017089 0.21542801816239318
