28 0.6950826644897461 0.31077237129211427 0.05756864547729501 0.1746293067932129
28 0.5814276218414307 0.3115706443786621 0.05496273040771482 0.17203454971313478
28 0.617314624786377 0.5251520156860352 0.060583305358886785 0.18838691711425787
28 0.6804802894592286 0.5250362396240235 0.061376762390136785 0.19447154998779298
28 0.4342183113098145 0.5245654106140136 0.05649204254150392 0.18914432525634772
28 0.6373695850372314 0.30998620986938474 0.05403223037719729 0.17051658630371097
28 0.5269222259521484 0.3114767074584961 0.05141229629516597 0.17078189849853517
28 0.49343323707580566 0.5276057720184326 0.058118343353271484 0.1850091934204101
29 0.6246922492980957 0.7962081432342529 0.07351055145263674 0.27563543319702144
29 0.550295066833496 0.7948801994323731 0.07130031585693353 0.27529735565185554
28 0.554927921295166 0.5265087127685547 0.059139919281005815 0.18803977966308594
28 0.47317857742309566 0.312117338180542 0.05302171707153319 0.17120943069458006
32 0.4146997928619385 0.29730010628700254 0.059667682647705056 0.19998539686203004
32 0.2871072292327881 0.2996184349060058 0.06106081008911135 0.20407323837280272
29 0.5641918182373047 0.9763548374176025 0.07045135498046884 0.04729032516479492
32 0.3524775505065918 0.2975641667842865 0.059565401077270486 0.20041238069534303
29 0.4984265327453613 0.9769643783569336 0.059038925170898426 0.04607124328613277
