61 0.6147297382354736 0.858334732055664 0.04488019943237309 0.04855499267578123
18 0.46290907859802244 0.23115292191505432 0.032191848754882846 0.07794283628463747
61 0.6173389434814454 0.7528435707092285 0.044621849060058616 0.05921783447265627
61 0.6158099174499512 0.8096250295639038 0.044202423095703214 0.049948930740356445
14 0.5845330715179444 0.1328273296356201 0.030829334259033225 0.0791264057159424
16 0.6758033752441406 0.13493155241012572 0.029374313354492254 0.0757924795150757
16 0.6161936759948731 0.1338360071182251 0.0299072265625 0.07867488861083984
52 0.5421057224273682 0.3291140556335449 0.027024173736572288 0.09287824630737301
41 0.46667547225952144 0.8729915618896484 0.04743309020996095 0.048488616943359375
15 0.5189121246337891 0.1308698058128357 0.03205032348632819 0.08012263774871825
25 0.5280656814575195 0.23256046772003175 0.03099536895751953 0.07824225425720213
26 0.46180572509765627 0.43050107955932615 0.02855968475341797 0.06733179092407227
15 0.4868907451629639 0.13061579465866088 0.03042612075805662 0.08049790859222411
41 0.41296772956848143 0.87620849609375 0.04720869064331057 0.04907722473144538
16 0.6459050178527832 0.13497265577316284 0.028385353088378862 0.07669122219085693
26 0.4047524929046631 0.49970016479492185 0.02770299911499019 0.06746101379394531
47 0.6859045505523682 0.3378050088882446 0.0322196006774903 0.08014416694641113
26 0.43230352401733396 0.42988748550415035 0.030555915832519542 0.06651802062988282
29 0.6650468349456786 0.7863956928253173 0.04998483657836916 0.17294206619262698
19 0.4294040679931641 0.2310404360294342 0.030437660217285167 0.08048704862594602
25 0.5601201057434082 0.2333150625228882 0.03187885284423819 0.07888741493225096
41 0.5194303512573242 0.8685343742370606 0.043785095214843694 0.04266204833984377
17 0.42192831039428713 0.12692077159881593 0.03178768157958983 0.0787480354309082
41 0.40878496170043943 0.7711631774902343 0.0483262062072754 0.05442657470703127
26 0.43323917388916017 0.4996359825134277 0.028124237060546897 0.06617393493652346
19 0.3964905023574829 0.2308871030807495 0.03296399116516113 0.08068852424621584
24 0.6255024909973144 0.2341492712497711 0.03092613220214846 0.08019207715988158
14 0.5525576591491699 0.13233460187911988 0.031271743774413996 0.0805800676345825
50 0.6251162052154541 0.32882266044616704 0.02651901245117183 0.08905477523803712
34 0.42802114486694337 0.34140677452087403 0.031368255615234375 0.07107281684875488
59 0.4887846946716309 0.4851105213165283 0.024489593505859386 0.09064846038818364
16 0.705264663696289 0.1359140366315842 0.027998638153076127 0.07555008530616761
17 0.38819866180419926 0.12719931602478027 0.034580516815185536 0.0785287618637085
46 0.4155679702758789 0.6562991142272949 0.07335557937622067 0.053899288177490234
25 0.5931876182556153 0.23389546871185302 0.03111820220947259 0.07950663566589355
41 0.4111013412475586 0.8259333610534668 0.04738416671752932 0.0498865127563477
26 0.46182756423950194 0.49924130439758296 0.027956008911132812 0.06613636016845698
18 0.4956042766571045 0.2322320997714996 0.030708885192871127 0.07872408628463742
51 0.5131468772888184 0.3286705732345581 0.026572036743164107 0.09177937507629397
17 0.454725456237793 0.12831862270832062 0.03222808837890623 0.081897634267807
26 0.40105208158493044 0.4290468692779541 0.030395531654357877 0.06570568084716799
54 0.5705358028411865 0.3289159059524536 0.026821327209472612 0.09067621231079104
56 0.6542717933654785 0.3361578226089478 0.02964363098144529 0.07758612632751466
46 0.6016993999481202 0.6526023864746093 0.05611581802368171 0.04837102890014655
28 0.5931973457336426 0.4658812522888184 0.034230804443359464 0.12018575668334958
28 0.5206826686859131 0.4668479919433594 0.03470659255981445 0.12323751449584963
41 0.5187243461608887 0.8196532964706421 0.045497608184814464 0.05150151252746582
46 0.41280785799026487 0.6107328414916993 0.05594289302825928 0.03653221130371087
46 0.4829575538635254 0.6576139450073242 0.05841531753540041 0.049218177795410156
28 0.5572894096374512 0.4663233757019043 0.03520956039428713 0.12098875045776364
41 0.46421241760253906 0.8211798667907715 0.048888206481933594 0.04710063934326181
46 0.5455992698669434 0.6547913551330566 0.06112594604492194 0.05223217010498038
41 0.4639399528503418 0.7683677673339844 0.04935111999511721 0.05305681228637704
42 0.5651352882385254 0.7621476173400878 0.04149761199951174 0.039731407165527366
42 0.5660502433776855 0.7998322486877442 0.04300384521484368 0.03436546325683598
28 0.6293189525604248 0.4635274887084961 0.03518857955932608 0.11995830535888674
42 0.5656479835510254 0.8344965934753419 0.043199348449707076 0.03497753143310545
46 0.5888389110565185 0.6049775123596192 0.0633341789245605 0.047867774963378906
46 0.6608789443969727 0.6484984874725341 0.061603546142578125 0.04898843765258787
33 0.3951206545857988 0.341380824704142 0.030048076923076927 0.07396449704142016
55 0.5988119452662722 0.3252010909763313 0.023691752958579837 0.09476701183431951
28 0.6657233534479987 0.4646831839747684 0.03518857955932608 0.11995830535888691
46 0.5309272328777426 0.6042295139922192 0.05549814179098822 0.05099455929366803
46 0.4742981648304053 0.6053852092584915 0.055498141790988165 0.05099455929366803
46 0.6518243030683529 0.6015104265608027 0.0633341789245605 0.047867774963378906
41 0.5190807558324215 0.768686713441445 0.045497608184814464 0.05150151252746582
42 0.5642223448648941 0.8697811509570936 0.043199348449707076 0.03497753143310545
