1 0.46627321243286135 0.9260124683380127 0.052494430541992154 0.1479750633239746
9 0.411604642868042 0.927036714553833 0.053073215484619185 0.14592657089233396
24 0.5024097442626954 0.7965352058410644 0.03346157073974615 0.06346511840820312
18 0.5285347938537598 0.49355154037475585 0.04308319091796875 0.06498012542724607
54 0.3929166793823242 0.6797508716583252 0.03865833282470699 0.09450321197509759
15 0.3987907409667969 0.3598358631134033 0.046364498138427745 0.0820890426635742
8 0.3548266410827637 0.9270939826965332 0.052988624572753884 0.1458120346069336
24 0.430205249786377 0.798216724395752 0.037291717529296886 0.05998878479003911
18 0.4837142467498779 0.4923552513122558 0.04157886505126951 0.06363830566406248
15 0.3498059272766113 0.3567934036254883 0.04843711853027344 0.08235244750976567
15 0.3000150203704834 0.3537615776062012 0.048476219177246094 0.08115215301513673
0 0.29644060134887695 0.9290431022644043 0.05751934051513674 0.14191379547119143
52 0.5031021118164063 0.6800793647766114 0.037226676940918024 0.09899044036865234
16 0.25789105892181396 0.4825718402862549 0.045893526077270486 0.06938982009887695
15 0.25045773983001707 0.3507242918014526 0.04785895347595212 0.08147339820861815
15 0.49341630935668945 0.3640111446380615 0.04570770263671875 0.08098697662353516
19 0.35016741752624514 0.486331844329834 0.04369411468505863 0.06782341003417969
15 0.4463306427001953 0.3629740238189697 0.04539165496826175 0.08002443313598634
16 0.20999839305877685 0.48511734008789065 0.04728846549987792 0.07512283325195312
17 0.1857871890068054 0.1550586700439453 0.058368229866027826 0.09734163284301758
59 0.5414266109466552 0.6824333190917968 0.036826705932617165 0.09832363128662103
24 0.467255687713623 0.7977696895599365 0.03549556732177733 0.06141996383666992
17 0.2967722415924072 0.16322696208953857 0.05484132766723637 0.09639568328857423
19 0.3037593364715576 0.4844059944152832 0.04329490661621094 0.06914272308349606
17 0.6086368560791016 0.19240330457687377 0.05335922241210933 0.10612084865570068
25 0.3533872365951538 0.7972593307495117 0.03720588684082027 0.06324825286865243
25 0.27512311935424805 0.7978984832763671 0.037521982192993186 0.06349983215332033
17 0.3512505054473877 0.16694570779800416 0.050793075561523404 0.09576237201690675
26 0.540132188796997 0.7952258110046386 0.0388359069824219 0.06539211273193357
15 0.1987259030342102 0.34944345951080324 0.05117733478546144 0.07988729476928708
14 0.43903675079345705 0.4906954765319824 0.04183807373046872 0.06463518142700192
25 0.31442551612854003 0.7968549728393555 0.03597736358642578 0.06507911682128897
17 0.24208765029907225 0.15840159654617308 0.05296497344970705 0.09718964099884034
17 0.5037240982055664 0.17864521741867068 0.0509185791015625 0.09341957569122314
17 0.5554250717163086 0.18167179822921753 0.05188636779785161 0.09302175045013428
17 0.45257091522216797 0.1753815770149231 0.048867988586425826 0.0929638624191284
25 0.3906198024749756 0.7977210998535156 0.0357508659362793 0.06510620117187493
17 0.40247044563293455 0.17066786289215088 0.048406124114990234 0.09509477615356444
0 0.23737168312072754 0.9286655902862548 0.05896024703979494 0.1426688194274902
17 0.19552448987960816 0.05107786059379578 0.05081169605255126 0.10215572118759156
16 0.5914156913757325 0.37607660293579104 0.0514101028442383 0.09457960128784176
25 0.23460257053375244 0.8024587631225586 0.03904418945312502 0.05659275054931645
16 0.5421014785766602 0.3665750026702881 0.04808654785156252 0.07768077850341792
51 0.4665554046630859 0.679693078994751 0.03407897949218752 0.09707708358764644
17 0.25034751892089846 0.05261111259460449 0.05421419143676759 0.10522222518920898
14 0.39496798515319825 0.4889430046081543 0.042208290100097634 0.06584911346435551
17 0.3030132293701172 0.055423927307128903 0.047667789459228505 0.11014888286590577
23 0.5749090110441768 0.4947053840361446 0.040788152610441775 0.07412462349397592
11 0.5239913712686567 0.9253051150497511 0.05684468283582095 0.1404112251243781
