16 0.3355051279067993 0.23207091689109804 0.06445498466491695 0.09840766191482545
25 0.5706297874450683 0.25864782333374026 0.05685777664184577 0.09932451248168944
25 0.5115567684173584 0.25162506103515625 0.05511922836303712 0.10140933990478518
25 0.6299050807952882 0.26412956714630126 0.05577001571655271 0.09913372993469238
28 0.48198413648525207 0.7122113957124598 0.06326580448310914 0.20172610563390403
28 0.5513247966766357 0.718353271484375 0.06780252456665037 0.20081367492675772
28 0.6238988876342774 0.7260940074920654 0.07014656066894531 0.19916009902954102
15 0.2702899932861328 0.22382771968841553 0.06208858489990238 0.10643558502197267
16 0.4538791656494141 0.2467653751373291 0.05833263397216798 0.09649171829223635
25 0.6932461261749268 0.2702315092086792 0.06050930023193368 0.09913716316223145
47 0.5957696044681877 0.5216703179656275 0.050182645368260226 0.11204924520277826
16 0.39582600593566897 0.2403632402420044 0.05337486267089847 0.09631996154785158
56 0.6483469577814569 0.5228813120860927 0.05367860099337751 0.11835161423841062
