26 0.32137603759765626 0.48102798461914065 0.02121791839599607 0.050353240966796886
41 0.30092668533325195 0.7862821578979492 0.03404912948608396 0.03407859802246094
41 0.338996148109436 0.751197338104248 0.03584327697753903 0.03972759246826163
15 0.23277709484100342 0.3553175687789917 0.020416927337646495 0.0396587371826172
56 0.6196406841278076 0.48149986267089845 0.024547100067138672 0.05022659301757815
41 0.3005117654800415 0.7482891082763672 0.034084320068359375 0.03922853469848642
41 0.22074422836303711 0.6841710090637207 0.0401905059814453 0.03354511260986326
16 0.31731789112091063 0.35702290534973147 0.024469852447509766 0.04020462036132816
14 0.2539562940597534 0.3558218955993652 0.02118825912475583 0.0404362678527832
41 0.26137447357177734 0.7465734958648682 0.036687088012695296 0.03973369598388665
41 0.37382984161376953 0.7533004760742188 0.024327182769775413 0.0397056579589844
17 0.21183176040649415 0.3545438289642334 0.021719169616699202 0.0390026092529297
2 0.6113239288330079 0.32515544891357423 0.038016891479492165 0.11512670516967771
5 0.575295531122308 0.32573283008235665 0.031563543018541806 0.11297249214851907
14 0.27507705688476564 0.3562311172485352 0.019640541076660134 0.04070363044738773
41 0.22003026008605958 0.7407397270202637 0.038449764251708984 0.037075042724609375
52 0.45737495422363283 0.47523050308227544 0.02149677276611328 0.05556793212890626
41 0.22129430770874026 0.6469906806945801 0.03894600868225098 0.03895378112792969
41 0.2219804286956787 0.7794207572937012 0.038975620269775385 0.03592109680175781
41 0.2625494241714478 0.7845090389251709 0.036114025115966786 0.033930301666259766
16 0.29494886398315434 0.3565497398376465 0.01990060806274413 0.04022932052612305
0 0.5407188415527344 0.32400588989257817 0.03461751937866209 0.11624412536621093
8 0.4709778785705566 0.32454371452331543 0.033730888366699185 0.10973510742187498
55 0.5442436218261719 0.47577676773071287 0.021183204650878973 0.05805120468139652
41 0.3407080411911011 0.7895561218261719 0.0361589431762695 0.034427642822265625
25 0.2572470189440153 0.4774136378914524 0.02062482807876631 0.04728018334516065
54 0.5008606910705566 0.47440423965454104 0.021760559082031283 0.05921154022216801
56 0.5934317588806153 0.48106913566589354 0.02482051849365241 0.0501426696777344
18 0.1947868824005127 0.4747534275054932 0.024691152572631825 0.046695423126220714
51 0.4791195869445801 0.4745811462402344 0.02097206115722655 0.05803203582763672
17 0.19047535657882692 0.35488231182098384 0.02023098468780518 0.03838543891906737
19 0.3646013975143433 0.35773138999938964 0.024018526077270508 0.04074716567993164
33 0.36543357372283936 0.48106403350830074 0.022241401672363326 0.051499176025390614
12 0.6249109268188476 0.6979222297668457 0.04406089782714839 0.07863121032714848
25 0.2774062156677246 0.4781109809875488 0.019026660919189475 0.04637889862060546
55 0.5228486061096191 0.4753329277038574 0.020545768737793013 0.05811500549316401
1 0.6483842849731445 0.32400219440460204 0.03469371795654297 0.11597166061401365
19 0.3411628484725952 0.3574395179748535 0.021394014358520508 0.04014873504638672
47 0.6445378446783632 0.48255559446473995 0.025212669372558616 0.050394821166992176
13 0.5794227600097657 0.6965738296508789 0.04395294189453125 0.07236652374267583
41 0.37443783283233645 0.7920361042022706 0.023743629455566406 0.03333616256713867
9 0.43988447189331054 0.3224757194519043 0.02712259292602537 0.10923805236816408
6 0.5057216644287109 0.3256438970565796 0.03494834899902344 0.11151137351989748
34 0.34259515497275206 0.48189501021798364 0.022085745912806543 0.05268647820163491
24 0.2953635899182562 0.48242719686648505 0.018094346049046306 0.05002554495912809
23 0.23708915190735697 0.4780366570163488 0.01915871934604904 0.05029163828337874
23 0.21806347922343322 0.47590791042234337 0.020489185967302453 0.05029163828337874
59 0.5658027092274678 0.4750620305793991 0.021794527896995652 0.05993495171673818
