29 0.3251922607421875 0.5703654289245605 0.05255756378173826 0.19113311767578128
29 0.3749763011932373 0.5563765525817871 0.044071483612060536 0.1858455657958984
29 0.42071633338928227 0.5403184413909912 0.0460346221923828 0.18078670501708982
29 0.28293936252594 0.5812575340270996 0.03298954963684081 0.1927413940429687
28 0.2274557590484619 0.16409651041030882 0.04253787994384767 0.17589342594146726
28 0.28115684364152993 0.16226817317630932 0.04909935619520106 0.17648267538651172
28 0.32388145301652993 0.163064283910005 0.03689232494520106 0.17807489685390301
28 0.35944106578826907 0.16094132195348324 0.033707882010418466 0.17701341587564218
28 0.3908903702445652 0.1614720624426137 0.032375169836956486 0.16746008707129437
28 0.43089348185595855 0.1611234008074185 0.038744055706521896 0.16002972022346826
31 0.2889997489959839 0.3735175075301205 0.03529743975903615 0.14158195281124497
31 0.32586596385542166 0.3727331199799197 0.03529743975903615 0.14158195281124497
31 0.36096730672690763 0.36998776355421686 0.03412085843373491 0.13687562751004012
31 0.3985183522551745 0.36518188137164037 0.03412085843373497 0.12432542670682722
