26 0.5683671951293945 0.6450562953948975 0.03270797729492181 0.07244758605957025
26 0.5749890804290771 0.4900979995727539 0.03658018112182626 0.08113727569580081
26 0.5604368209838867 0.7838424682617188 0.03066940307617183 0.06413345336914067
26 0.5760241508483888 0.18633915185928346 0.03216543197631838 0.08150179386138914
52 0.6397724628448487 0.47434234619140625 0.03111553192138672 0.10822124481201167
59 0.6005861282348632 0.6292510032653809 0.030667781829833984 0.09810953140258794
54 0.660306453704834 0.6259193420410156 0.03164043426513663 0.0996288299560546
59 0.6083993911743164 0.474370288848877 0.029917335510253995 0.10499668121337896
52 0.6717408180236817 0.4738301277160645 0.03220634460449212 0.11248474121093754
26 0.5899259090423584 0.27547712326049806 0.038661193847656206 0.09389400482177734
59 0.5905835151672363 0.7676990985870362 0.028569602966308616 0.08782110214233396
55 0.6298995018005371 0.6268479347229003 0.026307010650634677 0.09535560607910154
33 0.5412713913690477 0.18659319196428573 0.03952752976190477 0.09184337797619047
33 0.5494094122023809 0.2761114211309524 0.03255208333333337 0.08486793154761904
33 0.5388028583829365 0.49254402281746035 0.03283885168650802 0.07828000992063494
34 0.5363343253968254 0.6487165178571428 0.031001984126984072 0.0697544642857143
34 0.5270337301587302 0.7897755456349207 0.031001984126984072 0.0697544642857143
59 0.626008064516129 0.25779149865591394 0.03045194892473113 0.1270581317204301
55 0.697412634408602 0.2609417002688172 0.036752352150537626 0.1186575940860215
55 0.662235383064516 0.2630418346774194 0.029401881720430123 0.11445732526881719
