18 0.21024919152259827 0.5835902690887451 0.03390110731124879 0.05725593566894527
18 0.24441161155700683 0.5820547103881837 0.03288526535034181 0.05793418884277346
14 0.3694293975830078 0.20018424987792968 0.03194761276245117 0.055831193923950195
16 0.4957473754882813 0.2115180730819702 0.02858848571777345 0.04986147880554198
14 0.4022604942321777 0.20302886962890626 0.03089313507080077 0.053177309036254866
14 0.3311969041824341 0.12483627796173095 0.03391242027282715 0.08087058067321776
17 0.29485549926757815 0.12016803026199341 0.034125947952270475 0.08110582828521729
59 0.201896595954895 0.6993497848510742 0.03056411743164064 0.10389633178710933
19 0.23717217445373534 0.4942312240600586 0.0343165397644043 0.060153198242187456
26 0.4620100498199463 0.5706338882446289 0.028566455841064486 0.05415830612182626
26 0.4342336654663086 0.5728313446044921 0.02544956207275395 0.05314502716064451
59 0.23515553474426268 0.6957288742065431 0.03249530792236327 0.09995212554931643
19 0.511629867553711 0.48778028488159175 0.026588726043701105 0.05288934707641596
51 0.3290398597717285 0.6862940788269043 0.028585433959960938 0.09738140106201176
19 0.3677851915359497 0.49119157791137696 0.030175018310546864 0.054540824890136785
26 0.49050474166870117 0.5690435886383056 0.027576255798339888 0.055869007110595725
2 0.21738048195838927 0.34450702667236327 0.054236686229705816 0.1612844467163086
14 0.334395170211792 0.19524813890457154 0.03316917419433596 0.057373118400573714
16 0.4335071563720703 0.205790239572525 0.03000164031982422 0.05185259580612181
52 0.4173884391784668 0.6764004707336426 0.027164649963378862 0.09529075622558592
25 0.3434170961380005 0.5772315979003906 0.03031024932861326 0.05528106689453127
17 0.262649393081665 0.1884835481643677 0.036402177810668956 0.06061468124389649
17 0.178804349899292 0.10446702241897583 0.04406051635742189 0.08349218368530273
23 0.3109771251678467 0.5788103103637695 0.03188858032226566 0.05686302185058589
17 0.2989941120147705 0.19249131679534912 0.03541955947875974 0.058626604080200206
14 0.39852161407470704 0.1337091088294983 0.030584335327148438 0.07916686534881591
19 0.4268210411071777 0.4896306037902832 0.028135681152343772 0.05310134887695317
24 0.40486621856689453 0.5736940860748292 0.03069782257080078 0.054914569854736306
19 0.33693695068359375 0.4918517112731934 0.030822038650512695 0.055071067810058605
19 0.200946307182312 0.5030237197875976 0.03582940101623536 0.0776510238647461
16 0.4306769371032715 0.1388135075569153 0.03185081481933594 0.07705292701721192
56 0.47698006629943845 0.6797293663024903 0.027615070343017578 0.07587432861328125
17 0.2588252067565918 0.11314054727554321 0.035853385925292997 0.08194916248321532
19 0.3981947660446167 0.49010448455810546 0.028525590896606445 0.05287246704101556
17 0.2256110668182373 0.18395870923995972 0.03697853088378905 0.06317479610443116
19 0.3043857097625733 0.49259471893310547 0.032023239135742176 0.05709199905395512
16 0.46494483947753906 0.20868360996246338 0.030723762512206987 0.05084815025329592
19 0.2715723514556885 0.4929628372192383 0.03215837478637695 0.05764255523681644
28 0.34037668704986573 0.8970197677612305 0.03939805030822752 0.14850616455078125
14 0.3657313346862793 0.1286532998085022 0.03250780105590817 0.08107423782348634
2 0.27211287021636965 0.3459050416946411 0.051454973220825206 0.15661320686340335
17 0.18666696548461914 0.1901843547821045 0.0402540683746338 0.08103837966918948
25 0.37418580055236816 0.5753483772277832 0.030301809310913086 0.05537767410278316
19 0.4558100700378418 0.4889808654785156 0.027595996856689453 0.052786827087402344
17 0.220927095413208 0.10837839841842652 0.037273454666137684 0.08173391819000245
28 0.4959933280944824 0.8701286315917969 0.03571777343749999 0.13105430603027335
28 0.4202427864074707 0.8780242919921875 0.03719673156738279 0.13686561584472656
16 0.4628155708312988 0.1425988793373108 0.03017559051513674 0.07731688022613527
29 0.2547983646392822 0.8699702262878418 0.051764774322509755 0.22665996551513667
16 0.4933606147766113 0.14666693210601806 0.029310035705566395 0.07582163810729979
56 0.507361888885498 0.674875831604004 0.029174613952636763 0.07549247741699217
0 0.3235002040863037 0.3443933010101318 0.04695520401000974 0.15754756927490232
28 0.3810107231140136 0.8854134559631348 0.038880062103271495 0.14660434722900384
28 0.2997488021850586 0.9055378913879395 0.039662837982177734 0.14809360504150393
5 0.4190513610839844 0.3500472068786621 0.0436831474304199 0.15063438415527347
28 0.4581581115722656 0.8725133895874024 0.0371438026428223 0.13445243835449217
19 0.4841899394989013 0.48816165924072263 0.026560115814208973 0.05211601257324222
54 0.35959975719451903 0.6815552234649658 0.029515743255615234 0.09940843582153314
16 0.522109603881836 0.1479598641395569 0.02692756652832029 0.07577507495880127
56 0.44765563011169435 0.6815820693969727 0.0289736747741699 0.07805976867675779
23 0.27801666259765623 0.5811276912689209 0.03174057006835934 0.057985210418701194
31 0.5297612190246582 0.8737063638456575 0.029322814941406206 0.11810760498046868
55 0.3889726400375366 0.679404878616333 0.026605653762817427 0.09722976684570317
16 0.5237539291381836 0.2135357141494751 0.02562084197998049 0.05154414176940916
5 0.46422109603881834 0.3536988735198975 0.04379863739013673 0.146895694732666
4 0.5098383477393617 0.36101645611702127 0.044153091755319174 0.15687333776595747
0 0.3723283290863037 0.3486858834277142 0.04695520401000974 0.15754756927490232
34 0.5209263392857143 0.5708276098901099 0.031121222527472625 0.07512019230769229
